dates;predicted
08.06.2023.;0.042395175
09.06.2023.;0.03204016
10.06.2023.;0.022651222
11.06.2023.;0.031434644
12.06.2023.;0.018972524
13.06.2023.;0.028634254
14.06.2023.;0.0178543
15.06.2023.;0.043070775
16.06.2023.;0.016294347
17.06.2023.;0.011783851
18.06.2023.;0.026167793
19.06.2023.;0.0070327236
20.06.2023.;0.0046654027
21.06.2023.;0.010659609
22.06.2023.;0.014689565
23.06.2023.;0.011738052
24.06.2023.;0.0023455182
25.06.2023.;0.0140634645
26.06.2023.;0.007997809
27.06.2023.;-0.0018011224
28.06.2023.;0.009497058
29.06.2023.;0.024072025
30.06.2023.;0.005987858
01.07.2023.;0.017557632
02.07.2023.;0.017637534
03.07.2023.;0.007964438
04.07.2023.;-0.018546974
05.07.2023.;0.009239398
06.07.2023.;0.022415556
07.07.2023.;0.0030938527
08.07.2023.;-3.6317273e-05
09.07.2023.;0.0149194375
10.07.2023.;0.028470434
11.07.2023.;0.019754339
12.07.2023.;0.028623272
13.07.2023.;0.029480621
14.07.2023.;0.04434266
15.07.2023.;0.04287246
16.07.2023.;0.04649661
17.07.2023.;0.04533315
18.07.2023.;0.05256837
19.07.2023.;0.056054406
20.07.2023.;0.056507543
21.07.2023.;0.050870385
22.07.2023.;0.05589639
23.07.2023.;0.05926727
24.07.2023.;0.052614167
25.07.2023.;0.051615797
26.07.2023.;0.052731033
27.07.2023.;0.07122934
28.07.2023.;0.06112761
29.07.2023.;0.06308925
30.07.2023.;0.048632365
31.07.2023.;0.04717826
01.08.2023.;0.040998492
02.08.2023.;0.065005854
03.08.2023.;0.06152633
04.08.2023.;0.04531836
05.08.2023.;0.046231344
06.08.2023.;0.043651544
07.08.2023.;0.050296493
08.08.2023.;0.054192677
09.08.2023.;0.058806784
10.08.2023.;0.06407358
11.08.2023.;0.079199694
12.08.2023.;0.07695551
13.08.2023.;0.08354946
14.08.2023.;0.07260233
15.08.2023.;0.07601449
16.08.2023.;0.07769035
17.08.2023.;0.0863564
18.08.2023.;0.08785095
19.08.2023.;0.09561977
20.08.2023.;0.08966824
21.08.2023.;0.09622895
22.08.2023.;0.087579206
23.08.2023.;0.08818488
24.08.2023.;0.0954872
25.08.2023.;0.09872807
26.08.2023.;0.098579496
27.08.2023.;0.10134693
28.08.2023.;0.10405035
29.08.2023.;0.10404858
30.08.2023.;0.11154205
31.08.2023.;0.10431486
01.09.2023.;0.11373329
02.09.2023.;0.10917758
03.09.2023.;0.103076726
04.09.2023.;0.11640262
05.09.2023.;0.11383245
06.09.2023.;0.11143329
07.09.2023.;0.11277856
08.09.2023.;0.11483353
09.09.2023.;0.10896035
10.09.2023.;0.11618744
11.09.2023.;0.11328195
12.09.2023.;0.11316587
13.09.2023.;0.111706436
14.09.2023.;0.11966055
15.09.2023.;0.121637315
16.09.2023.;0.123774566
17.09.2023.;0.12123205
18.09.2023.;0.12958725
19.09.2023.;0.12435037
20.09.2023.;0.12969331
21.09.2023.;0.12857479
22.09.2023.;0.13221598
23.09.2023.;0.12459548
24.09.2023.;0.11961155
25.09.2023.;0.11869572
26.09.2023.;0.113234356
27.09.2023.;0.10474398
28.09.2023.;0.11350686
29.09.2023.;0.10434428
30.09.2023.;0.107597105
01.10.2023.;0.10813303
02.10.2023.;0.10789855
03.10.2023.;0.1060293
04.10.2023.;0.09805496
05.10.2023.;0.10055743
06.10.2023.;0.11214356
07.10.2023.;0.11043676
08.10.2023.;0.11333797
09.10.2023.;0.12264431
10.10.2023.;0.124852635
11.10.2023.;0.122398265
12.10.2023.;0.12546626
13.10.2023.;0.13367386
14.10.2023.;0.13569385
15.10.2023.;0.13936144
16.10.2023.;0.13627066
17.10.2023.;0.13389176
18.10.2023.;0.13096154
19.10.2023.;0.122889176
20.10.2023.;0.1275278
21.10.2023.;0.1233191
22.10.2023.;0.11447458
23.10.2023.;0.105150506
24.10.2023.;0.10853036
25.10.2023.;0.10965447
26.10.2023.;0.10850989
27.10.2023.;0.102579616
28.10.2023.;0.10882095
29.10.2023.;0.10347278
30.10.2023.;0.10804493
31.10.2023.;0.11482799
01.11.2023.;0.11094081
02.11.2023.;0.11843102
03.11.2023.;0.11640667
04.11.2023.;0.12607014
05.11.2023.;0.12860255
06.11.2023.;0.12578872
07.11.2023.;0.13074969
08.11.2023.;0.13285945
09.11.2023.;0.14100273
10.11.2023.;0.13470009
11.11.2023.;0.13689324
12.11.2023.;0.13051246
13.11.2023.;0.13849829
14.11.2023.;0.13638535
15.11.2023.;0.13817866
16.11.2023.;0.13259359
17.11.2023.;0.12661085
18.11.2023.;0.1282118
19.11.2023.;0.12184014
20.11.2023.;0.12571143
21.11.2023.;0.12716824
22.11.2023.;0.12411599
23.11.2023.;0.1269575
24.11.2023.;0.12832202
25.11.2023.;0.1254145
26.11.2023.;0.12596306
27.11.2023.;0.121838
28.11.2023.;0.12027135
29.11.2023.;0.11434672
30.11.2023.;0.11011829
01.12.2023.;0.104621805
02.12.2023.;0.10351264
03.12.2023.;0.09725404
04.12.2023.;0.09108055
05.12.2023.;0.092290886
06.12.2023.;0.08893877
07.12.2023.;0.07773256
08.12.2023.;0.06228464
09.12.2023.;0.05772055
10.12.2023.;0.0568674
11.12.2023.;0.05520935
12.12.2023.;0.066221416
13.12.2023.;0.05365224
14.12.2023.;0.06725349
15.12.2023.;0.06387244
16.12.2023.;0.068055786
17.12.2023.;0.07541411
18.12.2023.;0.09716886
19.12.2023.;0.100052565
20.12.2023.;0.100317284
21.12.2023.;0.108321734
22.12.2023.;0.108447045
23.12.2023.;0.11661657
24.12.2023.;0.115539744
25.12.2023.;0.117606625
26.12.2023.;0.11472115
27.12.2023.;0.10963263
28.12.2023.;0.1124675
29.12.2023.;0.111863375
30.12.2023.;0.11443712
31.12.2023.;0.107411206
01.01.2024.;0.116051696
02.01.2024.;0.11270054
03.01.2024.;0.10349737
04.01.2024.;0.102854826
05.01.2024.;0.09241305
06.01.2024.;0.07570401
07.01.2024.;0.063732624
08.01.2024.;0.051206782
09.01.2024.;0.05070661
10.01.2024.;0.02078751
11.01.2024.;0.0058897175
12.01.2024.;0.019083098
13.01.2024.;0.013078904
14.01.2024.;0.008437736
15.01.2024.;-0.010569258
16.01.2024.;-0.0002525323
17.01.2024.;-0.013693741
18.01.2024.;-0.009995885
19.01.2024.;-0.014842397
20.01.2024.;-0.02211833
21.01.2024.;-0.006009995
22.01.2024.;-0.0077543464
23.01.2024.;-0.0031704362
24.01.2024.;-0.00031752465
25.01.2024.;0.0015525895
26.01.2024.;-0.0032752226
27.01.2024.;0.005439736
28.01.2024.;-0.0025707409
29.01.2024.;0.008229315
30.01.2024.;0.0026093656
31.01.2024.;-0.011166939
01.02.2024.;0.005388125
02.02.2024.;-0.010943441
03.02.2024.;-0.027531223
04.02.2024.;-0.016380157
05.02.2024.;-0.021973677
06.02.2024.;-0.032211084
07.02.2024.;-0.033740655
08.02.2024.;-0.049062937
09.02.2024.;-0.062868044
10.02.2024.;-0.07529079
11.02.2024.;-0.05900549
12.02.2024.;-0.06292532
13.02.2024.;-0.06816407
14.02.2024.;-0.08020422
15.02.2024.;-0.08307498
16.02.2024.;-0.08451346
17.02.2024.;-0.091802284
18.02.2024.;-0.082248025
19.02.2024.;-0.097515374
20.02.2024.;-0.084822156
21.02.2024.;-0.09107831
22.02.2024.;-0.09049227
23.02.2024.;-0.09815989
24.02.2024.;-0.09442834
25.02.2024.;-0.08830456
26.02.2024.;-0.084342495
27.02.2024.;-0.07702566
28.02.2024.;-0.07899438
29.02.2024.;-0.073917225
01.03.2024.;-0.07297215
02.03.2024.;-0.08692481
03.03.2024.;-0.072930485
04.03.2024.;-0.07581996
05.03.2024.;-0.09045934
06.03.2024.;-0.0872193
07.03.2024.;-0.09436895
08.03.2024.;-0.09323929
09.03.2024.;-0.10196219
10.03.2024.;-0.102332994
11.03.2024.;-0.10602089
12.03.2024.;-0.11587274
13.03.2024.;-0.11894968
14.03.2024.;-0.1220821
15.03.2024.;-0.119232655
16.03.2024.;-0.12244759
17.03.2024.;-0.11834457
18.03.2024.;-0.12480148
19.03.2024.;-0.12348046
20.03.2024.;-0.122168496
21.03.2024.;-0.11500796
22.03.2024.;-0.113653
23.03.2024.;-0.10562676
24.03.2024.;-0.104724474
25.03.2024.;-0.0967373
26.03.2024.;-0.08093372
27.03.2024.;-0.070333906
28.03.2024.;-0.07928084
29.03.2024.;-0.061633784
30.03.2024.;-0.055176757
31.03.2024.;-0.054924123
01.04.2024.;-0.045084592
02.04.2024.;-0.043670762
03.04.2024.;-0.054726094
04.04.2024.;-0.046101883
05.04.2024.;-0.033530705
06.04.2024.;-0.028795566
07.04.2024.;-0.041662432
08.04.2024.;-0.03367218
09.04.2024.;-0.033695083
10.04.2024.;-0.027926397
11.04.2024.;-0.027190294
12.04.2024.;-0.0231052
13.04.2024.;-0.031737708
14.04.2024.;-0.03619196
15.04.2024.;-0.04428477
16.04.2024.;-0.040206343
17.04.2024.;-0.042849064
18.04.2024.;-0.06121076
19.04.2024.;-0.034109704
20.04.2024.;-0.037031665
21.04.2024.;-0.042171776
22.04.2024.;-0.042126767
23.04.2024.;-0.043489154
24.04.2024.;-0.042034067
25.04.2024.;-0.04482699
26.04.2024.;-0.030762654
27.04.2024.;-0.03907267
28.04.2024.;-0.025435936
29.04.2024.;-0.017599972
30.04.2024.;-0.027599435
01.05.2024.;-0.018500026
02.05.2024.;-0.009366705
03.05.2024.;-0.0011420511
04.05.2024.;-0.006505625
05.05.2024.;-0.003997488
06.05.2024.;-0.0059001446
07.05.2024.;-0.02031388
08.05.2024.;0.0043594
09.05.2024.;-0.013287542
10.05.2024.;-0.008452624
11.05.2024.;-0.0020184494
12.05.2024.;-0.01213325
13.05.2024.;-0.006441804
14.05.2024.;-0.007807038
15.05.2024.;-0.0047054295
16.05.2024.;0.0022687223
17.05.2024.;-0.003136535
18.05.2024.;-0.016150327
19.05.2024.;-0.010765924
20.05.2024.;-0.0011618771
21.05.2024.;-0.0042391857
22.05.2024.;-0.00094352756
23.05.2024.;-0.0133371875
24.05.2024.;-0.0071436986
25.05.2024.;-0.00765533
26.05.2024.;-0.004142833
27.05.2024.;-0.017103884
28.05.2024.;-0.01985304
29.05.2024.;-0.015048087
30.05.2024.;-0.027088782
31.05.2024.;-0.012406658
01.06.2024.;-0.028769843
02.06.2024.;-0.02037317
03.06.2024.;-0.013764757
04.06.2024.;-0.018913832
05.06.2024.;-0.0039589973
06.06.2024.;-0.016344063
07.06.2024.;-0.008388212
08.06.2024.;-0.014445615
09.06.2024.;0.00510271
10.06.2024.;-0.007349177
11.06.2024.;0.002096002
12.06.2024.;-0.008573636
13.06.2024.;0.017527487
14.06.2024.;0.003859018
15.06.2024.;0.013573755
16.06.2024.;0.04308058
17.06.2024.;0.022114059
18.06.2024.;0.02655298
19.06.2024.;0.03182426
20.06.2024.;0.042093016
21.06.2024.;0.034006055
22.06.2024.;0.03459899
23.06.2024.;0.0412613
24.06.2024.;0.048441097
25.06.2024.;0.063388854
26.06.2024.;0.03355664
27.06.2024.;0.037098266
28.06.2024.;0.045490332
29.06.2024.;0.03310431
30.06.2024.;0.027506042
01.07.2024.;0.044072792
02.07.2024.;0.020803113
03.07.2024.;0.02125261
04.07.2024.;0.04211445
05.07.2024.;0.012763947
06.07.2024.;0.025156414
07.07.2024.;0.01749228
08.07.2024.;0.014184727
09.07.2024.;0.020526215
10.07.2024.;0.029911995
11.07.2024.;0.013333784
12.07.2024.;0.03129114
13.07.2024.;0.020885468
14.07.2024.;0.01172239
15.07.2024.;0.03593812
16.07.2024.;0.045306846
17.07.2024.;0.02072021
18.07.2024.;0.021310702
19.07.2024.;0.036840722
20.07.2024.;0.027026743
21.07.2024.;0.032645926
22.07.2024.;0.03468638
23.07.2024.;0.036789402
24.07.2024.;0.043453097
25.07.2024.;0.04137587
26.07.2024.;0.046963334
27.07.2024.;0.05487754
28.07.2024.;0.05306556
29.07.2024.;0.052089684
30.07.2024.;0.054822154
31.07.2024.;0.064603865
01.08.2024.;0.071895644
02.08.2024.;0.06162813
03.08.2024.;0.07640032
04.08.2024.;0.060281828
05.08.2024.;0.062164336
06.08.2024.;0.06362534
07.08.2024.;0.058281764
08.08.2024.;0.0701915
09.08.2024.;0.06592659
10.08.2024.;0.06287892
11.08.2024.;0.05875683
12.08.2024.;0.07489177
13.08.2024.;0.074546926
14.08.2024.;0.07856056
15.08.2024.;0.08065055
16.08.2024.;0.08597443
17.08.2024.;0.09529796
18.08.2024.;0.09183141
19.08.2024.;0.09421532
20.08.2024.;0.09495526
21.08.2024.;0.09771271
22.08.2024.;0.105555326
23.08.2024.;0.109531544
24.08.2024.;0.101844616
25.08.2024.;0.09996973
26.08.2024.;0.11017771
27.08.2024.;0.106634825
28.08.2024.;0.11184883
29.08.2024.;0.10447982
30.08.2024.;0.109861255
31.08.2024.;0.10522129
01.09.2024.;0.11028728
02.09.2024.;0.10863221
03.09.2024.;0.10467405
04.09.2024.;0.11367052
05.09.2024.;0.09933657
06.09.2024.;0.09855526
07.09.2024.;0.093508966
08.09.2024.;0.08774792
09.09.2024.;0.087942705
10.09.2024.;0.071595296
11.09.2024.;0.06959183
12.09.2024.;0.0727874
13.09.2024.;0.05933113
14.09.2024.;0.059465088
15.09.2024.;0.06628527
16.09.2024.;0.06021699
17.09.2024.;0.06069515
18.09.2024.;0.06513104
19.09.2024.;0.06720557
20.09.2024.;0.09100543
21.09.2024.;0.0920442
22.09.2024.;0.106214434
23.09.2024.;0.113948
24.09.2024.;0.11779335
25.09.2024.;0.12651291
26.09.2024.;0.13379177
27.09.2024.;0.13790163
28.09.2024.;0.1402713
29.09.2024.;0.13284986
30.09.2024.;0.14284036
01.10.2024.;0.14267722
02.10.2024.;0.13948785
03.10.2024.;0.13147049
04.10.2024.;0.13247453
05.10.2024.;0.12678146
06.10.2024.;0.13167736
07.10.2024.;0.13231045
08.10.2024.;0.12567881
09.10.2024.;0.13116467
10.10.2024.;0.13174652
11.10.2024.;0.13253298
12.10.2024.;0.13413827
13.10.2024.;0.14113374
14.10.2024.;0.15144376
15.10.2024.;0.15109248
16.10.2024.;0.12600836
17.10.2024.;0.16582087
18.10.2024.;0.16950767
19.10.2024.;0.173579
20.10.2024.;0.16649823
21.10.2024.;0.14715454
22.10.2024.;0.18047433
23.10.2024.;0.18497927
24.10.2024.;0.16438763
25.10.2024.;0.18577005
26.10.2024.;0.20154062
27.10.2024.;0.19567871
28.10.2024.;0.17426372
29.10.2024.;0.17763194
30.10.2024.;0.17601892
31.10.2024.;0.15508401
01.11.2024.;0.16601905
02.11.2024.;0.16324829
03.11.2024.;0.15201195
04.11.2024.;0.14431128
05.11.2024.;0.13949408
06.11.2024.;0.13409583
07.11.2024.;0.12824349
08.11.2024.;0.12945262
09.11.2024.;0.12898389
10.11.2024.;0.12168724
11.11.2024.;0.11987182
12.11.2024.;0.11821477
13.11.2024.;0.1027131
14.11.2024.;0.0906509
15.11.2024.;0.09215407
16.11.2024.;0.0822402
17.11.2024.;0.076951094
18.11.2024.;0.08693898
19.11.2024.;0.07167637
20.11.2024.;0.07409875
21.11.2024.;0.07602312
22.11.2024.;0.081783704
23.11.2024.;0.08575891
24.11.2024.;0.09135168
25.11.2024.;0.10307424
26.11.2024.;0.09587358
27.11.2024.;0.094612576
28.11.2024.;0.10223449
29.11.2024.;0.09948629
30.11.2024.;0.09344935
01.12.2024.;0.08945122
02.12.2024.;0.08007619
03.12.2024.;0.059237026
04.12.2024.;0.05660584
05.12.2024.;0.055012252
06.12.2024.;0.045625776
07.12.2024.;0.047545888
08.12.2024.;0.038979538
09.12.2024.;0.053986438
10.12.2024.;0.039199427
11.12.2024.;0.039660364
12.12.2024.;0.042634636
13.12.2024.;0.039248116
14.12.2024.;0.033664063
15.12.2024.;0.03711232
16.12.2024.;0.05204977
17.12.2024.;0.046300143
18.12.2024.;0.04993005
19.12.2024.;0.04457124
20.12.2024.;0.04496693
21.12.2024.;0.06006228
22.12.2024.;0.058966156
23.12.2024.;0.06357444
24.12.2024.;0.08382963
25.12.2024.;0.07983874
26.12.2024.;0.06294334
27.12.2024.;0.065565735
28.12.2024.;0.06385725
29.12.2024.;0.05636038
30.12.2024.;0.05705338
31.12.2024.;0.053302683
01.01.2025.;0.04026369
02.01.2025.;0.046934742
03.01.2025.;0.026643857
04.01.2025.;0.027799433
05.01.2025.;0.023278285
06.01.2025.;0.009995196
07.01.2025.;0.019466752
08.01.2025.;0.016498173
09.01.2025.;0.0030089663
10.01.2025.;0.0031720703
11.01.2025.;-0.002711008
12.01.2025.;0.024299035
13.01.2025.;-0.00482543
14.01.2025.;0.012873337
15.01.2025.;0.0010907506
16.01.2025.;0.026818246
17.01.2025.;-0.00036898255
18.01.2025.;0.01638357
19.01.2025.;0.009703262
20.01.2025.;0.021550685
21.01.2025.;0.015073298
22.01.2025.;0.014337487
23.01.2025.;0.04581894
24.01.2025.;0.017565142
25.01.2025.;0.0114211505
26.01.2025.;0.025113216
27.01.2025.;0.014963862
28.01.2025.;0.014693545
29.01.2025.;0.0068460684
30.01.2025.;-0.0095681
31.01.2025.;0.00317732
01.02.2025.;-0.00015508337
02.02.2025.;0.0005656299
03.02.2025.;-0.004180743
04.02.2025.;-0.007766465
05.02.2025.;0.0024561246
06.02.2025.;0.0038649375
07.02.2025.;-0.010799381
08.02.2025.;0.014235467
09.02.2025.;-0.0068293577
10.02.2025.;-0.010499189
11.02.2025.;-0.0027321398
12.02.2025.;-0.015231888
13.02.2025.;-0.020997861
14.02.2025.;0.021836406
15.02.2025.;0.0052168514
16.02.2025.;0.0070651365
17.02.2025.;-0.0034595365
18.02.2025.;0.033915717
19.02.2025.;0.021250762
20.02.2025.;0.019067992
21.02.2025.;0.030472014
22.02.2025.;0.040176056
23.02.2025.;0.032459766
24.02.2025.;0.048476085
25.02.2025.;0.046131436
26.02.2025.;0.040764503
27.02.2025.;0.04334054
28.02.2025.;0.036297902
01.03.2025.;0.045503207
02.03.2025.;0.025353912
03.03.2025.;0.013813444
04.03.2025.;0.034454726
05.03.2025.;0.009445831
06.03.2025.;-0.0021630733
07.03.2025.;0.014722073
08.03.2025.;-0.018980853
09.03.2025.;-0.008087219
10.03.2025.;-0.01621379
11.03.2025.;-0.02602408
12.03.2025.;-0.037143897
13.03.2025.;-0.04129111
14.03.2025.;-0.044154778
15.03.2025.;-0.046816047
16.03.2025.;-0.045057785
17.03.2025.;-0.054351892
18.03.2025.;-0.057448998
19.03.2025.;-0.059146926
20.03.2025.;-0.052660838
21.03.2025.;-0.06559088
22.03.2025.;-0.047031175
23.03.2025.;-0.061584912
24.03.2025.;-0.052609734
25.03.2025.;-0.03333117
26.03.2025.;-0.025101036
27.03.2025.;-0.050020788
28.03.2025.;-0.046432786
29.03.2025.;-0.02366091
30.03.2025.;-0.016559012
31.03.2025.;-0.017816072
01.04.2025.;-0.014779648
02.04.2025.;-0.01950107
03.04.2025.;-0.0028097103
04.04.2025.;-0.005099541
05.04.2025.;-0.013368706
06.04.2025.;-0.036501735
07.04.2025.;-0.01739376
08.04.2025.;-0.03513415
09.04.2025.;-0.024882067
10.04.2025.;-0.0250847
11.04.2025.;-0.05211892
12.04.2025.;-0.030873002
13.04.2025.;-0.037001602
14.04.2025.;-0.04243061
15.04.2025.;-0.038493894
16.04.2025.;-0.03744845
17.04.2025.;-0.044167176
18.04.2025.;-0.04141903
19.04.2025.;-0.031135086
20.04.2025.;-0.020907074
21.04.2025.;-0.02711799
22.04.2025.;-0.009128075
23.04.2025.;-0.026434794
24.04.2025.;-0.003468952
25.04.2025.;-0.005023893
26.04.2025.;0.029834894
27.04.2025.;0.015897756
28.04.2025.;0.015323393
29.04.2025.;0.026472896
30.04.2025.;0.03377417
01.05.2025.;0.05828359
02.05.2025.;0.066833116
03.05.2025.;0.06660562
04.05.2025.;0.059266485
05.05.2025.;0.06956948
06.05.2025.;0.05679789
07.05.2025.;0.06765127
08.05.2025.;0.049344577
09.05.2025.;0.03863371
10.05.2025.;0.039306413
11.05.2025.;0.028655428
12.05.2025.;0.0135174105
13.05.2025.;0.0052174474
14.05.2025.;-0.00040074997
15.05.2025.;0.005516406
16.05.2025.;-0.0024020735
17.05.2025.;0.012426514
18.05.2025.;-5.1625306e-05
19.05.2025.;-0.0008868058
20.05.2025.;-0.011096705
21.05.2025.;-0.015527132
22.05.2025.;-0.026753379
23.05.2025.;-0.024093978
24.05.2025.;-0.009319546
25.05.2025.;-0.010871711
26.05.2025.;-0.02848617
27.05.2025.;-0.018559447
28.05.2025.;-0.0010622081
29.05.2025.;-0.0038497786
30.05.2025.;0.012514314
31.05.2025.;0.005005223
01.06.2025.;0.0058736745
02.06.2025.;0.01128782
03.06.2025.;0.012661846
04.06.2025.;0.0017680572
05.06.2025.;0.015963865
06.06.2025.;0.008421202
07.06.2025.;0.01732195
08.06.2025.;0.027303018
09.06.2025.;0.0022248554
10.06.2025.;-0.00074644433
11.06.2025.;0.012548923
12.06.2025.;0.021523196
13.06.2025.;0.021850845
14.06.2025.;0.0004581469
15.06.2025.;0.033889547
16.06.2025.;0.030516937
17.06.2025.;0.017665476
18.06.2025.;0.016174572
19.06.2025.;0.014606437
20.06.2025.;0.0004631325
21.06.2025.;0.031997945
22.06.2025.;-0.0011274642
23.06.2025.;0.0037542277
24.06.2025.;0.019438125
25.06.2025.;0.013287941
26.06.2025.;0.0065328684
27.06.2025.;0.009384185
28.06.2025.;0.024986818
29.06.2025.;0.0046052495
30.06.2025.;0.008297823
01.07.2025.;0.016383886
02.07.2025.;0.01723153
03.07.2025.;0.015080237
04.07.2025.;0.03845226
05.07.2025.;0.01356652
06.07.2025.;0.0113416305
07.07.2025.;0.017671276
08.07.2025.;-0.0006406633
09.07.2025.;0.011253392
10.07.2025.;0.0073076487
11.07.2025.;-0.0020245456
12.07.2025.;0.003471461
13.07.2025.;0.00028655631
14.07.2025.;0.0061522806
15.07.2025.;0.027337506
16.07.2025.;0.0065666363
17.07.2025.;0.012477979
18.07.2025.;0.01782424
19.07.2025.;0.04130943
20.07.2025.;0.0404261
21.07.2025.;0.03366571
22.07.2025.;0.05194021
23.07.2025.;0.040859133
24.07.2025.;0.041885383
25.07.2025.;0.0463188
26.07.2025.;0.06638221
27.07.2025.;0.042090997
28.07.2025.;0.05443132
29.07.2025.;0.055982932
30.07.2025.;0.08038023
31.07.2025.;0.062197812
01.08.2025.;0.07492858
02.08.2025.;0.07305652
03.08.2025.;0.08083965
04.08.2025.;0.08113316
05.08.2025.;0.07863013
06.08.2025.;0.080842726
07.08.2025.;0.09354921
08.08.2025.;0.08403691
09.08.2025.;0.08231608
10.08.2025.;0.09214729
11.08.2025.;0.083731905
12.08.2025.;0.08405798
13.08.2025.;0.08421461
14.08.2025.;0.082309075
15.08.2025.;0.07894482
16.08.2025.;0.08126801
17.08.2025.;0.07963292
18.08.2025.;0.079919495
19.08.2025.;0.080251545
20.08.2025.;0.06813885
21.08.2025.;0.07131671
22.08.2025.;0.06515555
23.08.2025.;0.073667265
24.08.2025.;0.066768825
25.08.2025.;0.07134478
26.08.2025.;0.07946948
27.08.2025.;0.07701069
28.08.2025.;0.08924359
29.08.2025.;0.085279234
30.08.2025.;0.09033627
31.08.2025.;0.07742118
01.09.2025.;0.07650147
02.09.2025.;0.09210909
03.09.2025.;0.083914176
04.09.2025.;0.08049744
05.09.2025.;0.09499412
06.09.2025.;0.092718676
07.09.2025.;0.096264675
08.09.2025.;0.094744675
09.09.2025.;0.10438667
10.09.2025.;0.098642305
11.09.2025.;0.11095389
12.09.2025.;0.115811735
13.09.2025.;0.12491065
14.09.2025.;0.12531126
15.09.2025.;0.12716484
16.09.2025.;0.13473251
17.09.2025.;0.12753485
18.09.2025.;0.13468221
19.09.2025.;0.13753897
20.09.2025.;0.13645804
21.09.2025.;0.13700855
22.09.2025.;0.13980295
23.09.2025.;0.13723338
24.09.2025.;0.13784894
25.09.2025.;0.14060327
26.09.2025.;0.14442538
27.09.2025.;0.14359803
28.09.2025.;0.13570903
29.09.2025.;0.13827503
30.09.2025.;0.13246782
01.10.2025.;0.12801242
02.10.2025.;0.12222201
03.10.2025.;0.12602592
04.10.2025.;0.11971824
05.10.2025.;0.119344264
06.10.2025.;0.118170485
07.10.2025.;0.118967
08.10.2025.;0.1267415
09.10.2025.;0.12659873
10.10.2025.;0.13685067
11.10.2025.;0.1376476
12.10.2025.;0.1375143
13.10.2025.;0.14649217
14.10.2025.;0.14331017
15.10.2025.;0.14815609
16.10.2025.;0.15091622
17.10.2025.;0.14690946
18.10.2025.;0.14969209
19.10.2025.;0.14538896
20.10.2025.;0.15727386
21.10.2025.;0.17019023
22.10.2025.;0.16932355
23.10.2025.;0.15571938
24.10.2025.;0.17206366
25.10.2025.;0.16983168
26.10.2025.;0.16543989
27.10.2025.;0.16313966
28.10.2025.;0.1649644
29.10.2025.;0.15821633
30.10.2025.;0.15059537
31.10.2025.;0.14864618
01.11.2025.;0.14135566
02.11.2025.;0.1466413
03.11.2025.;0.14545628
04.11.2025.;0.14188331
05.11.2025.;0.14480579
06.11.2025.;0.14163047
07.11.2025.;0.14438476
08.11.2025.;0.14036661
09.11.2025.;0.13793586
10.11.2025.;0.14286372
11.11.2025.;0.14408424
12.11.2025.;0.13908803
13.11.2025.;0.14309245
14.11.2025.;0.13998872
15.11.2025.;0.1300984
16.11.2025.;0.122381836
17.11.2025.;0.1214799
18.11.2025.;0.10787277
19.11.2025.;0.103745274
20.11.2025.;0.09506351
21.11.2025.;0.09111214
22.11.2025.;0.079436734
23.11.2025.;0.07552055
24.11.2025.;0.06673793
25.11.2025.;0.061483722
26.11.2025.;0.056211762
27.11.2025.;0.059156038
28.11.2025.;0.050929688
29.11.2025.;0.06755385
30.11.2025.;0.051418312
01.12.2025.;0.04298641
02.12.2025.;0.034056365
03.12.2025.;0.037767615
04.12.2025.;0.05351452
05.12.2025.;0.027610188
06.12.2025.;0.03207709
07.12.2025.;0.023650113
08.12.2025.;0.025835041
09.12.2025.;0.0275028
10.12.2025.;0.021997262
11.12.2025.;0.009394204
12.12.2025.;0.02390952
13.12.2025.;0.025686715
14.12.2025.;0.028667126
15.12.2025.;0.01301945
16.12.2025.;0.019303504
17.12.2025.;0.026674915
18.12.2025.;0.025043378
19.12.2025.;0.04153098
20.12.2025.;0.03689832
21.12.2025.;0.049526706
22.12.2025.;0.060637128
23.12.2025.;0.07620797
24.12.2025.;0.06997318
25.12.2025.;0.058560885
26.12.2025.;0.07381425
27.12.2025.;0.06435973
28.12.2025.;0.05721684
29.12.2025.;0.05178517
30.12.2025.;0.047374398
31.12.2025.;0.028667122
01.01.2026.;0.012859143
02.01.2026.;0.0043222182
03.01.2026.;-0.0017055674
04.01.2026.;-0.0050475523
05.01.2026.;-0.011480162
06.01.2026.;-0.009681284
07.01.2026.;-0.020354077
08.01.2026.;-0.02794677
09.01.2026.;-0.050521288
10.01.2026.;-0.03363032
11.01.2026.;-0.04289472
12.01.2026.;-0.032721132
13.01.2026.;-0.028300155
14.01.2026.;-0.03478154
15.01.2026.;-0.020088635
16.01.2026.;-0.013186975
17.01.2026.;-0.025633696
18.01.2026.;-0.016520454
19.01.2026.;-0.0014227764
20.01.2026.;0.008856753
21.01.2026.;-5.274685e-05
22.01.2026.;0.016648818
23.01.2026.;0.01779539
24.01.2026.;0.015816504
25.01.2026.;0.026363295
26.01.2026.;0.017690225
27.01.2026.;0.040822014
28.01.2026.;0.010276002
29.01.2026.;0.0014987199
30.01.2026.;-0.014980327
31.01.2026.;-0.01501944
01.02.2026.;-0.0023110681
02.02.2026.;-0.025005423
03.02.2026.;-0.042171992
04.02.2026.;-0.02854598
05.02.2026.;-0.045804836
06.02.2026.;-0.05622162
07.02.2026.;-0.055736065
08.02.2026.;-0.058152728
09.02.2026.;-0.073226556
10.02.2026.;-0.08166584
11.02.2026.;-0.07272933
12.02.2026.;-0.08325797
13.02.2026.;-0.084983245
14.02.2026.;-0.08497102
15.02.2026.;-0.077505946
16.02.2026.;-0.06932261
17.02.2026.;-0.074110776
18.02.2026.;-0.07629064
19.02.2026.;-0.060406625
20.02.2026.;-0.05312445
21.02.2026.;-0.052740637
22.02.2026.;-0.04668797
23.02.2026.;-0.040781077
24.02.2026.;-0.03987659
25.02.2026.;-0.028496124
26.02.2026.;-0.025566475
27.02.2026.;-0.020457454
28.02.2026.;-0.024886683
01.03.2026.;-0.019536123
02.03.2026.;-0.017076006
03.03.2026.;-0.00077023264
04.03.2026.;-0.033816803
05.03.2026.;-0.011979891
06.03.2026.;-0.0029789994
07.03.2026.;0.0074985996
08.03.2026.;-0.025601178
09.03.2026.;0.005478155
10.03.2026.;0.016348261
11.03.2026.;-0.015090773
12.03.2026.;-0.008526132
13.03.2026.;-0.0030282945
14.03.2026.;-0.013470221
15.03.2026.;-0.003181878
16.03.2026.;-0.021985332
17.03.2026.;-0.0107975835
18.03.2026.;-0.008427575
19.03.2026.;-0.03785172
20.03.2026.;-0.02421249
21.03.2026.;-0.009998944
22.03.2026.;-0.019395394
23.03.2026.;-0.028529236
24.03.2026.;-0.00966239
25.03.2026.;-0.010250437
26.03.2026.;-0.018661937
27.03.2026.;-0.033826802
28.03.2026.;-0.027126608
29.03.2026.;-0.01832962
30.03.2026.;-0.007712879
31.03.2026.;-0.0060786055
01.04.2026.;-0.029916484
02.04.2026.;-0.028501093
03.04.2026.;-0.008758291
04.04.2026.;-0.023899078
05.04.2026.;-0.024676863
06.04.2026.;-0.005099549
07.04.2026.;0.0039049196
08.04.2026.;-0.0050255363
09.04.2026.;-0.011042191
10.04.2026.;-0.005970759
11.04.2026.;-0.0034616946
12.04.2026.;-0.0060860533
13.04.2026.;-0.004505902
14.04.2026.;0.0027088206
15.04.2026.;0.007334022
16.04.2026.;-0.019047344
17.04.2026.;0.014659908
18.04.2026.;-0.018901156
19.04.2026.;-0.020743314
20.04.2026.;-0.008387831
21.04.2026.;-0.006927641
22.04.2026.;0.0007020063
23.04.2026.;-0.008002449
24.04.2026.;-0.013023197
25.04.2026.;-0.016862486
26.04.2026.;-0.01834145
27.04.2026.;-0.013696967
28.04.2026.;-0.01906116
29.04.2026.;-0.03928321
30.04.2026.;-0.020164987
01.05.2026.;-0.0050843977
02.05.2026.;-0.015889576
03.05.2026.;-0.024801802
04.05.2026.;-0.018466288
05.05.2026.;-0.0101131825
06.05.2026.;-0.0048175077
07.05.2026.;-0.013245428
08.05.2026.;0.009227298
09.05.2026.;0.016339906
10.05.2026.;0.011195346
11.05.2026.;-0.00066549634
12.05.2026.;-0.010416496
13.05.2026.;0.006985982
14.05.2026.;-0.01590045
15.05.2026.;-0.0021264805
16.05.2026.;0.00013558706
17.05.2026.;-0.0027555833
18.05.2026.;-0.015256738
19.05.2026.;-0.018471519
20.05.2026.;-0.023750078
21.05.2026.;-0.038154677
22.05.2026.;-0.05700627
23.05.2026.;-0.031229366
24.05.2026.;-0.0544414
25.05.2026.;-0.035312034
26.05.2026.;-0.03243838
27.05.2026.;-0.02781573
28.05.2026.;-0.055274565
29.05.2026.;-0.024107981
30.05.2026.;-0.015237929
31.05.2026.;-0.010643359
01.06.2026.;-0.008347398
02.06.2026.;-0.01784313
03.06.2026.;-0.011301268
04.06.2026.;-0.002195263
05.06.2026.;0.0003453386
06.06.2026.;-0.0013444128
07.06.2026.;0.00046969927
08.06.2026.;0.0034776656
09.06.2026.;0.027512856
10.06.2026.;0.008159038
11.06.2026.;-0.006625229
12.06.2026.;-0.008653406
13.06.2026.;-0.008040847
14.06.2026.;0.02272028
15.06.2026.;0.02820585
16.06.2026.;0.02032989
17.06.2026.;0.03392085
18.06.2026.;0.04035401
19.06.2026.;0.036344834
20.06.2026.;0.022859216
21.06.2026.;0.017990928
22.06.2026.;0.040311106
23.06.2026.;0.034004055
24.06.2026.;0.033687353
25.06.2026.;0.040171158
26.06.2026.;0.042304788
27.06.2026.;0.037040398
28.06.2026.;0.045132592
29.06.2026.;0.040953428
30.06.2026.;0.03833167
01.07.2026.;0.041298673
02.07.2026.;0.03519077
03.07.2026.;0.03654962
04.07.2026.;0.025897875
05.07.2026.;0.022572074
06.07.2026.;0.04285209
07.07.2026.;0.040331483
08.07.2026.;0.024557503
09.07.2026.;0.007160213
10.07.2026.;0.0028877398
11.07.2026.;0.0026391863
12.07.2026.;0.0010360586
13.07.2026.;0.015770376
14.07.2026.;-0.0013029912
15.07.2026.;0.008885864
16.07.2026.;0.011077395
17.07.2026.;0.015879435
18.07.2026.;0.023729455
19.07.2026.;0.02215781
20.07.2026.;0.027900128
21.07.2026.;0.046585344
22.07.2026.;0.03457638
23.07.2026.;0.039666295
24.07.2026.;0.041073337
25.07.2026.;0.05698372
26.07.2026.;0.043126486
27.07.2026.;0.060163178
28.07.2026.;0.05847705
29.07.2026.;0.061792705
30.07.2026.;0.06216006
31.07.2026.;0.0630242
01.08.2026.;0.06602009
02.08.2026.;0.05926124
03.08.2026.;0.055016965
04.08.2026.;0.054490082
05.08.2026.;0.043009836
06.08.2026.;0.048598513
07.08.2026.;0.065531224
08.08.2026.;0.042394035
09.08.2026.;0.04230006
10.08.2026.;0.048101243
11.08.2026.;0.05408292
12.08.2026.;0.05104199
13.08.2026.;0.061879333
14.08.2026.;0.054130487
15.08.2026.;0.070920534
16.08.2026.;0.063310996
17.08.2026.;0.07409564
18.08.2026.;0.06251643
19.08.2026.;0.074603856
20.08.2026.;0.06584156
21.08.2026.;0.058713622
22.08.2026.;0.053360425
23.08.2026.;0.049857706
24.08.2026.;0.039545357
25.08.2026.;0.024744548
26.08.2026.;0.03353504
27.08.2026.;0.028467275
28.08.2026.;0.02367588
29.08.2026.;0.020261124
30.08.2026.;0.03148153
31.08.2026.;0.03599024
01.09.2026.;0.043410562
02.09.2026.;0.04497978
03.09.2026.;0.045790687
04.09.2026.;0.053161915
05.09.2026.;0.06639069
06.09.2026.;0.07553641
07.09.2026.;0.07504375
08.09.2026.;0.095876895
09.09.2026.;0.09234789
10.09.2026.;0.100044705
11.09.2026.;0.09540958
12.09.2026.;0.09742607
13.09.2026.;0.09174843
14.09.2026.;0.09350656
15.09.2026.;0.092837885
16.09.2026.;0.07852733
17.09.2026.;0.08116636
18.09.2026.;0.07526289
19.09.2026.;0.089031845
20.09.2026.;0.08180627
21.09.2026.;0.07572247
22.09.2026.;0.07770854
23.09.2026.;0.09473804
24.09.2026.;0.083436236
25.09.2026.;0.09845933
26.09.2026.;0.102977216
27.09.2026.;0.10185008
28.09.2026.;0.09422967
29.09.2026.;0.08464411
30.09.2026.;0.08959523
01.10.2026.;0.085106
02.10.2026.;0.09468643
03.10.2026.;0.07892308
04.10.2026.;0.07105078
05.10.2026.;0.06873691
06.10.2026.;0.06883007
07.10.2026.;0.073060155
08.10.2026.;0.08188096
09.10.2026.;0.076788485
10.10.2026.;0.08881962
11.10.2026.;0.09606766
12.10.2026.;0.0959255
13.10.2026.;0.10701335
14.10.2026.;0.118839346
15.10.2026.;0.12456821
16.10.2026.;0.124060124
17.10.2026.;0.12674353
18.10.2026.;0.12646845
19.10.2026.;0.13137482
20.10.2026.;0.13315898
21.10.2026.;0.12987076
22.10.2026.;0.12971953
23.10.2026.;0.12514253
24.10.2026.;0.12515037
25.10.2026.;0.12549908
26.10.2026.;0.12684658
27.10.2026.;0.12883894
28.10.2026.;0.124402985
29.10.2026.;0.12769358
30.10.2026.;0.12135535
31.10.2026.;0.11655428
01.11.2026.;0.11882894
02.11.2026.;0.114799
03.11.2026.;0.11708282
04.11.2026.;0.11176877
05.11.2026.;0.11726607
06.11.2026.;0.11547008
07.11.2026.;0.11187412
08.11.2026.;0.1072283
09.11.2026.;0.10661546
10.11.2026.;0.10623595
11.11.2026.;0.09900327
12.11.2026.;0.094125174
13.11.2026.;0.10964325
14.11.2026.;0.104817756
15.11.2026.;0.10617084
16.11.2026.;0.11925033
17.11.2026.;0.118536055
18.11.2026.;0.12751165
19.11.2026.;0.12788568
20.11.2026.;0.13408865
21.11.2026.;0.1373318
22.11.2026.;0.14030603
23.11.2026.;0.13966405
24.11.2026.;0.13388827
25.11.2026.;0.1368065
26.11.2026.;0.14500129
27.11.2026.;0.1390856
28.11.2026.;0.14855964
29.11.2026.;0.14311919
30.11.2026.;0.14485976
01.12.2026.;0.13415408
02.12.2026.;0.14770035
03.12.2026.;0.14094968
04.12.2026.;0.13320205
05.12.2026.;0.12444767
06.12.2026.;0.12362362
07.12.2026.;0.12071589
08.12.2026.;0.115671754
09.12.2026.;0.11082792
10.12.2026.;0.0928694
11.12.2026.;0.08868717
12.12.2026.;0.08030881
13.12.2026.;0.06919446
14.12.2026.;0.07246983
15.12.2026.;0.067180306
16.12.2026.;0.069241725
17.12.2026.;0.0703459
18.12.2026.;0.06402286
19.12.2026.;0.06073083
20.12.2026.;0.06979349
21.12.2026.;0.061790973
22.12.2026.;0.06727875
23.12.2026.;0.080938
24.12.2026.;0.074287206
25.12.2026.;0.07513543
26.12.2026.;0.06382714
27.12.2026.;0.07483007
28.12.2026.;0.05821144
29.12.2026.;0.05430761
30.12.2026.;0.055248316
31.12.2026.;0.03621965
01.01.2027.;0.026834166
02.01.2027.;0.015500675
03.01.2027.;0.02561145
04.01.2027.;0.011069989
05.01.2027.;-0.0030536216
06.01.2027.;0.020905113
07.01.2027.;-0.007034559
08.01.2027.;-0.010996761
09.01.2027.;-0.031531658
10.01.2027.;-0.008796023
11.01.2027.;-0.0015457729
12.01.2027.;-0.029496737
13.01.2027.;-0.03978817
14.01.2027.;-0.029909536
15.01.2027.;-0.01291057
16.01.2027.;-0.017930053
17.01.2027.;-0.033451334
18.01.2027.;-0.0347646
19.01.2027.;-0.02771731
20.01.2027.;-0.024092376
21.01.2027.;-0.03310501
22.01.2027.;-0.034363247
23.01.2027.;-0.020931104
24.01.2027.;-0.03334715
25.01.2027.;-0.013555754
26.01.2027.;-0.026681967
27.01.2027.;-0.012516285
28.01.2027.;-0.022877056
29.01.2027.;-0.014795079
30.01.2027.;-0.0033942866
31.01.2027.;-0.021379841
01.02.2027.;0.011692859
02.02.2027.;-0.0052629528
03.02.2027.;0.010010798
04.02.2027.;0.02225368
05.02.2027.;0.018305037
06.02.2027.;0.0043328553
07.02.2027.;-0.0027991235
08.02.2027.;0.017513217
09.02.2027.;0.024877813
10.02.2027.;0.021867162
11.02.2027.;0.016249647
12.02.2027.;0.008288522
13.02.2027.;0.006057858
14.02.2027.;0.031958584
15.02.2027.;0.016853537
16.02.2027.;0.016060028
17.02.2027.;0.021716543
18.02.2027.;0.02477761
19.02.2027.;0.037740737
20.02.2027.;0.011710884
21.02.2027.;0.041330352
22.02.2027.;0.011432776
23.02.2027.;0.018111784
24.02.2027.;0.023249298
25.02.2027.;0.03401694
26.02.2027.;0.03111446
27.02.2027.;0.033935547
28.02.2027.;0.052603044
01.03.2027.;0.03497873
02.03.2027.;0.040334385
03.03.2027.;0.045008436
04.03.2027.;0.04669422
05.03.2027.;0.050041195
06.03.2027.;0.046981655
07.03.2027.;0.050382547
08.03.2027.;0.057570957
09.03.2027.;0.051251777
10.03.2027.;0.05594546
11.03.2027.;0.049853396
12.03.2027.;0.075081766
13.03.2027.;0.06498835
14.03.2027.;0.06905699
15.03.2027.;0.055953704
16.03.2027.;0.06299838
17.03.2027.;0.051901557
18.03.2027.;0.051488947
19.03.2027.;0.033830155
20.03.2027.;0.045968525
21.03.2027.;0.02880796
22.03.2027.;0.02163775
23.03.2027.;0.012284776
24.03.2027.;0.032935724
25.03.2027.;-0.0032322
26.03.2027.;0.002023102
27.03.2027.;-0.0123808505
28.03.2027.;-0.01788468
29.03.2027.;-0.01317787
30.03.2027.;-0.02208894
31.03.2027.;-0.014875265
01.04.2027.;0.0028188364
02.04.2027.;0.014682359
03.04.2027.;-0.004522505
04.04.2027.;0.015189717
05.04.2027.;0.008216885
06.04.2027.;0.02689372
07.04.2027.;0.0134753985
08.04.2027.;0.014041534
09.04.2027.;0.02427001
10.04.2027.;0.006012671
11.04.2027.;-0.008411923
12.04.2027.;0.016274367
13.04.2027.;0.015333386
14.04.2027.;0.015650185
15.04.2027.;-0.0112544
16.04.2027.;-0.0020649629
17.04.2027.;-0.01810845
18.04.2027.;-0.029964905
19.04.2027.;-0.029204626
20.04.2027.;-0.037714723
21.04.2027.;-0.04564692
22.04.2027.;-0.056617625
23.04.2027.;-0.062767744
24.04.2027.;-0.06577734
25.04.2027.;-0.06944267
26.04.2027.;-0.07057677
27.04.2027.;-0.084627576
28.04.2027.;-0.075949095
29.04.2027.;-0.056160394
30.04.2027.;-0.0663343
01.05.2027.;-0.047976874
02.05.2027.;-0.04103466
03.05.2027.;-0.035859242
04.05.2027.;-0.044478927
05.05.2027.;-0.023178227
06.05.2027.;-0.019607184
07.05.2027.;-0.014676365
08.05.2027.;-0.021083266
09.05.2027.;-0.022038572
10.05.2027.;-0.04612074
11.05.2027.;-0.02860459
12.05.2027.;-0.024341166
13.05.2027.;-0.029655423
14.05.2027.;-0.026536854
15.05.2027.;-0.028123517
16.05.2027.;-0.017228967
17.05.2027.;-0.02386932
18.05.2027.;-0.02980515
19.05.2027.;-0.010196414
20.05.2027.;-0.03544373
21.05.2027.;-0.004280471
22.05.2027.;-0.023745935
23.05.2027.;-0.0036563291
24.05.2027.;-0.024755977
25.05.2027.;0.0036778422
26.05.2027.;0.00503181
27.05.2027.;-0.004564589
28.05.2027.;0.0001522185
29.05.2027.;0.019719915
30.05.2027.;0.013253434
31.05.2027.;0.0044767805
01.06.2027.;-0.0032056794
02.06.2027.;-0.015101276
03.06.2027.;0.016456017
04.06.2027.;-0.004488516
05.06.2027.;-0.009815476
06.06.2027.;0.020523606
07.06.2027.;0.0035371522
08.06.2027.;-0.014846712
09.06.2027.;0.018128648
10.06.2027.;0.0008869185
11.06.2027.;-0.012744567
12.06.2027.;-0.006246943
13.06.2027.;0.025122913
14.06.2027.;0.018455267
15.06.2027.;0.00999858
16.06.2027.;0.00864194
17.06.2027.;0.003182651
18.06.2027.;0.021099064
19.06.2027.;0.019450352
20.06.2027.;0.049050603
21.06.2027.;0.04224368
22.06.2027.;0.059759907
23.06.2027.;0.041422468
24.06.2027.;0.049190894
25.06.2027.;0.04817833
26.06.2027.;0.04352823
27.06.2027.;0.04369138
28.06.2027.;0.04474295
29.06.2027.;0.045920234
30.06.2027.;0.053282447
01.07.2027.;0.058174074
02.07.2027.;0.06025845
03.07.2027.;0.056435663
04.07.2027.;0.066338986
05.07.2027.;0.06648286
06.07.2027.;0.06794854
07.07.2027.;0.06464103
08.07.2027.;0.05506053
09.07.2027.;0.049298428
10.07.2027.;0.05010716
11.07.2027.;0.046097435
12.07.2027.;0.036055505
13.07.2027.;0.030790402
14.07.2027.;0.029534074
15.07.2027.;0.03326498
16.07.2027.;0.03844492
17.07.2027.;0.03838813
18.07.2027.;0.03434503
19.07.2027.;0.041344725
20.07.2027.;0.05510918
21.07.2027.;0.04432434
22.07.2027.;0.05910697
23.07.2027.;0.04667741
24.07.2027.;0.056677535
25.07.2027.;0.0687926
26.07.2027.;0.07322687
27.07.2027.;0.08304834
28.07.2027.;0.08032942
29.07.2027.;0.085259356
30.07.2027.;0.10042034
31.07.2027.;0.094841905
01.08.2027.;0.108906135
02.08.2027.;0.11317373
03.08.2027.;0.12086147
04.08.2027.;0.12063252
05.08.2027.;0.12337883
06.08.2027.;0.114554174
07.08.2027.;0.124485254
08.08.2027.;0.11958489
09.08.2027.;0.11709578
10.08.2027.;0.11201982
11.08.2027.;0.10755142
12.08.2027.;0.11480732
13.08.2027.;0.104505375
14.08.2027.;0.10025759
15.08.2027.;0.10779202
16.08.2027.;0.10103636
17.08.2027.;0.09913406
18.08.2027.;0.10383395
19.08.2027.;0.092587166
20.08.2027.;0.09836939
21.08.2027.;0.08540508
22.08.2027.;0.09000138
23.08.2027.;0.09240015
24.08.2027.;0.09915157
25.08.2027.;0.09636983
26.08.2027.;0.094351456
27.08.2027.;0.09289986
28.08.2027.;0.08996788
29.08.2027.;0.0934855
30.08.2027.;0.099521734
31.08.2027.;0.09400541
01.09.2027.;0.09021556
02.09.2027.;0.0901448
03.09.2027.;0.08743912
04.09.2027.;0.093629144
05.09.2027.;0.096314065
06.09.2027.;0.10046445
07.09.2027.;0.102109194
08.09.2027.;0.109017335
09.09.2027.;0.102399714
10.09.2027.;0.1092169
11.09.2027.;0.11493802
12.09.2027.;0.11293974
13.09.2027.;0.12137243
14.09.2027.;0.12455198
15.09.2027.;0.12944952
16.09.2027.;0.12673959
17.09.2027.;0.13219294
18.09.2027.;0.13240407
19.09.2027.;0.12995683
20.09.2027.;0.1407563
21.09.2027.;0.1421883
22.09.2027.;0.14495674
23.09.2027.;0.14831077
24.09.2027.;0.15116413
25.09.2027.;0.14946067
26.09.2027.;0.15213397
27.09.2027.;0.14671725
28.09.2027.;0.14648789
29.09.2027.;0.13182585
30.09.2027.;0.1349919
01.10.2027.;0.13154891
02.10.2027.;0.12944046
03.10.2027.;0.11412261
04.10.2027.;0.12225956
05.10.2027.;0.11853407
06.10.2027.;0.11078715
07.10.2027.;0.11808476
08.10.2027.;0.106047064
09.10.2027.;0.11617765
10.10.2027.;0.10645429
11.10.2027.;0.12341408
12.10.2027.;0.12664348
13.10.2027.;0.12949796
14.10.2027.;0.1381457
15.10.2027.;0.14674678
16.10.2027.;0.14881234
17.10.2027.;0.14732614
18.10.2027.;0.15937422
19.10.2027.;0.16538715
20.10.2027.;0.15952823
21.10.2027.;0.15272278
22.10.2027.;0.16584562
23.10.2027.;0.1865767
24.10.2027.;0.18681747
25.10.2027.;0.17189795
26.10.2027.;0.172544
27.10.2027.;0.17926976
28.10.2027.;0.17577447
29.10.2027.;0.17458373
30.10.2027.;0.17431793
31.10.2027.;0.15695958
01.11.2027.;0.13380508
02.11.2027.;0.15619007
03.11.2027.;0.14287269
04.11.2027.;0.13708812
05.11.2027.;0.12556523
06.11.2027.;0.1335805
07.11.2027.;0.116186135
08.11.2027.;0.12557884
09.11.2027.;0.12337295
10.11.2027.;0.12513705
11.11.2027.;0.1298138
12.11.2027.;0.13010582
13.11.2027.;0.12564081
14.11.2027.;0.12900588
15.11.2027.;0.1291941
16.11.2027.;0.13258982
17.11.2027.;0.11536658
18.11.2027.;0.11538585
19.11.2027.;0.109592035
20.11.2027.;0.1149618
21.11.2027.;0.11543321
22.11.2027.;0.10613136
23.11.2027.;0.09634539
24.11.2027.;0.094839975
25.11.2027.;0.08005836
26.11.2027.;0.08114174
27.11.2027.;0.075584225
28.11.2027.;0.049622636
29.11.2027.;0.037798636
30.11.2027.;0.026305888
01.12.2027.;0.024905734
02.12.2027.;0.008872484
03.12.2027.;-0.0004434632
04.12.2027.;-0.011092782
05.12.2027.;0.009245727
06.12.2027.;-0.005661655
07.12.2027.;-0.006748642
08.12.2027.;-0.004254558
09.12.2027.;-0.0072554033
10.12.2027.;-0.012643164
11.12.2027.;-0.025481138
12.12.2027.;-0.015834127
13.12.2027.;-0.013507891
14.12.2027.;-0.020844862
15.12.2027.;-0.03272288
16.12.2027.;-0.04968968
17.12.2027.;-0.04020809
18.12.2027.;-0.045817494
19.12.2027.;-0.06177429
20.12.2027.;-0.045724437
21.12.2027.;-0.04610531
22.12.2027.;-0.0354339
23.12.2027.;-0.03027998
