actual;predicted
0.0547;0.05715778
0.0549;0.05664955
0.055;0.05634648
0.0538;0.05617939
0.0553;0.05578393
0.056;0.05582718
0.0564;0.05609245
0.0559;0.056434
0.0561;0.05658535
0.0554;0.0567225
0.0544;0.0566457
0.054;0.05630811
0.0546;0.0559113
0.0533;0.05574528
0.0555;0.05533204
0.0566;0.05553374
0.0551;0.05604318
0.0583;0.05611642
0.0571;0.0569062
0.0581;0.05729941
0.0588;0.05779927
0.0603;0.05835526
0.0626;0.05915309
0.0634;0.0603582
0.0647;0.06152771
0.065;0.06273297
0.0635;0.06371751
0.0638;0.06405367
0.0627;0.06427789
0.0632;0.06414029
0.0629;0.06410189
0.0662;0.06400431
0.0703;0.06473995
0.07;0.0664295
0.0696;0.06778643
0.0714;0.06868378
0.0708;0.0697286
0.0721;0.07037294
0.0725;0.07112081
0.072;0.07178664
0.0721;0.07215203
0.0735;0.07240476
0.0714;0.07291643
0.0708;0.07281542
0.0708;0.07250662
0.0694;0.07222918
0.068;0.07167209
0.0671;0.07086639
0.0657;0.0699952
0.0649;0.06897826
0.0584;0.0679931
0.0547;0.0656486
0.0531;0.06277231
0.0528;0.06010338
0.0495;0.0580387
0.0455;0.05576858
0.0416;0.05306331
0.0393;0.05000181
0.0347;0.0470701
0.0325;0.04374415
0.0318;0.04064672
0.0282;0.03817207
0.0244;0.0355259
0.0219;0.03259398
0.0187;0.02973028
0.0144;0.02679416
0.0111;0.02352127
0.0089;0.02019822
0.0049;0.01714366
0.0044;0.01390502
0.0062;0.01132554
0.006;0.00992338
0.005;0.00901532
0.0037;0.00819432
0.0036;0.00728719
0.002;0.00657014
0.0019;0.00566518
0.0031;0.00493537
0.0029;0.0047025
0.0056;0.00455791
0.0062;0.00513717
0.0074;0.00583367
0.0079;0.00668793
0.0108;0.00748171
0.0123;0.00878445
0.0096;0.01020789
0.0105;0.01064734
0.0113;0.01105316
0.0122;0.01152449
0.0142;0.01210583
0.0186;0.01305209
0.0198;0.0149023
0.0221;0.01673474
0.0251;0.01869874
0.0264;0.02093417
0.0276;0.02297799
0.0267;0.02478726
0.0293;0.02588632
0.0297;0.02723758
0.0314;0.02837076
0.0343;0.0296122
0.0318;0.0312705
0.032;0.03196696
0.03;0.03240569
0.032;0.03218142
0.031;0.03239527
0.0305;0.03235858
0.0327;0.03217996
0.0314;0.03256079
0.0303;0.03260741
0.0296;0.03233553
0.0293;0.03190418
0.0286;0.03147298
0.0294;0.03097177
0.0294;0.03078089
0.0313;0.03068267
0.0312;0.03109802
0.0321;0.03146633
0.0307;0.03197077
0.0304;0.03202619
0.0306;0.03192943
0.0334;0.03187161
0.0337;0.0325176
0.0339;0.03318349
0.0344;0.03375442
0.0361;0.03429483
0.0363;0.0351122
0.0354;0.03581602
0.0345;0.0361132
0.0353;0.03605169
0.0331;0.0361375
0.0314;0.03567247
0.0304;0.03482467
0.0323;0.03387043
0.0325;0.03359347
0.0302;0.03353307
0.0308;0.03297197
0.0293;0.03263004
0.0278;0.03202504
0.0283;0.03116576
0.027;0.0305983
0.0275;0.02988908
0.027;0.02946431
0.0281;0.02906245
0.029;0.02904122
0.0307;0.02930541
0.032;0.02997486
0.0321;0.03086713
0.0333;0.03160687
0.0352;0.03244162
0.0353;0.03354724
0.0355;0.03444514
0.0358;0.03514488
0.0412;0.03571011
0.0439;0.0374387
0.0467;0.03957333
0.0481;0.04195761
0.0511;0.04414519
0.0555;0.04650628
0.0595;0.04938676
0.063;0.05261881
0.0631;0.05597664
0.0643;0.05855182
0.0665;0.06066952
0.0681;0.06271525
0.0677;0.06462172
0.0677;0.06593017
0.0683;0.0668201
0.0693;0.06755888
0.0696;0.06832604
0.0691;0.06897552
0.0743;0.06932254
0.0751;0.07082257
0.0759;0.0723094
0.0772;0.07365031
0.0763;0.07496026
0.0761;0.07571192
0.0774;0.0761422
0.0766;0.07672484
0.0774;0.07697655
0.0775;0.07731766
0.0769;0.07760388
0.0763;0.07766345
0.0755;0.07752497
0.075;0.07718774
0.0733;0.07677566
0.0706;0.07602882
0.072;0.0747481
0.0709;0.07404537
0.0715;0.07331694
0.0713;0.07292836
0.0719;0.07263903
0.0733;0.0725939
0.0737;0.07294631
0.0752;0.07337523
0.0746;0.07409064
0.0733;0.07452442
0.0776;0.07449377
0.0791;0.07546014
0.0797;0.07669158
0.0819;0.0778277
0.0818;0.07922132
0.0842;0.08027857
0.0844;0.08162314
0.0831;0.08271588
0.0854;0.08318252
0.09;0.08400475
0.0902;0.08579859
0.0929;0.08734418
0.0928;0.08916362
0.0955;0.09054057
0.0956;0.09218484
0.0946;0.09347135
0.0943;0.09414071
0.0939;0.09446904
0.0929;0.09454882
0.093;0.09431316
0.0919;0.09410761
0.0914;0.09367624
0.0937;0.09319545
0.0926;0.09339324
0.0902;0.09336652
0.0896;0.09273525
0.0867;0.09202015
0.0881;0.0907356
0.0902;0.0900311
0.0892;0.0900946
0.0886;0.09002059
0.0877;0.08981781
0.0882;0.08942235
0.0829;0.08921733
0.0835;0.08777176
0.0856;0.08665675
0.0858;0.08635865
0.0862;0.08630999
0.0891;0.08643185
0.0904;0.08727725
0.0919;0.0883457
0.0926;0.08957119
0.093;0.09069499
0.094;0.09162664
0.0938;0.09254292
0.0934;0.09317268
0.0927;0.09350243
0.0932;0.09352437
0.0925;0.09361111
0.0947;0.09350318
0.0984;0.09394081
0.1;0.095264
0.0998;0.09679756
0.0995;0.09795339
0.1022;0.09869833
0.1031;0.09985837
0.1033;0.10100063
0.103;0.10191348
0.1021;0.10249068
0.1008;0.10264459
0.1014;0.10236536
0.1012;0.10222958
0.1013;0.10208679
0.1004;0.10200615
0.0996;0.1017317
0.0991;0.10130045
0.0962;0.10082505
0.0937;0.09973698
0.0923;0.09820844
0.0889;0.09663377
0.0866;0.09458895
0.086;0.09241287
0.0852;0.0906004
0.083;0.08909154
0.0819;0.08746816
0.0803;0.08596984
0.0759;0.08446568
0.0755;0.08224901
0.0744;0.08038103
0.0713;0.07874019
0.0716;0.07678193
0.0691;0.0753464
0.0701;0.07372068
0.0675;0.07273212
0.0658;0.07143822
0.0665;0.07001693
0.0671;0.06909814
0.0659;0.06862725
0.0657;0.06805597
0.0686;0.06757577
0.0693;0.06794483
0.0701;0.06852297
0.0706;0.0692078
0.0716;0.06986918
0.0717;0.07061265
0.0737;0.07120693
0.0732;0.07212766
0.0737;0.07273957
0.0764;0.07328469
0.076;0.07434552
0.0767;0.07511626
0.0778;0.07583813
0.0786;0.07663924
0.0794;0.07744814
0.0806;0.07825631
0.0807;0.07916047
0.0798;0.07987791
0.08;0.08016811
0.0798;0.08036766
0.0814;0.08044286
0.0816;0.0808738
0.0828;0.081296
0.0841;0.08191795
0.084;0.08273744
0.083;0.08336177
0.0841;0.0835591
0.0808;0.08391224
0.0804;0.08337057
0.0792;0.08273527
0.0772;0.08192496
0.077;0.08079063
0.0775;0.07983735
0.0783;0.07926422
0.0787;0.07909258
0.0801;0.0791329
0.0819;0.07955306
0.0831;0.08037722
0.0831;0.08136296
0.0839;0.08213768
0.0848;0.08289121
0.0847;0.08367133
0.0835;0.08423425
0.0851;0.0843275
0.0854;0.08471928
0.0867;0.08511896
0.089;0.08574873
0.0894;0.0868271
0.0879;0.08780748
0.0901;0.08816862
0.0888;0.08889288
0.0886;0.08915066
0.0874;0.08923293
0.0881;0.08896023
0.0893;0.08887112
0.0877;0.08911954
0.0853;0.0889625
0.0856;0.08819915
0.0862;0.08760206
0.0844;0.08731063
0.0856;0.08669315
0.0836;0.08648795
0.0812;0.08589169
0.082;0.08480135
0.0787;0.08409962
0.079;0.08279893
0.0761;0.08181711
0.0768;0.08039522
0.0767;0.07944294
0.0756;0.07876293
0.0742;0.07803143
0.0734;0.0771367
0.0731;0.0762425
0.0734;0.07549271
0.0737;0.07502507
0.0704;0.07479392
0.0687;0.07384653
0.0694;0.07261541
0.069;0.07180452
0.0664;0.07114977
0.0665;0.07004844
0.0677;0.06918554
0.0678;0.0688592
0.0689;0.06872345
0.0694;0.06893651
0.0729;0.06927849
0.073;0.07042996
0.0741;0.07144303
0.075;0.0724761
0.0732;0.07347585
0.0744;0.0737754
0.0747;0.07419227
0.0721;0.07457858
0.0735;0.07422131
0.0738;0.07418907
0.0689;0.07426839
0.0687;0.07313832
0.0697;0.0720649
0.0694;0.07148454
0.0683;0.07104584
0.0684;0.0704786
0.0679;0.07006398
0.0626;0.06964894
0.0633;0.06803057
0.0632;0.06680959
0.0598;0.06589654
0.056;0.06442344
0.0555;0.06230485
0.0556;0.06048094
0.0539;0.05916195
0.0538;0.05783302
0.0531;0.05682305
0.0512;0.05594098
0.051;0.0548369
0.0515;0.05392917
0.0508;0.05339471
0.0481;0.05288062
0.048;0.05184169
0.0476;0.05095962
0.0446;0.05020842
0.0443;0.04892655
0.0439;0.04781393
0.0427;0.04689185
0.0374;0.04593487
0.0371;0.04391097
0.0351;0.04215561
0.0306;0.04035743
0.0308;0.03789652
0.0302;0.03599629
0.0268;0.03448859
0.0274;0.03259135
0.0233;0.03126593
0.0207;0.02933981
0.022;0.02717577
0.0215;0.02581845
0.0168;0.02478955
0.0162;0.02293186
0.0186;0.02127299
0.0188;0.02062486
0.0161;0.02034229
0.0152;0.01954887
0.0126;0.01866624
0.0112;0.01733894
0.0077;0.01592573
0.011;0.0139802
0.0097;0.01324178
0.007;0.01253766
0.0086;0.01138112
0.0099;0.0108391
0.0054;0.01083214
0.0054;0.00981955
0.0056;0.00891996
0.0048;0.00828533
0.0043;0.00765213
0.0029;0.00706067
0.0006;0.00628021
-0.0003;0.00510222
-0.0002;0.00393027
0.0004;0.00306337
-0.0031;0.00260381
-0.0026;0.00147166
-0.0036;0.00065077
-0.0031;-0.00017993
-0.0065;-0.0006782
-0.0094;-0.0018333
-0.0105;-0.00350353
-0.0104;-0.00512405
-0.0118;-0.00632642
-0.0149;-0.00750929
-0.0187;-0.00914266
-0.0193;-0.01136709
-0.02;-0.01329028
-0.021;-0.01487868
-0.0215;-0.01626072
-0.023;-0.01738168
-0.0249;-0.01854502
-0.0246;-0.01988373
-0.0263;-0.0208461
-0.0267;-0.021932
-0.0264;-0.02285727
-0.0298;-0.02345818
-0.0301;-0.02468564
-0.0245;-0.02577129
-0.0233;-0.0252164
-0.0258;-0.02425143
-0.0239;-0.02402939
-0.0205;-0.02349859
-0.0178;-0.02224011
-0.0154;-0.02051663
-0.0179;-0.01854272
-0.0163;-0.01761505
-0.0145;-0.01667967
-0.0125;-0.01556114
-0.0091;-0.01420551
-0.0086;-0.01231307
-0.0076;-0.01067762
-0.0042;-0.00922732
-0.007;-0.00733788
-0.0061;-0.00653935
-0.0013;-0.00587487
0.0001;-0.00424738
0.0005;-0.00253958
0.0012;-0.00112013
0.0007;8.022331e-05
0.003;0.00082026
0.0012;0.00186327
0.0025;0.00224102
0.0025;0.00274857
0.0026;0.00313437
0.0009;0.00343215
0.0004;0.00322402
0.0001;0.00286545
-0.0029;0.00248632
-0.0063;0.00145872
-0.0056;-0.00024587
-0.0062;-0.00147717
-0.0071;-0.00249667
-0.0043;-0.00344092
-0.0028;-0.00344775
-0.0044;-0.00293982
-0.0031;-0.00284653
-0.0059;-0.00250619
-0.0055;-0.00290681
-0.0069;-0.00321926
-0.0114;-0.00380166
-0.0129;-0.00538094
-0.0146;-0.00709537
-0.0138;-0.00884744
-0.0136;-0.00998229
-0.0139;-0.01069355
-0.015;-0.01122106
-0.0145;-0.0118459
-0.013;-0.0122033
-0.0123;-0.01206712
-0.012;-0.01171171
-0.0096;-0.01132424
-0.0063;-0.01043442
-0.0067;-0.00887981
-0.0041;-0.00769363
-0.0033;-0.00620343
0.0029;-0.0048478
0.0083;-0.00232424
0.013;0.00107251
0.015;0.00494184
0.0187;0.00843956
0.0203;0.01193567
0.0227;0.01494823
0.0253;0.01772777
0.0302;0.02040834
0.0346;0.02360574
0.0366;0.02716639
0.0395;0.03040249
0.0434;0.03351058
0.0481;0.03678025
0.0502;0.0404152
0.0523;0.04372208
0.0545;0.046685
0.058;0.04939464
0.0605;0.05224607
0.0629;0.05501849
0.0665;0.05768459
0.0645;0.06055915
0.0641;0.06225113
0.0644;0.06325173
0.067;0.06394449
0.0674;0.06504038
0.0674;0.06601226
0.0662;0.06673347
0.0664;0.06693946
0.0685;0.06706033
0.0685;0.06764388
0.0691;0.06814705
0.0668;0.06867312
0.0634;0.06850216
0.0634;0.06743007
0.0633;0.066473
0.0607;0.06572169
0.0614;0.06454627
0.0593;0.06377962
0.0572;0.0627363
0.0573;0.0614024
0.058;0.06037633
0.0596;0.05981653
0.0597;0.05986808
0.0616;0.06003562
0.0613;0.06066532
0.0615;0.06113739
0.0592;0.06152959
0.0629;0.06124095
0.0653;0.06183408
0.0662;0.06298614
0.0688;0.06417729
0.0703;0.06573753
0.071;0.06733738
0.0723;0.0687266
0.0739;0.07006162
0.0747;0.07144608
0.0755;0.07268833
0.0773;0.0737987
0.0803;0.0750548
0.0815;0.0767585
0.083;0.0784039
0.0847;0.08001378
0.0842;0.08163784
0.0862;0.08273327
0.0892;0.08397315
0.0899;0.0856553
0.091;0.08715817
0.0917;0.08854409
0.0943;0.08973712
0.0959;0.09124552
0.0942;0.09281522
0.0947;0.09358694
0.0952;0.09417516
0.0922;0.09469316
0.0904;0.09431928
0.0903;0.09345849
0.0912;0.09269333
0.0893;0.09234186
0.0881;0.09166894
0.0866;0.09083049
0.0841;0.08979836
0.0819;0.08837033
0.0778;0.08668958
0.0763;0.0843646
0.0737;0.08214547
0.0712;0.07983503
0.0695;0.07746986
0.0698;0.07526431
0.0659;0.07370558
0.0691;0.07167114
0.0697;0.07088214
0.0648;0.07061316
0.0664;0.06930709
0.0676;0.06858484
0.067;0.06840101
0.0656;0.068206
0.063;0.06772719
0.0626;0.06668416
0.0613;0.06571062
0.0615;0.06465326
0.0611;0.06389642
0.0616;0.06327241
0.0615;0.06295497
0.0601;0.06274204
0.0581;0.06226008
0.0587;0.06136759
0.06;0.06077757
0.0549;0.06068936
0.0528;0.05944516
0.0543;0.05783372
0.0531;0.05691079
0.053;0.05601155
0.0514;0.05533183
0.0537;0.05446241
0.056;0.05435456
0.0565;0.05495093
0.0586;0.05564616
0.0597;0.05672186
0.0597;0.05786243
0.0584;0.05873811
0.061;0.05903744
0.063;0.05981153
0.0637;0.06094194
0.0646;0.06202714
0.0657;0.06306839
0.0672;0.06411554
0.0671;0.06527207
0.0681;0.06613168
0.0723;0.06698293
0.0749;0.06865266
0.0755;0.07066986
0.0764;0.07240491
0.0756;0.07389963
0.0758;0.07478137
0.0774;0.07539441
0.0769;0.07619421
0.0765;0.07668954
0.0764;0.07692134
0.0756;0.07702458
0.0772;0.07687739
0.0773;0.07712213
0.0781;0.07738197
0.0741;0.07778689
0.0714;0.07712355
0.074;0.07580286
0.0713;0.07533051
0.0738;0.07441339
0.075;0.07429798
0.0736;0.07461903
0.0728;0.07459754
0.074;0.07434625
0.0733;0.07441302
0.0732;0.07432969
0.0713;0.07422742
0.0718;0.07367475
0.0731;0.07331587
0.074;0.07338544
0.0701;0.07372767
0.0713;0.07307155
0.0716;0.07273614
0.0705;0.07258134
0.0709;0.07222482
0.0714;0.07203193
0.0733;0.07203073
0.0749;0.07253221
0.0715;0.07338467
0.0715;0.07324842
0.0729;0.07300982
0.0716;0.07313751
0.0707;0.07296002
0.0693;0.07256794
0.0676;0.07188893
0.0663;0.07090978
0.0637;0.06980068
0.0623;0.06829759
0.063;0.06676044
0.0614;0.06576414
0.057;0.06469953
0.0573;0.06281731
0.0582;0.06135601
0.0568;0.06052278
0.0535;0.05965338
0.054;0.05819805
0.0525;0.05714201
0.053;0.05602316
0.0521;0.05530522
0.0548;0.05460349
0.0535;0.05475556
0.0538;0.05467793
0.0543;0.05468118
0.0541;0.05481558
0.0532;0.0548878
0.0532;0.05471394
0.0518;0.05454524
0.0495;0.05406727
0.0489;0.05309403
0.05;0.05213302
0.0495;0.05167092
0.0513;0.05127422
0.0505;0.05144326
0.0488;0.05146084
0.0441;0.05104678
0.0432;0.04951022
0.0426;0.04795383
0.048;0.04660364
0.0457;0.04694819
0.0411;0.0468993
0.0408;0.04571486
0.0423;0.04457548
0.0428;0.04406522
0.0442;0.04389697
0.0461;0.04418333
0.0453;0.04494594
0.0437;0.04540557
0.0444;0.04532439
0.0481;0.045348
0.0477;0.04627861
0.0475;0.04701571
0.0506;0.04751478
0.0498;0.04861645
0.049;0.0493299
0.0489;0.04962489
0.0508;0.04975092
0.0511;0.05027698
0.0511;0.05080035
0.0475;0.05120298
0.0485;0.05060089
0.0481;0.05024156
0.0494;0.04988325
0.0484;0.04993823
0.0475;0.04979582
0.0448;0.04944827
0.0439;0.04848718
0.0454;0.04744542
0.0465;0.04700411
0.0443;0.0470301
0.0444;0.04659277
0.0432;0.04623339
0.0428;0.04566888
0.0415;0.04511581
0.0401;0.0443766
0.0366;0.04344815
0.0367;0.04185573
0.0353;0.04057856
0.0351;0.03930435
0.0347;0.03830446
0.0254;0.03749727
0.0252;0.03464049
0.0233;0.03213969
0.0254;0.02979524
0.0258;0.02857605
0.0224;0.02793359
0.0187;0.02673222
0.0265;0.02485409
0.0281;0.02524327
0.0293;0.02625219
0.0261;0.0274549
0.0244;0.02762402
0.0227;0.02718355
0.019;0.02631586
0.0188;0.02467126
0.0157;0.02325527
0.0233;0.02144396
0.0238;0.02189305
0.0226;0.02268644
0.0183;0.02309718
0.0169;0.02230783
0.0167;0.02117943
0.0169;0.02019794
0.0168;0.01951898
0.0153;0.01903294
0.0112;0.01833732
0.0108;0.01678298
0.0124;0.01538061
0.0099;0.01471902
0.0075;0.01372247
0.007;0.01235342
0.0047;0.01113832
0.0018;0.00967382
0.0022;0.00782678
-0.0009;0.00647118
-0.0018;0.00475719
-0.0044;0.00320433
-0.0036;0.00141698
-0.0058;0.00023528
-0.0073;-0.00110488
-0.009;-0.00248954
-0.0077;-0.00395622
-0.0074;-0.00475627
-0.0089;-0.00518518
-0.0096;-0.00580117
-0.0094;-0.00645326
-0.0087;-0.00690457
-0.0101;-0.0070441
-0.0157;-0.00743877
-0.0178;-0.00913434
-0.021;-0.01112895
-0.0225;-0.01349113
-0.0225;-0.01570298
-0.0241;-0.01735446
-0.0236;-0.0188982
-0.023;-0.0199067
-0.0243;-0.02043265
-0.0263;-0.02105769
-0.0287;-0.02201787
-0.0298;-0.02337914
-0.0291;-0.0247434
-0.0303;-0.02561186
-0.0311;-0.02648279
-0.0302;-0.02732115
-0.0323;-0.0277267
-0.0299;-0.02847613
-0.0277;-0.02849801
-0.0266;-0.02787352
-0.0245;-0.02701813
-0.0254;-0.02580818
-0.0228;-0.0250547
-0.0301;-0.02391454
-0.0313;-0.02478679
-0.0285;-0.02603881
-0.0225;-0.02640795
-0.0238;-0.02510088
-0.0243;-0.024154
-0.0258;-0.02357271
-0.024;-0.02356161
-0.0242;-0.02321319
-0.0252;-0.02296364
-0.0275;-0.02302786
-0.0267;-0.02368663
-0.0255;-0.02408749
-0.0225;-0.02407272
-0.0226;-0.02326058
-0.023;-0.02253924
-0.0259;-0.02208619
-0.0277;-0.02249385
-0.0247;-0.02337983
-0.0257;-0.02341215
-0.0273;-0.02356312
-0.0273;-0.0240644
-0.0261;-0.02449611
-0.0248;-0.02452697
-0.0228;-0.02417064
-0.0219;-0.02334442
-0.0198;-0.02241953
-0.0186;-0.02118279
-0.0156;-0.01990746
-0.0127;-0.01820124
-0.017;-0.01614092
-0.0149;-0.01557504
-0.0128;-0.01485607
-0.0097;-0.01381557
-0.0063;-0.0122259
-0.0036;-0.01010521
-0.0014;-0.00775247
0.0027;-0.00539332
0.0042;-0.00260647
0.0052;-7.698359e-05
0.0087;0.00204214
0.0117;0.00442575
0.013;0.00698292
0.0147;0.00925683
0.0184;0.01134623
0.0139;0.01379083
0.0171;0.01457339
0.0173;0.01570316
0.0174;0.01661327
0.0151;0.01729312
0.0128;0.01720092
0.0116;0.01644427
0.012;0.01545993
0.0146;0.01476436
0.0152;0.01491586
0.0133;0.01531288
0.0111;0.01520548
0.01;0.01451743
0.0086;0.01362956
0.0086;0.01257165
0.0093;0.01174335
0.0098;0.01132235
0.0083;0.011196
0.0103;0.01078935
0.013;0.01093991
0.0157;0.01179359
0.0173;0.01321791
0.0191;0.01478746
0.0189;0.01644781
0.0214;0.01766572
0.0236;0.01913042
0.0276;0.02079787
0.0287;0.02306993
0.0319;0.02514534
0.0346;0.02747869
0.0355;0.02993216
0.0374;0.03202133
0.0405;0.03400779
0.0414;0.03623931
0.042;0.0381707
0.0424;0.0397306
0.0465;0.04093853
0.0484;0.04279336
0.0513;0.04474215
0.0496;0.04695117
0.0543;0.04823463
0.0518;0.05022679
0.0485;0.05118894
0.0486;0.05095909
0.0501;0.0506082
0.0495;0.05066305
0.0473;0.05061066
0.0477;0.05002347
0.0498;0.04959996
0.0523;0.0498106
0.0512;0.05068327
0.0502;0.05118315
0.0496;0.05127514
0.0485;0.05112742
0.0461;0.05069733
0.0452;0.04973267
0.0441;0.04869816
0.0405;0.04762517
0.0402;0.04592337
0.0415;0.04447556
0.043;0.04373047
0.0434;0.0436508
0.042;0.04380836
0.0419;0.04363663
0.0433;0.04344135
0.0462;0.04362786
0.0479;0.04453814
0.0506;0.04575907
0.0532;0.04740831
0.0551;0.04936263
0.0564;0.0513565
0.0594;0.0531894
0.0627;0.0552842
0.0653;0.05770724
0.0684;0.06022405
0.0692;0.06290329
0.0695;0.06513994
0.0775;0.06683175
0.0812;0.06999032
0.0822;0.07347912
0.0815;0.07642991
0.0809;0.07840449
0.0807;0.07958029
0.0836;0.08026768
0.0836;0.08140631
0.0841;0.08231259
0.0832;0.08309297
0.085;0.08343278
0.0848;0.08406533
0.083;0.0845219
0.0807;0.08439854
0.0811;0.0836468
0.0812;0.08307356
0.0786;0.08267676
0.0769;0.08176379
0.0742;0.08058669
0.0748;0.07898322
0.0715;0.07785694
0.0692;0.07625396
0.0665;0.07442224
0.0633;0.07233503
0.0587;0.06993198
0.0552;0.06693721
0.0528;0.06372739
0.048;0.06067677
0.0456;0.05721863
0.0413;0.05397235
0.0384;0.05049653
0.0367;0.04714111
0.0336;0.04421468
0.0313;0.04132005
0.0291;0.0385953
0.0253;0.03603434
0.024;0.03320456
0.0251;0.03072203
0.0237;0.02917242
0.022;0.02781259
0.0227;0.02642626
0.0238;0.02555948
0.0239;0.02525625
0.0235;0.02515079
0.0234;0.0250187
0.0253;0.02489715
0.0257;0.0252737
0.0283;0.02573011
0.0293;0.02673694
0.0314;0.02782598
0.0329;0.02918749
0.0345;0.03062425
0.0357;0.03211594
0.0424;0.03354295
0.0447;0.0362571
0.0472;0.03905449
0.0498;0.04181753
0.0526;0.04453501
0.0527;0.04725919
0.0549;0.04932927
0.059;0.05132897
0.0584;0.05381583
0.0599;0.05560406
0.0617;0.05722567
0.0602;0.05884697
0.062;0.05968747
0.0623;0.06064643
0.0637;0.06143847
0.066;0.06235521
0.0672;0.06362703
0.0637;0.06493437
0.0647;0.06506557
0.0649;0.06523813
0.0645;0.06539312
0.0633;0.06540544
0.0638;0.06509672
0.0622;0.0649374
0.0621;0.06443614
0.0623;0.06398717
0.063;0.06369915
0.0647;0.06368037
0.0634;0.06413103
0.0621;0.06422535
0.0587;0.0639347
0.0555;0.06281135
0.0535;0.06104228
0.0499;0.059101
0.0494;0.05671034
0.0468;0.05471832
0.0431;0.05262932
0.0428;0.05014315
0.0405;0.04814106
0.0386;0.04613286
0.0356;0.04416657
0.0324;0.04195835
0.0306;0.03947631
0.0276;0.0371209
0.026;0.03462446
0.0243;0.0323361
0.0254;0.03022672
0.0238;0.02894369
0.0234;0.02771623
0.0206;0.0267253
0.0181;0.02533206
0.0142;0.02361576
0.0161;0.02130939
0.0152;0.01994222
0.0149;0.01881997
0.0158;0.01796222
0.0142;0.01758749
0.0133;0.01699384
0.0127;0.01630619
0.0124;0.0156231
0.0112;0.01503317
0.0091;0.01430906
0.0097;0.01323163
0.0095;0.01251153
0.0091;0.01196592
0.009;0.01149223
0.0097;0.01112799
0.0091;0.01104466
0.009;0.01088049
0.01;0.01072753
0.0112;0.01085795
0.01;0.01129326
0.0099;0.01137987
0.0091;0.01137598
0.0084;0.01115502
0.01;0.01078076
0.0112;0.01086236
0.0108;0.01128289
0.0119;0.0115639
0.0111;0.01203385
0.0134;0.01221714
0.0136;0.01287971
0.0156;0.01349287
0.0132;0.01444848
0.0092;0.01463035
0.0086;0.0136775
0.0062;0.01262218
0.0048;0.01119359
0.006;0.00971362
0.0059;0.00887752
0.0109;0.00832053
0.0116;0.00918671
0.0116;0.01023513
0.0112;0.01108824
0.0133;0.01161036
0.0153;0.01246257
0.0166;0.01363454
0.017;0.01489049
0.0183;0.01595486
0.0198;0.01704824
0.0205;0.01823816
0.021;0.01931935
0.0198;0.02024104
0.0218;0.02061275
0.0232;0.02129564
0.0213;0.02218557
0.02;0.02242576
0.0212;0.0221952
0.0191;0.02222935
0.0189;0.02176564
0.0164;0.02129802
0.0166;0.02032066
0.0154;0.01955624
0.0124;0.01870653
0.0103;0.01732298
0.0073;0.01568519
0.0028;0.01366583
0.0001;0.01097874
-0.004;0.00818434
-0.006;0.0050448
-0.0057;0.00213657
-0.0082;4.8768765e-05
-0.0114;-0.00200256
-0.0152;-0.00430091
-0.0169;-0.00699345
-0.0228;-0.0095021
-0.0277;-0.01281286
-0.0289;-0.01662016
-0.0292;-0.01987556
-0.0282;-0.02232897
-0.0283;-0.02379555
-0.0294;-0.02474967
-0.0296;-0.02562995
-0.029;-0.02631497
-0.03;-0.026652
-0.0292;-0.02709142
-0.0281;-0.0272344
-0.0291;-0.0270302
-0.0294;-0.02705969
-0.0258;-0.0271817
-0.0252;-0.0264154
-0.0211;-0.02555837
-0.0203;-0.02387673
-0.0193;-0.02228398
-0.0179;-0.02083365
-0.0166;-0.01942243
-0.0165;-0.01805306
-0.014;-0.017006
-0.0132;-0.01565807
-0.0116;-0.01441017
-0.0079;-0.0130885
-0.0031;-0.01117962
-0.0016;-0.00847745
-0.003;-0.00594092
-0.0015;-0.00437838
-0.0018;-0.00298678
-0.0004;-0.00206495
0.0016;-0.00110785
0.0019;9.505043e-05
0.0032;0.00111098
0.0061;0.00217185
0.0035;0.0036834
0.0034;0.00425286
0.0034;0.00452477
0.0047;0.00466124
0.0036;0.00505141
0.0033;0.00511002
0.0093;0.00503657
0.01;0.00642425
0.0103;0.00785749
0.0099;0.00905289
0.0116;0.00982309
0.0108;0.01074819
0.009;0.01125929
0.0077;0.01114209
0.006;0.01062972
0.0098;0.00975061
0.0081;0.0099534
0.0075;0.00984368
0.0093;0.00959362
0.0086;0.00982088
0.0101;0.00988829
0.0081;0.010294
0.0095;0.01015757
0.0104;0.01032368
0.0091;0.01070231
0.0058;0.01070676
0.0054;0.00985087
0.005;0.00896909
0.0062;0.00818089
0.0069;0.00789336
0.0048;0.0079276
0.0045;0.00750122
0.0043;0.00704655
0.0041;0.0066403
-0.0008;0.00629084
-0.0003;0.00483811
0.0003;0.00370068
-0.002;0.00301224
-0.0051;0.00200495
-0.005;0.00045266
-0.004;-0.00078082
-0.0043;-0.00143018
-0.0043;-0.00189624
-0.0044;-0.00220293
-0.0064;-0.00242743
-0.0079;-0.00306862
-0.0073;-0.00397943
-0.0074;-0.00457003
-0.008;-0.00499799
-0.007;-0.00543437
-0.0057;-0.0055143
-0.0047;-0.00520165
-0.0039;-0.0046528
-0.003;-0.00399717
-0.0028;-0.00326046
-0.0001;-0.00264178
-0.0018;-0.00153147
-0.0019;-0.00104017
0.0005;-0.00077753
0.0008;-4.1848863e-05
0.0013;0.00064961
0.0009;0.00129693
0.0022;0.00167965
0.0031;0.00224426
0.0022;0.00291023
0.0065;0.00321016
0.0079;0.00443655
0.0033;0.00583414
0.0098;0.00580722
0.0141;0.00716962
0.0126;0.00942434
0.0128;0.01091851
0.0138;0.01200268
0.0156;0.01298409
0.0184;0.014135
0.0195;0.01570936
0.0194;0.01723155
0.0216;0.01835512
0.0239;0.01967968
0.0246;0.02126047
0.0253;0.02266345
0.0262;0.02387043
0.0257;0.02496555
0.0282;0.0256434
0.0316;0.02670093
0.0317;0.02837842
0.0312;0.02976586
0.0299;0.0306591
0.0314;0.0309307
0.0315;0.03139621
0.0315;0.03178248
0.0315;0.03206416
0.031;0.03225899
0.0325;0.03226673
0.0371;0.03261092
0.0361;0.03404763
0.0334;0.03505348
0.033;0.03510924
0.0333;0.03490165
0.035;0.03475384
0.0322;0.03506037
0.0305;0.03467124
0.0302;0.03386803
0.0325;0.0331119
0.0301;0.03310397
0.029;0.03262059
0.0302;0.03193468
0.0323;0.03167392
0.0324;0.03205205
0.0324;0.03246729
0.0344;0.0328026
0.0331;0.0335374
0.0341;0.03382764
0.0353;0.03423449
0.0385;0.03484276
0.0391;0.03611956
0.0419;0.03733261
0.0453;0.03894193
0.0451;0.04104867
0.0447;0.04266629
0.0454;0.04372328
0.047;0.04459444
0.0448;0.04559933
0.0439;0.04582548
0.0427;0.04565988
0.0406;0.04516174
0.0405;0.04420817
0.0388;0.04338929
0.0372;0.04236348
0.0359;0.04117024
0.035;0.03992394
0.0325;0.03875336
0.0304;0.03726833
0.0266;0.03559035
0.0233;0.03335823
0.0217;0.0307801
0.0211;0.02838216
0.0187;0.02644932
0.0176;0.02448138
0.0162;0.02273928
0.0142;0.02112076
0.0126;0.0194374
0.0101;0.01777292
0.01;0.01590963
0.0084;0.0144538
0.0057;0.0130236
0.0042;0.01130002
0.0033;0.00959329
0.0011;0.00808421
0.0003;0.00643998
-0.0005;0.00499173
-0.0011;0.00373351
-0.0007;0.00267371
0.0013;0.00201
-0.0021;0.00206638
-0.0001;0.00139686
-0.0018;0.00129101
-0.0033;0.00086459
-0.0027;0.00013967
-0.0018;-0.00031132
0.0;-0.00039705
0.0034;4.098972e-05
0.0037;0.00129329
0.0056;0.00244722
0.0058;0.00378771
0.0084;0.00487281
0.0087;0.00629119
0.0078;0.00747584
0.0126;0.00811829
0.0144;0.00969081
0.0126;0.01144169
0.014;0.01236618
0.0137;0.01328664
0.0176;0.01388402
0.0163;0.01523856
0.0188;0.01604461
0.0188;0.01719984
0.0177;0.0181097
0.0199;0.01849398
0.0218;0.01923801
0.0222;0.02030441
0.0231;0.02126089
0.0243;0.02219386
0.0245;0.02318471
0.0246;0.02398644
0.0244;0.02458641
0.0247;0.0249531
0.0218;0.02526148
0.0204;0.02476569
0.0173;0.02392539
0.0177;0.02246001
0.0189;0.02135071
0.0189;0.02084881
0.0145;0.02057134
0.0146;0.01933398
0.014;0.01829004
0.0113;0.01736325
0.0078;0.01602392
0.0069;0.01409966
0.0049;0.01233283
0.0071;0.01052195
0.0077;0.00969492
0.0077;0.00936942
0.0081;0.0092261
0.0081;0.00925964
0.0057;0.00931749
0.0069;0.00878107
0.0049;0.00858175
0.0047;0.00797778
0.0082;0.0074196
0.0066;0.00785525
0.0064;0.0079421
0.0048;0.00793091
0.002;0.00750956
0.0021;0.00644068
0.002;0.00555132
0.0012;0.00486763
0.0005;0.00419181
-0.0016;0.00351935
-0.0028;0.00250102
-0.0032;0.00138853
-0.0046;0.00043045
-0.0062;-0.00061265
-0.0056;-0.00179805
-0.0053;-0.0025666
-0.0077;-0.00301149
-0.007;-0.00387343
-0.0064;-0.00440529
-0.0073;-0.00461803
-0.0051;-0.00494235
-0.0039;-0.00465643
-0.005;-0.00405643
-0.0038;-0.00381106
-0.0025;-0.00337762
-0.0024;-0.00271308
-0.0013;-0.00214985
-0.0007;-0.0014661
-0.0005;-0.00078842
0.0008;-0.00022787
-0.0001;0.0004943
0.0019;0.00083891
0.0038;0.00153393
0.0101;0.00256643
0.0137;0.00494657
0.0171;0.00783398
0.017;0.0109519
0.017;0.01332336
0.0197;0.0150002
0.0217;0.01679932
0.0248;0.01864134
0.0259;0.02079539
0.0253;0.02273399
0.0274;0.0240198
0.0318;0.02539932
0.0323;0.02751514
0.0332;0.02933984
0.0341;0.03090811
0.0325;0.03226443
0.0292;0.03285074
0.0288;0.03235759
0.0295;0.03170533
0.0282;0.03133363
0.0271;0.03077026
0.0268;0.03005491
0.0258;0.02941707
0.0259;0.02869942
0.0239;0.02817418
0.022;0.0273153
0.0206;0.02615723
0.0167;0.02488958
0.0159;0.02295403
0.0139;0.02119748
0.0127;0.01939609
0.0149;0.01774333
0.0123;0.01706265
0.0098;0.01606442
0.0083;0.01467784
0.0056;0.01320287
0.0016;0.01140737
-0.0002;0.00902477
-0.0018;0.00669384
-0.0032;0.00454101
-0.0028;0.002606
-0.0028;0.00128649
-0.0032;0.00039418
-0.0034;-0.00029345
-0.0045;-0.00081604
-0.0051;-0.0014471
-0.0048;-0.00208098
-0.0047;-0.00248768
-0.0032;-0.00273514
-0.0031;-0.00252433
0.0014;-0.00226661
0.004;-0.00095191
0.006;0.00083737
0.0083;0.00277234
0.0078;0.00482837
0.0086;0.00627524
0.0093;0.00746976
0.0111;0.00848575
0.0134;0.00965566
0.0148;0.01111782
0.0174;0.01260891
0.0208;0.01438075
0.0211;0.01659201
0.0243;0.0184019
0.0265;0.02049983
0.0301;0.02265198
0.0293;0.02516899
0.0281;0.02692131
0.0304;0.02783758
0.0331;0.02894692
0.0337;0.03045035
0.0335;0.03178988
0.0336;0.0327338
0.035;0.0334055
0.0332;0.03420322
0.0341;0.03437068
0.0325;0.03462557
0.0326;0.03442115
0.0301;0.03422347
0.0299;0.03344981
0.0302;0.03273135
0.0299;0.03225903
0.0297;0.03186743
0.03;0.03154283
0.0288;0.03138577
0.0283;0.03099989
0.027;0.03055679
0.0206;0.02989007
0.0219;0.02778088
0.0184;0.02628998
0.0155;0.02436613
0.015;0.02215427
0.0121;0.02031607
0.0084;0.01827114
0.0047;0.0158038
0.0033;0.01297331
0.0;0.01043484
-0.0032;0.0077516
-0.0075;0.00493447
-0.0103;0.00174025
-0.0117;-0.00140913
-0.014;-0.00412414
-0.014;-0.00666237
-0.0163;-0.00853405
-0.0206;-0.01039635
-0.021;-0.01282895
-0.0231;-0.01484374
-0.0244;-0.01682328
-0.0239;-0.01861644
-0.0247;-0.0198137
-0.0263;-0.02081356
-0.0266;-0.02191061
-0.0268;-0.02281832
-0.0264;-0.02352361
-0.0252;-0.02392172
-0.0247;-0.02387605
-0.0254;-0.02364317
-0.0245;-0.02359781
-0.0235;-0.02336745
-0.0238;-0.02292619
-0.0204;-0.0226308
-0.0174;-0.02159561
-0.0153;-0.01997337
-0.0113;-0.01813103
-0.0101;-0.01571645
-0.0093;-0.01351133
-0.0093;-0.01167364
-0.0073;-0.0103511
-0.0047;-0.00895614
-0.002;-0.00727373
0.0007;-0.00530269
0.0023;-0.0031069
0.0046;-0.0010205
0.0077;0.00110226
0.0102;0.00346186
0.0116;0.00588594
0.0101;0.00806823
0.0131;0.00930737
0.0135;0.01082544
0.0145;0.01208279
0.017;0.0132386
0.02;0.01470031
0.0206;0.01657928
0.0213;0.01821022
0.0205;0.01958249
0.0242;0.02037347
0.026;0.02178146
0.0267;0.02335988
0.0283;0.02475839
0.0291;0.02618216
0.0269;0.02744881
0.0285;0.02783643
0.028;0.02838426
0.0289;0.02867444
0.0293;0.02907658
0.0308;0.02948831
0.0311;0.03017056
0.0365;0.03079867
0.0399;0.03259857
0.0425;0.03496399
0.0435;0.03749646
0.0448;0.03968837
0.0451;0.04160997
0.0462;0.04307815
0.05;0.04437585
0.0519;0.04624967
0.0562;0.0482065
0.0577;0.05076458
0.0612;0.05314987
0.062;0.05579561
0.0637;0.0580159
0.0629;0.06004568
0.0617;0.06133327
0.0659;0.06188671
0.0653;0.06321139
0.0651;0.06415138
0.0666;0.06476842
0.069;0.06554742
0.0681;0.06674076
0.0673;0.06747872
0.0667;0.06777848
0.0667;0.06777962
0.0681;0.06772338
0.0702;0.06800988
0.0707;0.06879328
0.0705;0.06958774
0.0686;0.07015024
0.0686;0.0700698
0.0687;0.06990775
0.0678;0.06978126
0.0678;0.06946491
0.0663;0.0692001
0.0681;0.06863353
0.0683;0.06860946
0.0641;0.06871403
0.0644;0.06778634
0.0632;0.06701535
0.0611;0.06613713
0.0646;0.0649437
0.0641;0.06486377
0.0649;0.06483773
0.0637;0.06505183
0.0619;0.0649565
0.0621;0.06440021
0.0585;0.06395569
0.0595;0.06273627
0.0603;0.06195343
0.0566;0.06160907
0.0545;0.06051119
0.057;0.05906865
0.056;0.05853334
0.0547;0.05800876
0.0497;0.05731781
0.0523;0.05554371
0.051;0.05468624
0.0522;0.05383021
0.0539;0.05350396
0.0551;0.05376077
0.0602;0.05435073
0.0597;0.05611964
0.0594;0.05750993
0.0593;0.05845424
0.0619;0.05906542
0.0622;0.06010387
0.0649;0.06101101
0.0667;0.06234992
0.0697;0.06386252
0.0739;0.06577674
0.0783;0.0683185
0.081;0.07141966
0.0839;0.07451581
0.0849;0.07757331
0.0862;0.08011089
0.0884;0.08225904
0.0912;0.08434507
0.0943;0.08658391
0.0958;0.08905277
0.0983;0.09131493
0.0992;0.09360893
0.103;0.0955532
0.1044;0.09790468
0.1057;0.1000668
0.108;0.10199305
0.1105;0.10397147
0.1116;0.10607793
0.1156;0.1079502
0.1162;0.11031926
0.1153;0.11231135
0.1157;0.11353748
0.1175;0.11443625
0.1196;0.11548961
0.1192;0.11681409
0.1223;0.11774962
0.1211;0.1191749
0.1216;0.12000604
0.1224;0.12067854
0.1242;0.1213451
0.1227;0.1222867
0.123;0.12265745
0.1235;0.12293431
0.1192;0.12323905
0.1235;0.12239523
0.1284;0.12266829
0.1291;0.12422889
0.1308;0.12578492
0.1314;0.12741165
0.1338;0.1287946
0.1342;0.1303962
0.1365;0.13172084
0.1373;0.13325225
0.1383;0.13462259
0.1404;0.13588004
0.1453;0.13732706
0.1461;0.13966063
0.1472;0.14174046
0.1526;0.14356029
0.1548;0.14623417
0.16;0.14890213
0.1642;0.15222323
0.1655;0.15585881
0.1663;0.15896775
0.1681;0.16143005
0.172;0.16361924
0.1737;0.16617903
0.1762;0.1685648
0.1801;0.17096208
0.1792;0.17373489
0.1766;0.17563587
0.1787;0.17629011
0.1774;0.17710859
0.1762;0.17738192
0.1748;0.17720716
0.1753;0.17664741
0.1731;0.17628656
0.1743;0.17548083
0.1725;0.17512047
0.1724;0.17445146
0.1734;0.17389219
0.1711;0.17373437
0.1707;0.17309754
0.1694;0.17246309
0.1702;0.17165115
0.1711;0.17121772
0.1709;0.17116891
0.1703;0.17114633
0.1704;0.1709938
0.1709;0.17088827
0.1699;0.17093821
0.1697;0.17074718
0.1706;0.1705237
0.172;0.1705722
0.1712;0.1709974
0.176;0.17117514
0.1729;0.17249008
0.1751;0.1728513
0.1731;0.17356719
0.179;0.1736295
0.1804;0.17507242
0.1821;0.17668405
0.182;0.17837499
0.1843;0.17963488
0.1844;0.1810975
0.1845;0.18223393
0.1849;0.18306626
0.1871;0.18373834
0.1885;0.18476315
0.1877;0.18592687
0.1871;0.18662404
0.186;0.18693313
0.1844;0.18682072
0.1821;0.18626232
0.1821;0.1851903
0.1819;0.18430267
0.18;0.18360013
0.1807;0.18262632
0.1798;0.18204135
0.1797;0.18142655
0.1797;0.18094665
0.1781;0.18060745
0.1764;0.17997475
0.1776;0.17903633
0.1768;0.1785854
0.1767;0.1781073
0.1744;0.17773229
0.1751;0.17688932
0.1759;0.17637067
0.175;0.17621817
0.1743;0.17593676
0.1733;0.17554258
0.1716;0.17497827
0.1724;0.17410126
0.1742;0.17359667
0.1761;0.17371596
0.1769;0.1743805
0.1772;0.1751739
0.1787;0.17587753
0.1791;0.17677335
0.1794;0.17756918
0.1795;0.17823
0.1806;0.17872809
0.1817;0.17935026
0.1822;0.18010524
0.1815;0.18081725
0.1812;0.18117146
0.1819;0.18130945
0.1831;0.1815486
0.1812;0.18203697
0.1794;0.1819614
0.1775;0.18137892
0.1786;0.18037964
0.1781;0.17983444
0.1764;0.17935298
0.1755;0.17858507
0.1746;0.17774712
0.1753;0.1768771
0.1763;0.17639491
0.175;0.17633983
0.1745;0.17604266
0.172;0.17567267
0.1711;0.17475244
0.1705;0.17375652
0.1677;0.17283523
0.167;0.17144957
0.1652;0.17017247
0.1619;0.16876899
0.1624;0.16687407
0.1605;0.16550831
0.1582;0.1640724
0.1566;0.16242316
0.1555;0.16075717
0.1538;0.15922646
0.1515;0.15767296
0.1492;0.15593408
0.1476;0.15402962
0.1482;0.15217458
0.1473;0.15093826
0.1462;0.1498772
0.1445;0.14884901
0.1429;0.14766513
0.141;0.14635728
0.1387;0.14488067
0.133;0.14317156
0.1291;0.14042884
0.1234;0.13724427
0.1226;0.1333448
0.1198;0.13010511
0.1157;0.12705608
0.1135;0.12379268
0.1067;0.12077528
0.1048;0.11685246
0.0991;0.11331218
0.092;0.10927437
0.0874;0.10441726
0.0856;0.09950075
0.0815;0.09533544
0.0768;0.09130145
0.0699;0.08714947
0.0657;0.08231453
0.0586;0.07754292
0.052;0.07219805
0.0485;0.06646979
0.0415;0.06123319
0.0374;0.05563744
0.0304;0.05038209
0.0291;0.04475515
0.0269;0.04015904
0.0259;0.03631154
0.0234;0.03331266
0.0224;0.03059464
0.0269;0.028372
0.0272;0.02789149
0.0262;0.02787974
0.027;0.02774109
0.0274;0.02783069
0.0277;0.028028
0.0302;0.02827081
0.033;0.02907777
0.0358;0.03045934
0.0377;0.03228759
0.0396;0.03421256
0.0411;0.03615426
0.0417;0.03798852
0.0465;0.03949863
0.0495;0.04176446
0.0509;0.04431082
0.0536;0.04662924
0.0545;0.04901225
0.0532;0.05102873
0.0558;0.05216839
0.0576;0.05352558
0.0591;0.05499818
0.0586;0.05649481
0.0603;0.05750273
0.0497;0.05860791
0.0495;0.05682454
0.05;0.05500379
0.0502;0.0536806
0.0491;0.05280159
0.0469;0.05195013
0.0461;0.05078618
0.0433;0.04967028
0.042;0.04814117
0.0408;0.04661027
0.037;0.04515385
0.0353;0.04313393
0.0366;0.04111499
0.0382;0.03990418
0.0358;0.03950856
0.0347;0.03876383
0.0316;0.03790434
0.03;0.0364718
0.0343;0.03491082
0.0316;0.0347611
0.0308;0.03419182
0.0321;0.03353995
0.0319;0.03335094
0.0308;0.03322592
0.0321;0.03288231
0.0351;0.03291377
0.0337;0.0337267
0.0327;0.03411944
0.0333;0.03412632
0.0334;0.03421232
0.0333;0.03430209
0.0333;0.0343462
0.0344;0.0343729
0.0372;0.03466
0.0372;0.03560371
0.0366;0.0364182
0.038;0.03688069
0.0374;0.03751842
0.0364;0.03786659
0.0374;0.03784172
0.0369;0.03800615
0.037;0.03802478
0.0378;0.03804532
0.0382;0.03825503
0.0389;0.03853933
0.0376;0.03894144
0.0374;0.03894373
0.0383;0.03883925
0.0383;0.03895631
0.0379;0.03907362
0.0367;0.03906872
0.0363;0.03875203
0.0353;0.03836559
0.0339;0.03781022
0.0339;0.03702028
0.0348;0.03638694
0.0342;0.03614979
0.0356;0.03588708
0.0362;0.03604115
0.0396;0.0363679
0.0405;0.03748715
0.0397;0.03867428
0.0403;0.03939997
0.0418;0.04002742
0.0417;0.04084158
0.0434;0.04145243
0.0447;0.04230412
0.0443;0.04329595
0.0462;0.04396911
0.0451;0.04489967
0.0406;0.0453584
0.0414;0.04452933
0.0399;0.04389851
0.0427;0.04305065
0.0392;0.04307237
0.0405;0.04235267
0.042;0.04204283
0.0406;0.04222502
0.0431;0.04209917
0.0437;0.04258805
0.0421;0.04318897
0.0434;0.04327766
0.0441;0.04359218
0.0461;0.04402189
0.0485;0.04485904
0.0518;0.04614438
0.0521;0.04800187
0.0543;0.04956915
0.0564;0.05126164
0.0609;0.05306378
0.0675;0.05554697
0.0663;0.05914762
0.0681;0.06173771
0.0743;0.06400785
0.0795;0.06717595
0.0815;0.07096305
0.0809;0.07441404
0.079;0.07682429
0.0819;0.07800175
0.0851;0.07939317
0.085;0.08122717
0.0853;0.0826457
0.0866;0.08373582
0.0856;0.08481885
0.0873;0.08537279
0.0861;0.0861308
0.0862;0.08641846
0.0859;0.08659349
0.0873;0.08662248
0.0897;0.08696581
0.0931;0.08786132
0.0953;0.08946634
0.0928;0.09133625
0.0938;0.09217699
0.0956;0.09291326
0.097;0.093871
0.094;0.09496337
0.0932;0.09506273
0.0937;0.09479691
0.0938;0.09464289
0.0922;0.0945562
0.0922;0.09410577
0.0935;0.09371687
0.0919;0.09374817
0.0965;0.09343679
0.0928;0.09430645
0.0935;0.09420592
0.0956;0.09419094
0.0954;0.09469245
0.0956;0.09509382
0.0931;0.09544322
0.0932;0.09507598
0.0981;0.09471816
0.0983;0.09564975
0.0977;0.09658538
0.0934;0.09717204
0.0934;0.09649731
0.0936;0.09579638
0.0947;0.09528252
0.0938;0.09519317
0.0973;0.09497015
0.0978;0.09566471
0.0952;0.09644267
0.0953;0.09641574
0.0952;0.09630691
0.0931;0.09616768
0.0929;0.09553239
0.0938;0.09493213
0.0936;0.09469793
0.0922;0.09452601
0.0917;0.09406839
0.0909;0.0935619
0.0937;0.09296908
0.0929;0.09320471
0.0909;0.09330226
0.0905;0.09287985
0.0903;0.09238617
0.0922;0.09194177
0.0893;0.09208374
0.086;0.09155783
0.0844;0.09026176
0.0839;0.08876365
0.0829;0.08746396
0.0807;0.08626272
0.0796;0.08483554
0.076;0.08346227
0.0743;0.08154279
0.0725;0.0796012
0.0706;0.07768141
0.0659;0.07577149
0.0634;0.07317758
0.0608;0.07051115
0.0616;0.06783867
0.062;0.06602535
0.0619;0.06489081
0.0593;0.06413779
0.0564;0.06300699
0.0559;0.06139707
0.054;0.05998411
0.0478;0.05846959
0.0484;0.05579109
0.0451;0.05375083
0.0448;0.05147052
0.0446;0.0496608
0.0444;0.04831884
0.0454;0.04734332
0.0433;0.04692545
0.044;0.04618823
0.0445;0.04577405
0.0452;0.0456277
0.0453;0.04573739
0.0472;0.04589038
0.0467;0.04648742
0.0479;0.04688078
0.0489;0.04745289
0.0507;0.0481519
0.0524;0.04914372
0.0534;0.05035555
0.0527;0.05155315
0.0539;0.05228414
0.0522;0.05305961
0.0563;0.05321699
0.054;0.05425442
0.0541;0.0545815
0.0534;0.05476661
0.055;0.05469627
0.0548;0.05499448
0.055;0.05521718
0.0548;0.05543141
0.0538;0.05554101
0.056;0.05536049
0.057;0.05572192
0.0578;0.05631345
0.0548;0.05700263
0.0562;0.0568017
0.0571;0.05686658
0.0559;0.05715451
0.0545;0.05711176
0.0533;0.05669131
0.0525;0.05601534
0.0513;0.05526138
0.0511;0.05437979
0.0484;0.05364669
0.0479;0.05244913
0.0467;0.05136039
0.0456;0.05025174
0.0412;0.04914634
0.0378;0.04723222
0.0364;0.04483552
0.0387;0.04259685
0.0344;0.04149045
0.0342;0.03977378
0.0335;0.03837262
0.033;0.03718296
0.0321;0.03620394
0.0315;0.03528463
0.0286;0.03446109
0.0292;0.03314542
0.0292;0.03223224
0.0298;0.03159422
0.0291;0.03131258
0.0302;0.03099078
0.0298;0.03102328
0.0299;0.03100261
0.0291;0.03101232
0.027;0.03082693
0.0248;0.03014233
0.0258;0.02900663
0.0252;0.02831711
0.0252;0.02770593
0.0251;0.02726874
0.0245;0.02694546
0.0239;0.02657705
0.0248;0.02614921
0.0253;0.02603881
0.0262;0.02612491
0.0263;0.02644838
0.0269;0.02675785
0.0262;0.02714237
0.026;0.02727081
0.0268;0.02728118
0.0269;0.02746128
0.0271;0.02764305
0.0298;0.02783313
0.0305;0.02864177
0.0286;0.02951524
0.0288;0.02973017
0.0292;0.02984486
0.0273;0.02999744
0.0276;0.02964609
0.0274;0.02938036
0.0246;0.02913186
0.0249;0.02826049
0.025;0.02758589
0.0242;0.02711749
0.0243;0.02660335
0.0239;0.02624056
0.0238;0.02589206
0.0201;0.0256114
0.0204;0.02450272
0.0229;0.02361912
0.0203;0.02358208
0.0191;0.0230471
0.0213;0.02229734
0.0209;0.02223127
0.0195;0.02217979
0.0191;0.02181626
0.0175;0.02139984
0.0162;0.02067796
0.0161;0.0197674
0.0137;0.01902163
0.0133;0.0178915
0.0131;0.01688903
0.0121;0.01609644
0.0111;0.01528932
0.0105;0.01444077
0.0096;0.01364953
0.0093;0.0128414
0.0083;0.0121588
0.0062;0.01141911
0.0047;0.01034261
0.0064;0.009113
0.0081;0.00857259
0.0072;0.00868293
0.0071;0.00866157
0.0055;0.0086196
0.0046;0.00819119
0.0049;0.00758827
0.0034;0.00717145
0.0014;0.00651325
-0.0012;0.00549594
0.0003;0.00403398
-0.0001;0.00322369
-0.0021;0.00260351
0.001;0.00169207
-0.0009;0.00172772
0.0016;0.00142706
0.0019;0.00178473
0.001;0.00222163
-0.0044;0.00235758
-0.0043;0.00109628
-0.0026;-4.9819704e-05
-0.0057;-0.00051508
-0.0072;-0.0015203
-0.0076;-0.00270792
-0.0086;-0.00373864
-0.0101;-0.00474075
-0.0105;-0.0058536
-0.0101;-0.00680446
-0.0119;-0.00740007
-0.0139;-0.00822994
-0.015;-0.00936955
-0.0178;-0.01054852
-0.023;-0.01213427
-0.024;-0.01466115
-0.0238;-0.01696278
-0.0252;-0.0186367
-0.0262;-0.02013814
-0.0282;-0.02146875
-0.0288;-0.02292542
-0.0292;-0.02418328
-0.0277;-0.02520024
-0.0297;-0.02555869
-0.0312;-0.02620796
-0.0324;-0.02709008
-0.0356;-0.02808851
-0.0382;-0.02964466
-0.0415;-0.03153966
-0.0439;-0.03383674
-0.0464;-0.03622305
-0.049;-0.03865307
-0.0473;-0.04112533
-0.0484;-0.04258231
-0.0525;-0.04379033
-0.0568;-0.04563204
-0.0578;-0.04815344
-0.0584;-0.05041826
-0.0607;-0.05224985
-0.0626;-0.05411584
-0.064;-0.05597654
-0.0648;-0.0577173
-0.0651;-0.05920476
-0.0646;-0.06035628
-0.0646;-0.061044
-0.0643;-0.06148089
-0.0642;-0.06168598
-0.0641;-0.06177294
-0.0598;-0.06178974
-0.0573;-0.06074548
-0.0553;-0.05918432
-0.0526;-0.05741497
-0.0508;-0.05537797
-0.0507;-0.05335797
-0.0485;-0.05180744
-0.0472;-0.05017788
-0.0461;-0.04863399
-0.0441;-0.04721602
-0.0417;-0.04568281
-0.0389;-0.04392935
-0.0345;-0.04189027
-0.0332;-0.03923288
-0.0318;-0.03681129
-0.0301;-0.03466655
-0.03;-0.0326844
-0.0279;-0.03120036
-0.0198;-0.02965296
-0.0166;-0.02651495
-0.0171;-0.02312634
-0.0189;-0.02061808
-0.0166;-0.01929343
-0.0173;-0.01793898
-0.0192;-0.01711864
-0.0204;-0.01704932
-0.0217;-0.01741834
-0.0228;-0.01810066
-0.0254;-0.01894353
-0.0278;-0.02024535
-0.0308;-0.02188565
-0.0348;-0.02391557
-0.0369;-0.02648801
-0.0407;-0.02903098
-0.0425;-0.0318807
-0.0447;-0.03451293
-0.0454;-0.03700416
-0.0481;-0.03902414
-0.0501;-0.0411246
-0.0517;-0.04319331
-0.0529;-0.04513669
-0.0536;-0.04687267
-0.0532;-0.04831546
-0.0536;-0.04925445
-0.0548;-0.04997288
-0.0536;-0.05075801
-0.0529;-0.0510622
-0.0551;-0.05104803
-0.0543;-0.05151029
-0.0539;-0.05172977
-0.0513;-0.05177168
-0.0465;-0.0511396
-0.0474;-0.04938683
-0.0462;-0.04809343
-0.0433;-0.04686872
-0.042;-0.04526065
-0.039;-0.04367714
-0.0426;-0.04174903
-0.0403;-0.04111838
-0.0392;-0.04027676
-0.0373;-0.03937431
-0.0348;-0.03822085
-0.0344;-0.03670203
-0.0353;-0.03539727
-0.0339;-0.0346567
-0.0338;-0.03384988
-0.0304;-0.03322263
-0.0291;-0.03194961
-0.0294;-0.03057854
-0.0303;-0.02958792
-0.0301;-0.02911558
-0.0273;-0.02880073
-0.0286;-0.02791984
-0.0279;-0.02749137
-0.0256;-0.02705372
-0.027;-0.02617165
-0.0299;-0.02578124
-0.0311;-0.02625846
-0.0299;-0.02705543
-0.0303;-0.02743597
-0.0324;-0.02776594
-0.032;-0.02850802
-0.0324;-0.02903027
-0.0325;-0.02949713
-0.0342;-0.02986006
-0.0327;-0.03052924
-0.0307;-0.03071246
-0.0302;-0.03029553
-0.0355;-0.02975561
-0.0336;-0.03060414
-0.0339;-0.03099104
-0.0332;-0.03131914
-0.0324;-0.03137892
-0.0283;-0.03118455
-0.0256;-0.02999249
-0.0239;-0.0282755
-0.0201;-0.0264614
-0.0178;-0.02413774
-0.015;-0.02174535
-0.0104;-0.01923762
-0.0076;-0.01620576
-0.0038;-0.01315647
-0.0021;-0.00991633
0.0038;-0.00703143
0.008;-0.00346591
0.0119;0.00034039
0.0118;0.00421238
0.0177;0.00711815
0.0204;0.01060646
0.0221;0.01395596
0.0225;0.0168829
0.0233;0.0191162
0.0249;0.0208758
0.0244;0.02250121
0.0241;0.02356616
0.0232;0.02420396
0.0223;0.02438357
0.0181;0.02421615
0.0148;0.02299417
0.0123;0.02109602
0.0084;0.01892544
0.0055;0.01627593
0.0042;0.01349161
-0.0031;0.01104629
-0.0047;0.00746759
-0.0058;0.00421922
-0.0094;0.00152938
-0.0125;-0.00128378
-0.0132;-0.00416172
-0.013;-0.00650979
-0.0153;-0.00814873
-0.0164;-0.00982213
-0.0167;-0.01133617
-0.0165;-0.01252371
-0.0172;-0.01331506
-0.0174;-0.01401246
-0.0166;-0.01456112
-0.0155;-0.01475275
-0.0141;-0.01456982
-0.0104;-0.0140235
-0.0089;-0.01264214
-0.0075;-0.01109803
0.0014;-0.00954696
0.0026;-0.00619452
0.0043;-0.00310398
0.008;-0.00035702
0.0093;0.00256163
0.0118;0.00509158
0.0129;0.00755109
0.0162;0.00965037
0.0175;0.01198114
0.0181;0.0140787
0.0194;0.01577298
0.0184;0.01729986
0.0203;0.01816631
0.0219;0.01917883
0.0216;0.02033806
0.0216;0.02116027
0.022;0.02173195
0.0233;0.02221414
0.0245;0.02287517
0.0235;0.0236911
0.0252;0.02408672
0.0249;0.02474288
0.0258;0.02519156
0.0256;0.02572405
0.0262;0.02608332
0.0254;0.02647626
0.0268;0.02657596
0.0262;0.02695107
0.0263;0.02711983
0.0259;0.02724634
0.0259;0.02723236
0.0264;0.027199
0.0285;0.0272902
0.0288;0.02789301
0.0314;0.02850029
0.0324;0.02961035
0.0319;0.03076797
0.0324;0.03153482
0.0332;0.03217768
0.0343;0.03282879
0.035;0.0335855
0.0331;0.03434217
0.0313;0.03444617
0.0302;0.03398363
0.0301;0.03326334
0.0306;0.03264217
0.028;0.03230528
0.028;0.03145791
0.0272;0.0307519
0.026;0.03003395
0.0221;0.02919973
0.0235;0.02759716
0.0216;0.02661714
0.0199;0.02548802
0.0185;0.02421296
0.019;0.02288678
0.0203;0.02200071
0.0194;0.02171878
0.019;0.02138843
0.0185;0.02105124
0.0176;0.02067428
0.0178;0.02016327
0.0161;0.01980648
0.0194;0.01914072
0.0178;0.01940691
0.0178;0.01934801
0.0197;0.0192774
0.0198;0.01968338
0.0198;0.02008395
0.0206;0.02039623
0.0213;0.02081522
0.0217;0.02131588
0.0228;0.02180516
0.0222;0.0224438
0.0214;0.02279903
0.0239;0.02283044
0.0253;0.0234123
0.0258;0.02426786
0.0255;0.0250884
0.0262;0.02563491
0.0267;0.02617621
0.0257;0.02669789
0.0262;0.02684024
0.0259;0.02701229
0.0251;0.02706271
0.023;0.02688539
0.0203;0.02619889
0.0215;0.02493668
0.0209;0.02418171
0.0174;0.02352767
0.0145;0.02220365
0.0133;0.0203994
0.0173;0.0186588
0.0149;0.01832729
0.0131;0.01770309
0.0164;0.01678429
0.019;0.01685516
0.0196;0.0176882
0.0204;0.01860126
0.0202;0.01951845
0.0197;0.02016342
0.0206;0.02048409
0.0198;0.02088959
0.02;0.0210016
0.0205;0.02109168
0.0198;0.0212718
0.0165;0.02124774
0.0176;0.02039116
0.02;0.01988593
0.0192;0.02012692
0.0206;0.0202314
0.0223;0.02065343
0.0231;0.02143518
0.0219;0.02228134
0.023;0.02264229
0.0239;0.02311285
0.0255;0.02369181
0.0276;0.0245378
0.0271;0.02573336
0.0267;0.02656911
0.0283;0.02705437
0.0272;0.02775116
0.0252;0.02802627
0.0228;0.02768222
0.0218;0.02673037
0.0222;0.0256603
0.0218;0.02491913
0.022;0.02430916
0.0186;0.02392818
0.0187;0.0228463
0.0181;0.02195754
0.0159;0.02115403
0.0157;0.02002572
0.0134;0.01908179
0.0133;0.01782785
0.0125;0.01681713
0.0133;0.01589053
0.0124;0.01540817
0.0123;0.01489506
0.0127;0.01449159
0.0124;0.01430332
0.0109;0.01412334
0.0134;0.01362702
0.0087;0.01381953
0.0071;0.01290837
0.0053;0.01167961
0.0072;0.01023987
0.0069;0.00957924
0.0083;0.00912139
0.0082;0.00917077
0.008;0.00926822
0.0095;0.00931324
0.0084;0.00970916
0.0055;0.00978907
0.0049;0.00909902
0.0081;0.00830843
0.0101;0.00846207
0.0111;0.00920695
0.0117;0.01012631
0.0122;0.01100939
0.0119;0.01179658
0.0116;0.01229952
0.0136;0.01255802
0.0127;0.01319806
0.0133;0.01350948
0.0138;0.01385008
0.0133;0.01422617
0.0135;0.01439161
0.0124;0.01453411
0.0127;0.0143628
0.0135;0.01425874
0.0134;0.01437895
0.0142;0.01447981
0.0136;0.01475502
0.0148;0.01484151
0.0146;0.01517665
0.014;0.01541294
0.0111;0.01543415
0.0117;0.01470442
0.0123;0.01418278
0.0118;0.01394953
0.0088;0.01369864
0.0089;0.01278007
0.0063;0.01201274
0.0055;0.01080445
0.0056;0.00963441
0.0056;0.00877409
0.0028;0.00817416
0.0015;0.00708493
0.0024;0.00588028
-0.0017;0.00516512
-0.001;0.00369372
-0.002;0.00265468
-0.0057;0.00167658
-0.004;5.376496e-05
-0.0059;-0.00084721
-0.0075;-0.0018956
-0.0063;-0.00308173
-0.0065;-0.00370349
-0.0061;-0.00413779
-0.0042;-0.00432422
-0.0062;-0.00395548
-0.0073;-0.00407573
-0.0066;-0.00449551
-0.0065;-0.00469727
-0.0065;-0.00480056
-0.0065;-0.00485859
-0.0071;-0.0048921
-0.0025;-0.00505878
-0.0053;-0.00407846
-0.0081;-0.00385405
-0.0085;-0.0044566
-0.0101;-0.0051506
-0.0112;-0.00610133
-0.0112;-0.00712967
-0.0112;-0.00792183
-0.0131;-0.00848399
-0.0155;-0.00932991
-0.0146;-0.01058961
-0.0151;-0.01138803
-0.0149;-0.01205162
-0.0175;-0.01247093
-0.0199;-0.01337904
-0.0216;-0.01471695
-0.022;-0.01621697
-0.0271;-0.01748113
-0.0289;-0.01964534
-0.0265;-0.0218467
-0.0275;-0.02294664
-0.0296;-0.02385191
-0.0294;-0.0249872
-0.0317;-0.02582071
-0.0339;-0.02696771
-0.0314;-0.02840917
-0.0318;-0.02893861
-0.0314;-0.02930222
-0.0318;-0.02943066
-0.0311;-0.02958177
-0.031;-0.02952236
-0.0287;-0.02942106
-0.0272;-0.02877285
-0.0259;-0.02783326
-0.025;-0.02675009
-0.0228;-0.02568424
-0.022;-0.02434368
-0.0243;-0.02309734
-0.0239;-0.02272776
-0.0239;-0.02248891
-0.0241;-0.02235182
-0.023;-0.02231874
-0.0237;-0.02204416
-0.0247;-0.02197346
-0.0253;-0.02218939
-0.0239;-0.0225468
-0.0251;-0.02250406
-0.0267;-0.02270716
-0.0309;-0.02327815
-0.0335;-0.02479326
-0.0355;-0.02672345
-0.0353;-0.02875315
-0.0379;-0.03026121
-0.0357;-0.03195219
-0.0387;-0.03270497
-0.0404;-0.0338598
-0.0424;-0.03518233
-0.0441;-0.03669886
-0.0449;-0.03829046
-0.0448;-0.03970123
-0.047;-0.04071399
-0.0469;-0.04194543
-0.0469;-0.04287229
-0.0464;-0.04352777
-0.0465;-0.04385098
-0.0464;-0.04405966
-0.0461;-0.04416585
-0.046;-0.04415353
-0.0445;-0.04409895
-0.0438;-0.04368362
-0.0436;-0.04314329
-0.0405;-0.04265913
-0.0424;-0.04154509
-0.0385;-0.04107162
-0.034;-0.03984994
-0.0345;-0.03773277
-0.0317;-0.03610451
-0.0328;-0.03424719
-0.0329;-0.03309105
-0.0292;-0.03234907
-0.027;-0.03097026
-0.0249;-0.02930975
-0.0237;-0.02748866
-0.0251;-0.02579084
-0.0252;-0.02486794
-0.0251;-0.02431978
-0.0254;-0.0239606
-0.0263;-0.02380404
-0.0249;-0.02394231
-0.0213;-0.02375568
-0.0191;-0.0226944
-0.0196;-0.02121616
-0.0159;-0.02013794
-0.0143;-0.01847149
-0.0149;-0.01674541
-0.0122;-0.01557021
-0.0119;-0.01410779
-0.0141;-0.01290377
-0.0145;-0.01256894
-0.0152;-0.01255379
-0.0127;-0.01278508
-0.0121;-0.01239664
-0.0095;-0.01186928
-0.0069;-0.01080002
-0.0039;-0.00927103
-0.0034;-0.00730215
0.0038;-0.0056182
0.0026;-0.00261978
0.0014;-0.0004643
0.0035;0.00076739
0.0111;0.00204916
0.0132;0.0048576
0.0142;0.00771523
0.0163;0.01015659
0.0158;0.01245053
0.0152;0.01401976
0.016;0.01493726
0.0191;0.01570553
0.0227;0.01700297
0.0221;0.01893753
0.02;0.02035455
0.0222;0.02084424
0.0188;0.02160083
0.0164;0.02134992
0.0174;0.02042365
0.0186;0.0198455
0.0209;0.01973854
0.0201;0.02030178
0.0209;0.02064385
0.0212;0.02108277
0.0248;0.02149726
0.0258;0.02269111
0.0274;0.02395144
0.0303;0.02532185
0.0343;0.02708545
0.0378;0.02945707
0.041;0.03220246
0.0421;0.03512614
0.0439;0.03763172
0.0471;0.03990029
0.0482;0.04234723
0.0528;0.04447575
0.0531;0.04716553
0.0581;0.04933622
0.0633;0.05213693
0.064;0.05560734
0.0656;0.05850035
0.0688;0.0610012
0.0691;0.06359887
0.07;0.06562544
0.0704;0.06728571
0.0709;0.06856233
0.0689;0.06957638
0.0682;0.06979312
0.0686;0.06965661
0.0664;0.06957965
0.0662;0.06897556
0.0698;0.06839512
0.0677;0.06884068
0.0681;0.06880733
0.0692;0.06883679
0.0678;0.06913136
0.0635;0.06904559
0.0639;0.06786844
0.0636;0.06691194
0.0638;0.06612338
0.0618;0.06560829
0.0611;0.06477337
0.0597;0.0639338
0.0597;0.06294959
0.0571;0.06218792
0.0554;0.06100333
0.0561;0.05963629
0.057;0.05874521
0.056;0.05836356
0.0537;0.05791782
0.0544;0.05702044
0.0539;0.05645164
0.0558;0.05593818
0.0561;0.0560368
0.0568;0.05627874
0.0539;0.05667054
0.0556;0.05627669
0.0543;0.05628714
0.0528;0.0560145
0.0519;0.05540512
0.0532;0.05466903
0.052;0.05440874
0.0519;0.05398411
0.0521;0.05362797
0.0533;0.05341747
0.0546;0.05357861
0.0576;0.05407993
0.0548;0.05525793
0.0594;0.05556194
0.0614;0.05681388
0.0626;0.05836873
0.0651;0.05989921
0.0661;0.06167311
0.0684;0.0632885
0.0684;0.06505232
0.0708;0.06639485
0.0722;0.06793698
0.0763;0.06946014
0.0812;0.07161954
0.0837;0.07454859
0.0841;0.07749629
0.0858;0.07983176
0.0886;0.08191793
0.0907;0.08412473
0.0903;0.08631048
0.0901;0.08785008
0.0928;0.08886024
0.0936;0.0901936
0.0925;0.09142436
0.0925;0.09206625
0.0927;0.09245975
0.0938;0.09275272
0.0919;0.09322267
0.0899;0.09312633
0.0882;0.09247886
0.0882;0.09147634
0.0863;0.09065607
0.0843;0.08958562
0.0841;0.08825364
0.0807;0.08716063
0.0821;0.08552588
0.0824;0.08457172
0.079;0.08401781
0.0765;0.08283478
0.0744;0.08124719
0.0721;0.07946091
0.0723;0.07750902
0.0742;0.07606266
0.0756;0.07551807
0.0725;0.07560255
0.0732;0.07501658
0.0741;0.07466953
0.0751;0.07465164
0.075;0.07493821
0.0747;0.07518252
0.074;0.07529412
0.0729;0.07518458
0.0733;0.07479353
0.0734;0.07455103
0.0721;0.07440788
0.0684;0.07399646
0.0674;0.07273567
0.0679;0.07140916
0.0652;0.07050475
0.0648;0.0692168
0.0642;0.06810492
0.0635;0.06713992
0.0627;0.0662678
0.0601;0.0654335
0.0595;0.06417321
0.0573;0.06301639
0.0575;0.06160897
0.0536;0.06056549
0.0525;0.05886744
0.051;0.05723164
0.0488;0.05562676
0.0475;0.05388312
0.0478;0.05223322
0.0473;0.05107874
0.0455;0.05016463
0.0439;0.04908328
0.0448;0.04785919
0.046;0.04713633
0.0456;0.04695997
0.0454;0.04682307
0.0453;0.04669231
0.0466;0.04657284
0.0457;0.04680523
0.0443;0.04681066
0.0447;0.04644454
0.0418;0.04620745
0.0416;0.04532386
0.0406;0.04451581
0.0412;0.04365772
0.04;0.04315354
0.0404;0.04253149
0.0379;0.04215412
0.0374;0.04128984
0.0413;0.04044998
0.0384;0.04077145
0.0358;0.04047225
0.032;0.039544
0.0284;0.03780442
0.0267;0.03547132
0.0263;0.0331875
0.0265;0.03136291
0.023;0.03011027
0.0166;0.02840761
0.0139;0.02550473
0.0127;0.02246767
0.0124;0.01983725
0.0117;0.01784077
0.0136;0.0162746
0.0123;0.01564626
0.0127;0.0150101
0.0132;0.01465351
0.0106;0.01455244
0.0109;0.0138841
0.0114;0.01337555
0.0144;0.01312594
0.0129;0.01371575
0.0137;0.01392569
0.0152;0.01424434
0.0135;0.01486106
0.0124;0.01495435
0.012;0.01468289
0.0109;0.01431263
0.0108;0.01373857
0.0107;0.01324787
0.0085;0.01286181
0.0086;0.01204989
0.0017;0.01140207
0.0022;0.00923933
-0.0018;0.00750658
-0.0049;0.00525172
-0.0059;0.00272404
-0.0082;0.00052437
-0.0127;-0.00165078
-0.0221;-0.00437563
-0.0215;-0.00880326
-0.0246;-0.01226618
-0.0275;-0.01552499
-0.0307;-0.0186338
-0.0328;-0.02172267
-0.0355;-0.02455234
-0.0444;-0.02729986
-0.045;-0.03151503
-0.0554;-0.03506187
-0.0593;-0.04019286
-0.0619;-0.0452402
-0.0626;-0.04969927
-0.0561;-0.05313924
-0.0583;-0.05397903
-0.0569;-0.054713
-0.0592;-0.05484181
-0.0606;-0.05539399
-0.0611;-0.05620202
-0.0623;-0.05698287
-0.064;-0.05786666
-0.0645;-0.05896141
-0.0637;-0.05994339
-0.061;-0.06047755
-0.0595;-0.06015297
-0.0586;-0.05939855
-0.0558;-0.05852167
-0.0553;-0.05714935
-0.0547;-0.05591282
-0.057;-0.05484422
-0.0543;-0.05462573
-0.0536;-0.05394347
-0.0504;-0.05320902
-0.0436;-0.05186063
-0.0425;-0.04909311
-0.04;-0.04650457
-0.0364;-0.04393657
-0.0336;-0.04113024
-0.0338;-0.03829949
-0.0319;-0.03620686
-0.0292;-0.03428113
-0.0283;-0.03221749
-0.0268;-0.03042901
-0.0262;-0.02875571
-0.0256;-0.02737342
-0.0245;-0.0262346
-0.022;-0.0251539
-0.0261;-0.02374609
-0.0255;-0.02363738
-0.0251;-0.02360123
-0.0249;-0.02351947
-0.0255;-0.02340731
-0.0252;-0.0234631
-0.0265;-0.02345646
-0.0267;-0.0237627
-0.0265;-0.0240891
-0.0266;-0.02429687
-0.0276;-0.02446067
-0.0286;-0.02481793
-0.0284;-0.02535897
-0.0297;-0.02575077
-0.0316;-0.02634475
-0.0317;-0.02728283
-0.0324;-0.02807143
-0.034;-0.02882189
-0.0348;-0.02976787
-0.0348;-0.03070382
-0.0368;-0.0314119
-0.0366;-0.03239708
-0.0372;-0.03312749
-0.0391;-0.03379057
-0.0397;-0.03473631
-0.0387;-0.03563613
-0.0419;-0.03607045
-0.0428;-0.0371036
-0.0415;-0.0381818
-0.0438;-0.03869868
-0.0456;-0.03956313
-0.0458;-0.04069185
-0.0466;-0.0416391
-0.0464;-0.0425267
-0.0483;-0.04313368
-0.0475;-0.04400701
-0.0502;-0.04450479
-0.0504;-0.04548346
-0.0507;-0.04633572
-0.0523;-0.04704233
-0.0499;-0.04793879
-0.0494;-0.0480569
-0.0494;-0.04790761
-0.0489;-0.04773441
-0.0479;-0.04746998
-0.0466;-0.04701256
-0.0466;-0.04631998
-0.046;-0.04575678
-0.0458;-0.04520044
-0.0442;-0.04473655
-0.0418;-0.04401313
-0.0423;-0.04284655
-0.042;-0.04201426
-0.0407;-0.04135423
-0.0415;-0.04057487
-0.0407;-0.04016928
-0.0418;-0.03972463
-0.0406;-0.03966017
-0.0384;-0.03937863
-0.0387;-0.03860687
-0.0383;-0.03801793
-0.0375;-0.03749213
-0.0356;-0.03691441
-0.0351;-0.03601094
-0.0351;-0.03515729
-0.0346;-0.03451364
-0.0327;-0.03394005
-0.0346;-0.03306171
-0.0348;-0.03281817
-0.0333;-0.03277409
-0.032;-0.03242163
-0.0339;-0.03179854
-0.0328;-0.03174275
-0.0322;-0.03151266
-0.0318;-0.03117982
-0.0289;-0.03081304
-0.0282;-0.02982177
-0.0257;-0.0288071
-0.0234;-0.02741406
-0.0219;-0.02574373
-0.0214;-0.02406814
-0.0187;-0.02267606
-0.016;-0.02101215
-0.0141;-0.01906604
-0.0134;-0.01708782
-0.011;-0.01541498
-0.0108;-0.01361478
-0.0093;-0.0121993
-0.0067;-0.01082408
-0.0076;-0.00916899
-0.008;-0.0081027
-0.0086;-0.00748105
-0.0065;-0.00724202
-0.0041;-0.00662016
-0.0061;-0.0055173
-0.0064;-0.00509403
-0.0094;-0.00493919
-0.0087;-0.00561294
-0.0089;-0.00608471
-0.0102;-0.00647936
-0.0127;-0.0070791
-0.0173;-0.00816976
-0.0157;-0.01019388
-0.0162;-0.01148322
-0.0168;-0.01248767
-0.0181;-0.01333
-0.0197;-0.01424675
-0.0203;-0.01533373
-0.0188;-0.01632623
-0.0195;-0.01669742
-0.0185;-0.01705034
-0.0179;-0.01705308
-0.0168;-0.01685272
-0.0179;-0.01639344
-0.0161;-0.01627069
-0.0151;-0.01578369
-0.0142;-0.01512508
-0.0114;-0.01437509
-0.0101;-0.01310719
-0.0076;-0.01175317
-0.0047;-0.01009656
-0.0009;-0.00809094
0.0019;-0.00559093
0.0043;-0.00293964
0.0074;-0.00032092
0.0092;0.00240849
0.0123;0.00491875
0.0162;0.00753597
0.0182;0.01047186
0.0195;0.01322079
0.0202;0.01558707
0.0278;0.01747636
0.0301;0.02068165
0.0317;0.02384187
0.0325;0.02663643
0.0339;0.02888146
0.037;0.03082078
0.0427;0.0329797
0.0461;0.03602956
0.0464;0.0392976
0.0457;0.04188321
0.0503;0.04355931
0.0506;0.04579927
0.0526;0.04761456
0.0532;0.04941973
0.0534;0.05091327
0.0538;0.05203655
0.0549;0.05291567
0.0548;0.05380066
0.0542;0.05443431
0.0549;0.05472423
0.0551;0.05505723
0.0545;0.05535375
0.0544;0.05542315
0.051;0.05541605
0.0513;0.05455463
0.0505;0.05385124
0.049;0.05312725
0.0496;0.05221213
0.0494;0.05164441
0.0481;0.05121606
0.0465;0.05060306
0.0463;0.04972515
0.0484;0.04897234
0.0501;0.04893605
0.0499;0.04943786
0.0499;0.04986473
0.0533;0.0501901
0.0515;0.0512577
0.052;0.05172302
0.0585;0.05212421
0.0605;0.05400751
0.0611;0.05613311
0.0598;0.05795128
0.0624;0.05896029
0.0629;0.06023215
0.0633;0.06132759
0.0633;0.06222673
0.0648;0.06286899
0.0642;0.0636784
0.0629;0.06415555
0.062;0.06414671
0.0642;0.06383743
0.0648;0.06409088
0.0663;0.06450424
0.0664;0.06522307
0.0667;0.06583895
0.0675;0.06636857
0.0671;0.0669493
0.0661;0.06729118
0.0636;0.06726595
0.0632;0.06656839
0.0603;0.06583553
0.0601;0.06454523
0.0591;0.06344119
0.0578;0.06237898
0.0557;0.06127009
0.052;0.05991391
0.0469;0.05794458
0.0445;0.05510963
0.0444;0.05224238
0.0436;0.05003534
0.0418;0.04827641
0.0382;0.04659617
0.0343;0.0444729
0.0321;0.04185434
0.0294;0.03925937
0.0298;0.03663462
0.0279;0.03475517
0.0255;0.03298753
0.0219;0.03110517
0.0219;0.02879358
0.0197;0.02698814
0.0174;0.02515572
0.0166;0.02322098
0.0165;0.02155532
0.0141;0.02031659
0.0141;0.01886753
0.0144;0.01775764
0.0122;0.01704394
0.0125;0.01603558
0.0125;0.01531702
0.0117;0.01481416
0.0129;0.01427887
0.0135;0.01417192
0.0147;0.0143034
0.0159;0.01474354
0.0164;0.01542293
0.0159;0.0161011
0.0201;0.01649485
0.0229;0.01777919
0.0238;0.01955986
0.0251;0.02121643
0.0302;0.0227776
0.0344;0.02518862
0.0361;0.02815895
0.0362;0.03091494
0.0347;0.03299513
0.0355;0.0340835
0.0389;0.0349305
0.0373;0.03634011
0.038;0.03708111
0.0472;0.03772393
0.0462;0.0404447
0.0449;0.04254885
0.0444;0.04377009
0.0443;0.04442242
0.0409;0.04477763
0.0392;0.04414472
0.0396;0.04309287
0.0375;0.04231239
0.0371;0.04123665
0.0351;0.04029182
0.0334;0.03910317
0.0327;0.03775777
0.0312;0.03654522
0.0292;0.03528044
0.0277;0.03383323
0.0269;0.0323484
0.0256;0.03102531
0.0241;0.02973431
0.0243;0.02840426
0.023;0.0274491
0.0216;0.02646749
0.0187;0.02539112
0.021;0.02385587
0.0187;0.02319429
0.019;0.02225237
0.0173;0.02159638
0.0179;0.02072466
0.0156;0.02019023
0.0187;0.01927022
0.02;0.01928882
0.0191;0.01975532
0.0201;0.01997567
0.0206;0.02036364
0.0221;0.02079825
0.0204;0.0215036
0.021;0.02165876
0.0225;0.02184635
0.0193;0.02234736
0.0207;0.02198483
0.0212;0.0219333
0.0222;0.02204348
0.0235;0.02240193
0.0225;0.02303352
0.0227;0.02331095
0.0236;0.0235227
0.022;0.02388464
0.0219;0.02378355
0.0205;0.0236165
0.0204;0.0231258
0.0203;0.02268036
0.0212;0.02231946
0.0214;0.02228242
0.021;0.02235522
0.0179;0.022337
0.0159;0.02155224
0.0144;0.02035302
0.0124;0.01900041
0.0108;0.01745669
0.0105;0.01586962
0.0081;0.01459113
0.0086;0.01308698
0.0086;0.012052
0.0074;0.01134032
0.0073;0.01057145
0.0084;0.00996947
0.0107;0.00981106
0.0109;0.01032716
0.0098;0.01087837
0.0071;0.01104683
0.0045;0.01045612
0.0035;0.00924916
0.0037;0.00798164
0.0033;0.00705018
0.0024;0.00629993
0.0017;0.00555175
0.0009;0.00482381
-0.0003;0.00408409
-0.0014;0.00323247
-0.0022;0.00230512
-0.0037;0.00139715
-0.005;0.00034772
-0.0061;-0.00078119
-0.0074;-0.00191528
-0.0072;-0.00308967
-0.0084;-0.00393089
-0.0096;-0.00480723
-0.0108;-0.00575698
-0.0129;-0.0067762
-0.0154;-0.00806906
-0.016;-0.00969677
-0.0189;-0.01112701
-0.0182;-0.01289035
-0.0159;-0.01409375
-0.0146;-0.01435943
-0.0129;-0.01408441
-0.0112;-0.01335372
-0.0095;-0.01230237
-0.0065;-0.011034
-0.0064;-0.00930401
-0.0068;-0.00790138
-0.0049;-0.00698194
-0.0054;-0.0059068
-0.0045;-0.00520978
-0.0053;-0.0045205
-0.007;-0.0042077
-0.0042;-0.00444667
-0.0039;-0.00403551
-0.0046;-0.00356817
-0.0038;-0.00336389
-0.0037;-0.00305115
-0.004;-0.00278123
-0.004;-0.00265617
-0.0045;-0.002585
-0.0045;-0.00266579
-0.0042;-0.00275157
-0.0061;-0.00274743
-0.0074;-0.00319573
-0.0087;-0.0039178
-0.0097;-0.00483207
-0.0117;-0.00580212
-0.0153;-0.0070349
-0.0154;-0.00888399
-0.0189;-0.0104014
-0.0205;-0.01236316
-0.0231;-0.01429173
-0.0251;-0.01638275
-0.027;-0.01846991
-0.0288;-0.02050781
-0.0303;-0.02247353
-0.0327;-0.02430669
-0.0351;-0.02624925
-0.0364;-0.02830998
-0.0374;-0.03019923
-0.0372;-0.03184236
-0.0416;-0.03298911
-0.0432;-0.03483984
-0.0456;-0.03671922
-0.0471;-0.03873964
-0.0466;-0.04065115
-0.047;-0.04195643
-0.0499;-0.04294026
-0.0503;-0.04432048
-0.0518;-0.04550968
-0.0499;-0.04674978
-0.0523;-0.04722718
-0.0527;-0.04805205
-0.0528;-0.04880586
-0.0536;-0.049394
-0.0555;-0.05000505
-0.0569;-0.05092615
-0.0599;-0.0520087
-0.0593;-0.05358554
-0.0599;-0.05471072
-0.0594;-0.05564649
-0.0601;-0.0561906
-0.0595;-0.05670312
-0.0593;-0.05692859
-0.0569;-0.05700357
-0.0572;-0.05644721
-0.0567;-0.05599792
-0.0576;-0.05553864
-0.0555;-0.05541065
-0.0566;-0.05485668
-0.0565;-0.05464825
-0.0569;-0.05451101
-0.0571;-0.05452328
-0.0569;-0.0546071
-0.0554;-0.0546368
-0.054;-0.05428873
-0.054;-0.0536263
-0.0534;-0.05306828
-0.0519;-0.05250942
-0.0517;-0.05172586
-0.0521;-0.05105233
-0.0488;-0.05065351
-0.0487;-0.04959639
-0.0479;-0.04868041
-0.0475;-0.0478019
-0.0474;-0.04705033
-0.0476;-0.0464809
-0.0471;-0.0461322
-0.0463;-0.04578722
-0.0468;-0.04533938
-0.0478;-0.04510799
-0.0485;-0.04520752
-0.0471;-0.04550912
-0.0474;-0.04543646
-0.0451;-0.04540227
-0.0441;-0.04481426
-0.0402;-0.04404184
-0.0365;-0.04246873
-0.0325;-0.04025306
-0.0291;-0.03749019
-0.0298;-0.03447841
-0.0305;-0.03232737
-0.0292;-0.03100368
-0.0271;-0.02983967
-0.0286;-0.02849958
-0.0278;-0.02783496
-0.0257;-0.02723918
-0.0248;-0.0263053
-0.0231;-0.02533377
-0.0236;-0.02417311
-0.0228;-0.02338991
-0.0247;-0.0226583
-0.025;-0.0225879
-0.0247;-0.0227124
-0.0252;-0.02277986
-0.0231;-0.02295033
-0.022;-0.02258107
-0.0243;-0.02195367
-0.0261;-0.02198894
-0.0265;-0.02254842
-0.025;-0.02316432
-0.0263;-0.02328626
-0.0241;-0.02362164
-0.0265;-0.02335783
-0.0271;-0.02365587
-0.026;-0.02409861
-0.0258;-0.02419881
-0.0247;-0.02417799
-0.0258;-0.02386714
-0.0248;-0.0238525
-0.0226;-0.02363566
-0.0208;-0.02291145
-0.018;-0.02184476
-0.0182;-0.02029226
-0.0166;-0.01908776
-0.0124;-0.01783092
-0.0113;-0.01585876
-0.0083;-0.01399598
-0.008;-0.01185936
-0.0044;-0.01013701
-0.0027;-0.00801747
-0.0004;-0.00595597
0.0024;-0.00384204
0.0054;-0.00155845
0.0076;0.00092132
0.0088;0.00336001
0.0146;0.00548765
0.0167;0.00846244
0.0199;0.01133515
0.0237;0.01428605
0.0261;0.01744975
0.0255;0.02045167
0.0301;0.02254201
0.0325;0.02510277
0.0319;0.02766493
0.0285;0.02945272
0.0302;0.02984557
0.0314;0.03032851
0.0338;0.03096246
0.0334;0.03205078
0.0332;0.03284353
0.034;0.03335828
0.034;0.03389407
0.0343;0.03429187
0.0353;0.03464354
0.0351;0.0351436
0.0356;0.03549103
0.0355;0.03585595
0.0354;0.0361048
0.0364;0.03624973
0.0353;0.03658623
0.0381;0.03659422
0.0345;0.03724474
0.0333;0.03693634
0.0344;0.03628041
0.0355;0.03598317
0.0345;0.03607289
0.0283;0.03596075
0.0283;0.0343327
0.0266;0.03287611
0.0278;0.03135
0.0299;0.03048752
0.0294;0.03045515
0.0251;0.03045034
0.023;0.02941736
0.02;0.02797246
0.0195;0.02606055
0.0191;0.02441584
0.0168;0.02310871
0.0188;0.02161851
0.026;0.02097119
0.0254;0.02237813
0.0257;0.02361918
0.0265;0.02465563
0.0274;0.02560171
0.0274;0.02651379
0.0283;0.02719043
0.0295;0.02788325
0.032;0.02869532
0.0335;0.02993834
0.0337;0.03130972
0.0349;0.03242035
0.0391;0.03351555
0.0383;0.03536382
0.0399;0.03666743
0.0439;0.03797829
0.0462;0.03993808
0.0493;0.0420731
0.0534;0.04448419
0.0567;0.04735461
0.0562;0.05040115
0.0619;0.0526043
0.0625;0.05554648
0.067;0.05799259
0.0692;0.06088404
0.0709;0.0636546
0.068;0.0661471
0.0681;0.06725787
0.0669;0.06790352
0.0689;0.06798593
0.0702;0.06844269
0.0717;0.06914747
0.0708;0.07009313
0.0718;0.07062408
0.0724;0.07121579
0.0708;0.07180747
0.0713;0.07185581
0.0719;0.07193529
0.0714;0.07213415
0.0707;0.07217659
0.069;0.07201532
0.0677;0.07143997
0.0677;0.07061938
0.0658;0.06995574
0.063;0.06900363
0.0604;0.06755735
0.0594;0.06574878
0.0596;0.06407645
0.0585;0.06287998
0.0544;0.06178357
0.05;0.05997592
0.049;0.05743071
0.0474;0.055144
0.0472;0.05304958
0.0476;0.05146059
0.0469;0.05044762
0.0464;0.04961428
0.0458;0.04890823
0.0466;0.04825512
0.0476;0.0479731
0.0481;0.04806481
0.0488;0.04832235
0.0518;0.04872375
0.0546;0.04979204
0.0574;0.05138905
0.0619;0.05337594
0.0646;0.05605316
0.0677;0.05884468
0.0678;0.06174247
0.0688;0.063963
0.0715;0.06577928
0.0728;0.06773314
0.0741;0.06952924
0.0772;0.07117812
0.0796;0.07315816
0.0802;0.07528366
0.0817;0.07705709
0.0824;0.07871239
0.0821;0.08010191
0.0822;0.08102669
0.0828;0.08166946
0.0817;0.08224613
0.0809;0.08238789
0.0801;0.08222941
0.0795;0.08185676
0.0829;0.08138798
0.0825;0.08185862
0.0842;0.08224852
0.0853;0.08297483
0.0866;0.08384316
0.0874;0.08484631
0.088;0.08582163
0.0884;0.08670173
0.0894;0.08744664
0.0902;0.08823093
0.0932;0.0890197
0.0948;0.09035737
0.098;0.09183905
0.0995;0.09378068
0.1025;0.09568251
0.105;0.09786084
0.1075;0.10015664
0.1108;0.10252393
0.1135;0.1051342
0.116;0.10780084
0.1189;0.11043704
0.1202;0.11313327
0.1218;0.1154861
0.1249;0.11759967
0.1268;0.11991312
0.129;0.12214246
0.1303;0.12435415
0.1307;0.12633178
0.1309;0.12787874
0.132;0.12901907
0.1352;0.13007721
0.1357;0.13164553
0.136;0.13301577
0.1362;0.13410167
0.1333;0.13492066
0.1302;0.1347631
0.1273;0.13372163
0.1259;0.13206321
0.1237;0.13035586
0.1205;0.12850231
0.1188;0.12629162
0.1154;0.12415596
0.1111;0.12171008
0.1086;0.11876196
0.1041;0.11584892
0.0994;0.11253716
0.0942;0.10882683
0.0918;0.10468446
0.0889;0.10090724
0.0851;0.09739631
0.0818;0.09386787
0.0789;0.09040856
0.0756;0.08710536
0.0741;0.08383434
0.0732;0.0810173
0.0716;0.07874912
0.0719;0.07674401
0.0719;0.07536791
0.0713;0.07443674
0.0718;0.07367201
0.0703;0.07325946
0.0689;0.07263608
0.0702;0.07179958
0.0692;0.07145695
0.0701;0.07101928
0.0688;0.07091124
0.0697;0.07055652
0.0689;0.07048442
0.0677;0.07026891
0.0673;0.06979541
0.0653;0.06929979
0.0639;0.06842281
0.0632;0.06736022
0.0625;0.06635206
0.0628;0.06542452
0.0614;0.06481536
0.0589;0.06406192
0.0606;0.0628657
0.0612;0.06231874
0.0618;0.06214127
0.0627;0.06222665
0.0632;0.06256384
0.0625;0.0629859
0.0651;0.06314939
0.0669;0.06387897
0.0667;0.06494935
0.063;0.06576764
0.0635;0.0654403
0.0631;0.06514184
0.062;0.06479281
0.0606;0.06424863
0.0594;0.06346413
0.0579;0.06253812
0.0564;0.06144473
0.0547;0.06022417
0.0525;0.05886444
0.0491;0.05727603
0.0455;0.05520641
0.0425;0.05268615
0.0371;0.04997325
0.0322;0.04656369
0.0278;0.04268526
0.0223;0.03860005
0.0175;0.03413343
0.0129;0.02953342
0.009;0.02491646
0.0022;0.02048205
-0.0033;0.01550869
-0.0071;0.01034428
-0.0129;0.00548743
-0.0172;0.00045636
-0.0215;-0.00439916
-0.0271;-0.00907945
-0.0315;-0.01393727
-0.0342;-0.0186894
-0.0382;-0.02291299
-0.0419;-0.02698351
-0.0433;-0.03091217
-0.0457;-0.03418466
-0.0496;-0.03712773
-0.0524;-0.04022493
-0.0531;-0.04325294
-0.0545;-0.04569727
-0.0548;-0.04778724
-0.0563;-0.04936514
-0.0555;-0.05082826
-0.0551;-0.05170537
-0.0535;-0.05217413
-0.0538;-0.05206072
-0.0545;-0.05194606
-0.0539;-0.05201416
-0.0532;-0.05194733
-0.0515;-0.05171114
-0.0499;-0.05109135
-0.048;-0.05017139
-0.0455;-0.04895977
-0.044;-0.04738538
-0.042;-0.04577026
-0.0405;-0.04405112
-0.0379;-0.04237333
-0.0352;-0.04048076
-0.0327;-0.03836565
-0.0297;-0.0361241
-0.0264;-0.03367933
-0.0247;-0.03099879
-0.0244;-0.02852412
-0.0192;-0.02661293
-0.0174;-0.0239968
-0.0172;-0.0214945
-0.017;-0.01956304
-0.0156;-0.01814868
-0.0156;-0.0168364
-0.0148;-0.01587898
-0.0143;-0.01502121
-0.0157;-0.01427759
-0.0176;-0.01408037
-0.02;-0.01448252
-0.0231;-0.01547703
-0.0253;-0.0170896
-0.0267;-0.01895169
-0.0293;-0.02075021
-0.03;-0.02273562
-0.032;-0.02442845
-0.0331;-0.02614927
-0.0359;-0.02771023
-0.0394;-0.02954263
-0.0411;-0.03181263
-0.044;-0.03401045
-0.0464;-0.03637195
-0.0494;-0.03875912
-0.051;-0.04129434
-0.0535;-0.04361716
-0.0545;-0.04594513
-0.0544;-0.04793791
-0.0557;-0.04936257
-0.0568;-0.0506548
-0.0558;-0.05185991
-0.0559;-0.05250729
-0.0551;-0.05293034
-0.0554;-0.05300611
-0.0559;-0.05307512
-0.0558;-0.05323849
-0.0532;-0.05335142
-0.0494;-0.05280018
-0.0459;-0.0513574
-0.0463;-0.04926413
-0.0434;-0.047659
-0.0405;-0.04580197
-0.0369;-0.0436697
-0.0331;-0.04114026
-0.0296;-0.03824089
-0.0274;-0.03513668
-0.0269;-0.03222089
-0.024;-0.0299264
-0.0229;-0.02759191
-0.0221;-0.02557617
-0.0191;-0.02391309
-0.0175;-0.02199094
-0.0184;-0.020123
-0.0176;-0.01893889
-0.0163;-0.01795771
-0.0147;-0.01695023
-0.0116;-0.01580399
-0.011;-0.01416215
-0.01;-0.0126999
-0.0078;-0.01136935
-0.006;-0.00985356
-0.0048;-0.00824837
-0.0057;-0.00672909
-0.0052;-0.0058163
-0.0042;-0.00510192
-0.0044;-0.00436583
-0.0045;-0.00386425
-0.0025;-0.00354691
-0.0029;-0.00285256
-0.0051;-0.00237552
-0.0052;-0.00257867
-0.005;-0.00286437
-0.0038;-0.00306091
-0.0035;-0.00290551
-0.0026;-0.00265906
-0.0006;-0.00223
0.0017;-0.00138637
0.0032;-0.00012048
0.0017;0.00127443
0.0019;0.00198787
0.0018;0.00247376
0.0021;0.00276275
0.004;0.00301562
0.0047;0.00366012
0.0096;0.0043749
0.0121;0.0061344
0.0124;0.00823259
0.015;0.00996233
0.0183;0.01185639
0.0223;0.01410662
0.0236;0.0168374
0.026;0.01929179
0.0297;0.02169809
0.032;0.02440343
0.0334;0.02704534
0.0343;0.02937317
0.0342;0.03129605
0.0351;0.03264733
0.0357;0.03378688
0.0369;0.03474334
0.0354;0.03572311
0.0351;0.03608881
0.0375;0.0361978
0.0396;0.0368165
0.0415;0.03786708
0.0432;0.03920192
0.0454;0.0406792
0.0463;0.04236121
0.0477;0.0438816
0.0512;0.04535001
0.0527;0.04730474
0.0524;0.04921375
0.0536;0.05057894
0.0534;0.05181934
0.0541;0.05266875
0.0579;0.05341605
0.0595;0.05488997
0.0595;0.05649683
0.0616;0.05774185
0.0635;0.05914737
0.0638;0.06068723
0.065;0.06194031
0.0654;0.0631389
0.0657;0.06412259
0.0663;0.06490097
0.0667;0.06559747
0.0667;0.06620125
0.0669;0.06663814
0.066;0.06698828
0.0655;0.06701128
0.0656;0.06685366
0.0652;0.06672464
0.0654;0.06652765
0.0661;0.06641947
0.0668;0.06652312
0.0674;0.06680776
0.0706;0.06720251
0.0716;0.06831223
0.071;0.06950204
0.0706;0.07027709
0.0697;0.07070236
0.0698;0.07073626
0.0684;0.07071774
0.0685;0.07033855
0.0678;0.0700227
0.0672;0.06961274
0.0661;0.06914344
0.0643;0.0685083
0.0641;0.06756023
0.063;0.0667481
0.0604;0.06587831
0.0591;0.06457694
0.0586;0.06321342
0.0567;0.06204576
0.0563;0.0607262
0.0556;0.05961891
0.0563;0.05864317
0.0554;0.05810805
0.0564;0.05755381
0.0585;0.05739334
0.0589;0.05785101
0.0587;0.05839548
0.0588;0.05878467
0.0599;0.05908227
0.0612;0.05955971
0.0605;0.06026305
0.0615;0.06065604
0.0622;0.06115827
0.0643;0.06171728
0.0654;0.06266631
0.0682;0.06371056
0.0717;0.06521136
0.0751;0.06727539
0.0776;0.06976177
0.08;0.07232521
0.0827;0.07486728
0.0866;0.07744377
0.0896;0.08034843
0.0934;0.08332084
0.0971;0.0865123
0.101;0.08986002
0.1041;0.0933687
0.107;0.09679884
0.1102;0.10008527
0.1114;0.10332298
0.1142;0.10603783
0.1152;0.10869208
0.1151;0.11090829
0.1167;0.11247759
0.1169;0.1139467
0.1174;0.11506515
0.1155;0.1159725
0.1141;0.1161394
0.1137;0.11580156
0.1124;0.11535548
0.1099;0.11466648
0.1094;0.1134881
0.108;0.1124026
0.1064;0.11124103
0.1036;0.10996214
0.1022;0.10828836
0.0992;0.10662439
0.0973;0.10462207
0.0948;0.10259792
0.0909;0.10044727
0.0895;0.09784608
0.0865;0.09547806
0.0829;0.09298012
0.0813;0.09019917
0.0788;0.08767195
0.0768;0.08518635
0.0744;0.08283781
0.0726;0.0805034
0.0717;0.0783118
0.0695;0.07646625
0.0664;0.07459173
0.0652;0.07242295
0.065;0.07045467
0.0633;0.0689498
0.0635;0.06747293
0.0655;0.06643037
0.0646;0.06620903
0.0653;0.06595356
0.0641;0.06595197
0.0647;0.06569318
0.0655;0.06561496
0.0658;0.06577466
0.0658;0.06600772
0.0653;0.06620014
0.0662;0.06621747
0.067;0.06642604
0.0687;0.06680414
0.0677;0.06753802
0.0672;0.06789935
0.0674;0.06800123
0.0697;0.06807999
0.0688;0.06869671
0.0704;0.06901544
0.07;0.06962016
0.0706;0.07001165
0.0697;0.07042869
0.0707;0.07051815
0.0714;0.07078402
0.0703;0.07117463
0.0703;0.07121773
0.0701;0.07120231
0.0694;0.07112407
0.0689;0.07088027
0.068;0.07054723
0.0671;0.07005703
0.0685;0.06944044
0.0683;0.06930089
0.0677;0.06921396
0.0671;0.06902013
0.0682;0.06871324
0.0679;0.06873553
0.0673;0.0687236
0.0671;0.06856921
0.0655;0.06838279
0.0674;0.06783865
0.0666;0.06784549
0.0667;0.06772541
0.0664;0.06765426
0.0675;0.06753245
0.0675;0.06770641
0.0679;0.06787972
0.0671;0.06811606
0.0674;0.06810583
0.0688;0.06813721
0.0694;0.06850703
0.0712;0.06898361
0.0711;0.06981143
0.0706;0.07046397
0.0722;0.07081331
0.0722;0.07142286
0.0734;0.07191047
0.0731;0.07256104
0.0716;0.07299692
0.0708;0.07292487
0.0711;0.07259239
0.0731;0.07236468
0.0721;0.07269619
0.0703;0.07278251
0.0698;0.07238051
0.0701;0.07187808
0.0692;0.07154691
0.0667;0.07109696
0.0651;0.07012747
0.0639;0.06892447
0.0613;0.06767637
0.058;0.0660826
0.054;0.06401765
0.0503;0.06140057
0.0456;0.05842686
0.042;0.05496583
0.038;0.05139542
0.034;0.04769857
0.0286;0.04391374
0.0257;0.03972521
0.0207;0.03580132
0.017;0.03165349
0.0152;0.02759896
0.0129;0.02411849
0.0093;0.02102644
0.0149;0.01789261
0.0126;0.01691533
0.013;0.01594312
0.0116;0.01536555
0.0101;0.0146536
0.0087;0.01373923
0.008;0.01267435
0.007;0.01167288
0.0057;0.01067957
0.0036;0.00961634
0.0015;0.00829204
-0.0001;0.00674015
-0.0002;0.00513949
-0.009;0.00389698
-0.009;0.00086298
-0.0066;-0.00168559
-0.0059;-0.00298607
-0.0054;-0.00359476
-0.0046;-0.00379107
-0.0037;-0.0036586
-0.0011;-0.00327644
0.0019;-0.00230568
0.003;-0.00074442
0.0058;0.0008046
0.0084;0.00267012
0.012;0.00475958
0.0126;0.00725535
0.0156;0.0093474
0.0177;0.01160607
0.0184;0.01383576
0.0212;0.01568261
0.0229;0.01770037
0.0249;0.01965098
0.0266;0.02160193
0.0277;0.02348528
0.0291;0.02516112
0.0339;0.02673197
0.0339;0.02907212
0.0352;0.03094343
0.0338;0.03261858
0.0341;0.03349384
0.0321;0.03409841
0.0319;0.03399889
0.0311;0.03375963
0.0302;0.03334359
0.0285;0.03277779
0.0271;0.03190756
0.026;0.03085948
0.0253;0.02976659
0.0244;0.02876113
0.0244;0.02779601
0.0245;0.02707899
0.0215;0.02660353
0.0194;0.02555222
0.019;0.02416588
0.0165;0.02296051
0.0126;0.02145774
0.0075;0.01932967
0.0046;0.01637732
0.0015;0.01330419
-0.0015;0.01019259
-0.0045;0.00710677
-0.0062;0.00405452
-0.0102;0.00134855
-0.0129;-0.00161119
-0.0166;-0.00452809
-0.0199;-0.00762588
-0.0222;-0.01079055
-0.0248;-0.01374876
-0.0262;-0.01658023
-0.0276;-0.01902863
-0.029;-0.02115038
-0.0307;-0.02302876
-0.031;-0.02481069
-0.0317;-0.02620392
-0.0316;-0.02736081
-0.032;-0.02816137
-0.0325;-0.02879989
-0.0321;-0.02936818
-0.0309;-0.02968315
-0.028;-0.02958697
-0.0267;-0.02873794
-0.0252;-0.02765471
-0.0247;-0.02641729
-0.0232;-0.0253323
-0.0224;-0.02416901
-0.0209;-0.02308991
-0.0207;-0.02192322
-0.0197;-0.02098463
-0.0176;-0.02006714
-0.0187;-0.01887261
-0.0186;-0.01820043
-0.0166;-0.01774329
-0.017;-0.01695636
-0.016;-0.01641787
-0.0159;-0.01579861
-0.0158;-0.01530082
-0.0142;-0.01491892
-0.0148;-0.01426131
-0.016;-0.01387378
-0.0152;-0.01390984
-0.0164;-0.01381273
-0.0168;-0.01402369
-0.0156;-0.0143252
-0.0149;-0.01428027
-0.0182;-0.01402521
-0.0191;-0.01459795
-0.0192;-0.01536963
-0.0171;-0.01602599
-0.0144;-0.015997
-0.0157;-0.01520782
-0.0157;-0.01479668
-0.0135;-0.01452397
-0.011;-0.01381036
-0.0106;-0.01259977
-0.0088;-0.01150425
-0.006;-0.01024364
-0.0039;-0.00858672
-0.0026;-0.00676206
-0.0008;-0.0050351
-0.0012;-0.00330495
-0.0017;-0.00210287
-0.0017;-0.00140185
-0.0015;-0.0009645
-0.0002;-0.00064097
-0.0017;-0.00010463
0.0007;-3.89443e-05
0.0035;0.00053156
0.0065;0.00171243
0.0098;0.0034404
0.0122;0.00564935
0.0114;0.0079879
0.0121;0.00958363
0.0126;0.01084668
0.0132;0.01184956
0.0137;0.01270047
0.0147;0.01343242
0.0149;0.01420584
0.0168;0.01483968
0.018;0.01576237
0.0187;0.01679126
0.0189;0.0177599
0.02;0.01853178
0.0203;0.01935111
0.0218;0.02004267
0.0233;0.02091222
0.024;0.02195826
0.024;0.02294755
0.0235;0.02368773
0.0245;0.02408272
0.0254;0.02456649
0.0257;0.02515517
0.0266;0.02568861
0.0263;0.02630559
0.0263;0.02670727
0.0257;0.02697869
0.0254;0.02701031
0.025;0.02692016
0.0248;0.02672925
0.0247;0.02651769
0.0236;0.02632821
0.0211;0.02591822
0.021;0.02496329
0.0196;0.02413282
0.0195;0.02316909
0.0188;0.02240155
0.0185;0.02167959
0.0178;0.0210749
0.0162;0.02046804
0.0135;0.01962188
0.0119;0.01828714
0.0106;0.01681064
0.0109;0.01534681
0.0122;0.01431659
0.0119;0.01392682
0.0135;0.01366878
0.0123;0.01390492
0.014;0.01386821
0.0144;0.01422877
0.0141;0.01465238
0.0153;0.01491588
0.0178;0.01538664
0.0205;0.01638159
0.0236;0.01787672
0.0258;0.01985188
0.0294;0.02196407
0.0314;0.02447097
0.036;0.0269111
0.0389;0.02987692
0.0437;0.03289777
0.0468;0.03637136
0.0512;0.03981579
0.0557;0.04349568
0.0599;0.04740588
0.0658;0.05141982
0.0716;0.05591403
0.076;0.06079755
0.0797;0.06562283
0.0855;0.07016366
0.0901;0.07496646
0.0922;0.0797421
0.0945;0.08384781
0.0951;0.08740032
0.0973;0.09011546
0.0962;0.09255891
0.0959;0.09405534
0.0949;0.09495476
0.0937;0.09526849
0.0942;0.09510191
0.0913;0.09501401
0.0886;0.09422622
0.0871;0.09286337
0.0825;0.09136683
0.0786;0.08906728
0.0741;0.08625197
0.0721;0.08292805
0.0715;0.07984783
0.0695;0.07740978
0.0674;0.07518574
0.0664;0.07304655
0.0657;0.07121389
0.0646;0.06971347
0.064;0.06837248
0.0633;0.06725042
0.0627;0.0662725
0.0621;0.06541731
0.0633;0.06464937
0.0636;0.06438579
0.061;0.06433958
0.0604;0.06370777
0.0602;0.06300481
0.0627;0.0624024
0.0623;0.06257912
0.0617;0.06273129
0.0602;0.06271407
0.0586;0.06230705
0.0577;0.06154349
0.0555;0.06068389
0.0557;0.05947051
0.0541;0.05855247
0.0539;0.05750315
0.0538;0.05665296
0.0537;0.05601733
0.0546;0.05555223
0.0534;0.05545672
0.0535;0.05514899
0.0543;0.0549207
0.0552;0.05495407
0.0562;0.0552416
0.0567;0.05574918
0.0603;0.05629389
0.0644;0.05760402
0.0669;0.05971659
0.0702;0.06205968
0.0742;0.06469197
0.079;0.06770884
0.0829;0.07122655
0.0871;0.07491723
0.0923;0.07876727
0.0956;0.08297533
0.0988;0.08700832
0.1047;0.09081196
0.1081;0.09509407
0.1115;0.09921419
0.1151;0.10313738
0.1172;0.10694359
0.1194;0.11029726
0.1216;0.11328956
0.121;0.11601599
0.1226;0.11786039
0.1223;0.1195053
0.1218;0.12061077
0.1201;0.12122837
0.1188;0.12118216
0.1163;0.12071294
0.1125;0.11965837
0.1083;0.11782356
0.1037;0.11527281
0.0996;0.11209007
0.0943;0.10857145
0.0888;0.10454913
0.0854;0.10008325
0.0779;0.09581134
0.0704;0.09076414
0.0633;0.0850096
0.0581;0.07881102
0.0541;0.07278692
0.0497;0.06728955
0.0436;0.06215857
0.0373;0.05687072
0.0338;0.05133472
0.0306;0.04627382
0.0266;0.04174861
0.0241;0.03745667
0.0222;0.03366698
0.0222;0.03043517
0.022;0.02810362
0.0216;0.02645344
0.0252;0.02524196
0.0269;0.0253018
0.0282;0.02596915
0.03;0.02691501
0.0343;0.02812902
0.0403;0.03014782
0.0435;0.03327026
0.0482;0.03659109
0.0532;0.04030458
0.0569;0.04439416
0.0606;0.04844524
0.0628;0.05240586
0.0679;0.05590978
0.0715;0.05973076
0.0747;0.0635248
0.0781;0.06716758
0.0809;0.07072172
0.0842;0.0740658
0.0868;0.07735945
0.0892;0.08046246
0.0912;0.08335597
0.0939;0.08598721
0.0948;0.08858683
0.0967;0.09074835
0.0988;0.0927756
0.1001;0.09478687
0.1008;0.09661129
0.1017;0.09812538
0.1006;0.09943435
0.0996;0.10010398
0.099;0.10025765
0.0972;0.10013107
0.0971;0.09953268
0.0968;0.0989812
0.0966;0.09848739
0.0984;0.09807603
0.0979;0.09822895
0.0973;0.09830479
0.0976;0.09821622
0.0954;0.09819993
0.0927;0.09764721
0.0903;0.09648454
0.0908;0.09491329
0.0901;0.09378127
0.0877;0.09281089
0.0858;0.09152174
0.0831;0.09004231
0.0815;0.08822738
0.079;0.08641361
0.0743;0.08442421
0.0743;0.08174062
0.0722;0.07961946
0.0694;0.07757305
0.0682;0.07536795
0.0669;0.07339635
0.0654;0.07162596
0.0628;0.06996152
0.0604;0.06809093
0.0581;0.06606612
0.0561;0.06394964
0.0558;0.06184824
0.0532;0.06019568
0.0518;0.05838021
0.052;0.05665867
0.0517;0.05542646
0.0515;0.05450208
0.0503;0.05381727
0.0506;0.05305201
0.0493;0.05254608
0.0498;0.05188257
0.0497;0.05149008
0.0494;0.05120774
0.0481;0.05094453
0.0479;0.05043263
0.0465;0.04996227
0.0472;0.04926358
0.0469;0.04887737
0.0494;0.04855444
0.0493;0.04894535
0.05;0.04932377
0.0501;0.04979729
0.0491;0.05019351
0.0476;0.05023504
0.047;0.04984123
0.0482;0.04932274
0.0465;0.04919826
0.0446;0.04874026
0.0434;0.0478879
0.042;0.04688557
0.0393;0.04575413
0.0353;0.04421474
0.0335;0.04200858
0.0315;0.03979687
0.0289;0.03762402
0.0263;0.0353558
0.0247;0.03299893
0.022;0.03081891
0.0188;0.02854133
0.0166;0.026033
0.0169;0.02357033
0.0157;0.02179326
0.0139;0.02026717
0.0135;0.01873384
0.0118;0.01749005
0.0101;0.01618209
0.009;0.01477892
0.0079;0.01343846
0.0064;0.01216746
0.0044;0.01085573
0.0032;0.00937485
0.0022;0.00794042
0.0009;0.00661917
0.0;0.00532495
-0.0005;0.00413821
-0.0021;0.00314052
-0.0018;0.00203
-0.0031;0.00125575
-0.0043;0.00040408
-0.0043;-0.00053399
-0.0045;-0.00125413
-0.004;-0.00181409
-0.0042;-0.00208338
-0.0044;-0.00228583
-0.0044;-0.00246911
-0.0043;-0.00260173
-0.0054;-0.00266884
-0.0054;-0.00297724
-0.005;-0.00324452
-0.0039;-0.00334752
-0.0035;-0.00313044
-0.0044;-0.00281599
-0.0042;-0.00277605
-0.0049;-0.00273575
-0.005;-0.00288348
-0.004;-0.00304878
-0.0034;-0.00293599
-0.0036;-0.00266271
-0.0035;-0.00247438
-0.0011;-0.00231626
0.0019;-0.00161635
0.0007;-0.00027367
0.0038;0.00055423
0.0058;0.00187549
0.0066;0.00342302
0.0094;0.00482828
0.0103;0.00655682
0.0122;0.00812355
0.0136;0.00975079
0.0145;0.01132379
0.0145;0.01272022
0.016;0.01374228
0.0166;0.01481739
0.0165;0.01577108
0.0154;0.01644565
0.0151;0.01663792
0.0149;0.01662841
0.0146;0.01652861
0.014;0.01635996
0.0128;0.01607295
0.0122;0.01554313
0.0103;0.01495769
0.0085;0.01403674
0.0058;0.0128499
0.0039;0.01124665
0.0006;0.00950434
-0.0024;0.0073534
-0.0051;0.00493426
-0.0073;0.00240227
-0.0096;-6.569899e-05
-0.0106;-0.00247846
-0.0132;-0.00452833
-0.0129;-0.00664878
-0.0156;-0.0081726
-0.0179;-0.00988823
-0.0207;-0.01175575
-0.0183;-0.01387165
-0.0218;-0.01492139
-0.0236;-0.0164087
-0.0255;-0.01800846
-0.0254;-0.01970169
-0.0263;-0.02097079
-0.0264;-0.02208322
-0.0271;-0.02291048
-0.0279;-0.02365489
-0.0298;-0.0243901
-0.0313;-0.0254027
-0.0319;-0.02657334
-0.0329;-0.0276327
-0.0328;-0.02866169
-0.0335;-0.0294051
-0.0338;-0.03009008
-0.0344;-0.03066261
-0.035;-0.03122032
-0.0354;-0.03178129
-0.0378;-0.03230117
-0.0375;-0.03327074
-0.0382;-0.03399677
-0.0395;-0.03468755
-0.0403;-0.03551378
-0.0412;-0.03635012
-0.0419;-0.0372039
-0.0434;-0.03802065
-0.0438;-0.03899541
-0.0442;-0.03985064
-0.0438;-0.04057749
-0.043;-0.04100526
-0.0421;-0.04108293
-0.0407;-0.04086034
-0.0375;-0.04029598
-0.0369;-0.03903083
-0.035;-0.03781422
-0.0332;-0.03642454
-0.03;-0.03491252
-0.0261;-0.03297151
-0.0234;-0.03048972
-0.0186;-0.0278682
-0.0136;-0.02468693
-0.0084;-0.02098028
-0.0036;-0.01682471
0.0002;-0.01244015
0.0045;-0.00816347
0.0096;-0.00390265
0.014;0.00054745
0.0192;0.00500136
0.022;0.00963228
0.0246;0.01382943
0.029;0.01756276
0.0334;0.02137017
0.0364;0.02531239
0.0408;0.02903454
0.0434;0.03288601
0.0462;0.03643496
0.0499;0.03974888
0.0526;0.04310831
0.0525;0.04629786
0.0551;0.04864415
0.0582;0.05091794
0.059;0.05335821
0.0601;0.05540895
0.0637;0.05716693
0.0663;0.05932377
0.0673;0.06163682
0.0676;0.06365336
0.068;0.06520279
0.0707;0.06638837
0.0691;0.06787925
0.0695;0.06863712
0.0685;0.069203
0.0719;0.06933428
0.0733;0.07020257
0.0737;0.07129867
0.0757;0.07227211
0.0763;0.07348809
0.0764;0.07458279
0.075;0.07541678
0.0775;0.07565489
0.0773;0.07635719
0.0766;0.07688725
0.0783;0.07709638
0.0775;0.07762408
0.0768;0.07786045
0.0766;0.07782858
0.0765;0.07770895
0.077;0.0775737
0.0773;0.0775907
0.0758;0.07769978
0.0744;0.07742783
0.0744;0.07682357
0.0726;0.07631129
0.0711;0.07548515
0.0718;0.07444872
0.0697;0.07380526
0.0676;0.07285482
0.0667;0.071586
0.0644;0.07035711
0.063;0.06886286
0.0597;0.06735563
0.0581;0.06540024
0.0561;0.06346904
0.0545;0.06151736
0.054;0.05965321
0.0538;0.0581428
0.0526;0.05701447
0.0535;0.05593751
0.053;0.05536941
0.0516;0.05489774
0.0527;0.05422541
0.0535;0.05396562
0.0532;0.05402452
0.0523;0.05405206
0.0543;0.05385523
0.0533;0.05416748
0.0537;0.05422516
0.0534;0.05434136
0.0529;0.05435828
0.0528;0.05423343
0.0527;0.05409132
0.0527;0.05395342
0.0532;0.05384964
0.0541;0.05390033
0.0546;0.05418461
0.0549;0.05456052
0.0516;0.05493701
0.0531;0.05440854
0.0519;0.05424648
0.0534;0.05386014
0.0543;0.0539133
0.0554;0.05423661
0.0549;0.05480216
0.0538;0.05514792
0.0559;0.05511023
0.0542;0.05553789
0.054;0.05549818
0.052;0.05535986
0.0512;0.0547372
0.0492;0.05399585
0.0469;0.0529153
0.0433;0.05148146
0.041;0.0494554
0.0418;0.04726803
0.0381;0.04578173
0.0363;0.04385365
0.0381;0.04191332
0.035;0.04088792
0.0346;0.03949039
0.033;0.03830915
0.0327;0.03705355
0.03;0.03602923
0.0296;0.0346287
0.029;0.03342661
0.0286;0.03239656
0.0271;0.03155395
0.0278;0.03058516
0.0274;0.03001535
0.0275;0.02954622
0.0272;0.0292431
0.0295;0.0289702
0.0278;0.02933959
0.028;0.02929718
0.0286;0.02926864
0.0315;0.02938797
0.0333;0.03021216
0.0327;0.03138435
0.0345;0.03218852
0.0351;0.03319119
0.0367;0.03411356
0.0363;0.03519206
0.0372;0.03592587
0.039;0.03665067
0.0387;0.03762876
0.0381;0.03832662
0.0386;0.03866766
0.0367;0.038987
0.0381;0.03874603
0.0354;0.03882373
0.0354;0.03825125
0.0348;0.03772989
0.0369;0.03718271
0.0372;0.03728424
0.0369;0.03753167
0.0374;0.03768244
0.0383;0.03790997
0.0389;0.03831187
0.0399;0.03878924
0.0411;0.03941006
0.0416;0.04019601
0.0432;0.04093826
0.0437;0.04188811
0.0441;0.04275531
0.0473;0.04349803
0.0474;0.04482458
0.049;0.04592966
0.0493;0.04713569
0.0486;0.04812674
0.0477;0.04866818
0.0511;0.04878027
0.0491;0.04962659
0.048;0.0498665
0.0464;0.04970247
0.0449;0.04911118
0.0427;0.04822117
0.0406;0.04695356
0.04;0.04541861
0.0384;0.04406729
0.0368;0.04267807
0.0342;0.04123895
0.0314;0.03951009
0.0268;0.03747723
0.0273;0.03476514
0.0255;0.03273844
0.0232;0.03085827
0.0211;0.02891788
0.0213;0.02694041
0.02;0.0254964
0.0183;0.02417112
0.018;0.0227888
0.0164;0.02167173
0.0157;0.02047807
0.0157;0.01940353
0.0146;0.01861232
0.0154;0.01779317
0.0164;0.01737675
0.017;0.01737018
0.0191;0.01758468
0.0223;0.01830646
0.0237;0.01971848
0.0244;0.02124156
0.0247;0.02259403
0.0247;0.02366309
0.0308;0.02441935
0.0328;0.02643219
0.0349;0.02861748
0.0369;0.03083386
0.0377;0.03300462
0.0381;0.03482704
0.04;0.03624107
0.0377;0.03770073
0.0416;0.03822655
0.0439;0.03944172
0.0435;0.04100148
0.045;0.04214163
0.0447;0.04331609
0.045;0.04412007
0.0468;0.04474192
0.0444;0.04561605
0.0414;0.04571329
0.0392;0.0449368
0.0399;0.04366134
0.0389;0.04277588
0.0377;0.04190794
0.0391;0.04097208
0.0387;0.04060566
0.0382;0.04031609
0.0363;0.04000137
0.0347;0.03929698
0.0329;0.03831467
0.0282;0.03708147
0.0266;0.03495278
0.0241;0.03281713
0.0203;0.03057317
0.0167;0.02793426
0.0132;0.02500451
0.0046;0.02188896
0.0044;0.01740198
0.0014;0.0137638
-0.0013;0.01038717
-0.0036;0.0072444
-0.006;0.00436268
-0.0098;0.00165447
-0.0129;-0.00127863
-0.0173;-0.00427292
-0.0199;-0.00761586
-0.0227;-0.01082267
-0.0257;-0.01390786
-0.029;-0.01694079
-0.0338;-0.02001701
-0.0377;-0.0235076
-0.0404;-0.02715088
-0.0429;-0.03058618
-0.0451;-0.03375453
-0.0489;-0.03662968
-0.051;-0.03966622
-0.048;-0.04248124
-0.046;-0.04384212
-0.0478;-0.04415014
-0.0514;-0.04461913
-0.0517;-0.04584192
-0.0504;-0.04695575
-0.0507;-0.04748277
-0.0517;-0.04786124
-0.0514;-0.0483511
-0.0532;-0.04865937
-0.0534;-0.04930308
-0.052;-0.04988501
-0.0526;-0.04998204
-0.0513;-0.05012473
-0.0508;-0.04991122
-0.0589;-0.04957326
-0.0607;-0.05125608
-0.0598;-0.05327308
-0.0583;-0.05467806
-0.0586;-0.05529098
-0.0567;-0.05568676
-0.0588;-0.05546772
-0.0597;-0.05570854
-0.0606;-0.05616453
-0.0616;-0.05677064
-0.0613;-0.05750057
-0.0635;-0.05800191
-0.0639;-0.05888085
-0.0655;-0.05969389
-0.0686;-0.06069305
-0.0686;-0.06222574
-0.0712;-0.06346945
-0.0669;-0.06500524
-0.0682;-0.06516127
-0.071;-0.06538405
-0.0707;-0.06620646
-0.0723;-0.06684623
-0.0743;-0.06770305
-0.0754;-0.06886471
-0.0755;-0.07005982
-0.0746;-0.07099865
-0.0745;-0.07145002
-0.0759;-0.07168303
-0.0767;-0.07215022
-0.0756;-0.07272628
-0.0745;-0.07291735
-0.0745;-0.07273835
-0.0729;-0.07253592
-0.0704;-0.07198206
-0.0659;-0.0709025
-0.0613;-0.06890719
-0.062;-0.06613042
-0.0553;-0.06406071
-0.0508;-0.06096389
-0.0484;-0.05739344
-0.0459;-0.05402264
-0.0418;-0.05089168
-0.0393;-0.04757704
-0.036;-0.04445019
-0.0339;-0.04131677
-0.0316;-0.03844836
-0.0254;-0.03576891
-0.0219;-0.03227555
-0.0198;-0.02867132
-0.0162;-0.02540782
-0.0146;-0.02211925
-0.0138;-0.01925754
-0.0083;-0.01697401
-0.002;-0.01401065
0.0013;-0.01015105
0.0002;-0.00628645
0.002;-0.00362212
0.0063;-0.00135736
0.0076;0.00130784
0.0079;0.00367838
0.008;0.00549954
0.0078;0.00680443
0.0077;0.0076438
0.0085;0.00816526
0.0103;0.00869218
0.0115;0.00952167
0.0116;0.01048553
0.0129;0.01126351
0.0136;0.01214372
0.0158;0.01298853
0.0171;0.01416019
0.0177;0.01540918
0.0171;0.01651552
0.0159;0.0171814
0.0172;0.01731731
0.0154;0.01764633
0.0178;0.01746656
0.0152;0.0178468
0.0147;0.01756751
0.0131;0.01714786
0.0134;0.0164035
0.0139;0.01586266
0.0158;0.015601
0.0169;0.01591739
0.0114;0.01652087
0.0117;0.01568478
0.0079;0.01491956
0.0093;0.01338723
0.0112;0.01245863
0.0119;0.01229901
0.0143;0.0124812
0.0136;0.01328063
0.0147;0.01381471
0.0124;0.0144623
0.0135;0.01439686
0.0143;0.01451074
0.0156;0.01480173
0.0166;0.01536889
0.019;0.01608784
0.021;0.01724832
0.0219;0.01868347
0.0226;0.0200366
0.0261;0.02122148
0.0269;0.02294521
0.0337;0.02451413
0.0374;0.02735574
0.04;0.03059116
0.0432;0.03375385
0.0476;0.03692127
0.0516;0.04038514
0.0571;0.04401755
0.0615;0.04813595
0.0646;0.05239322
0.0678;0.05638966
0.0701;0.06014755
0.0745;0.06349575
0.0788;0.06703012
0.0811;0.0707641
0.0856;0.07416943
0.0885;0.07779775
0.0904;0.08126462
0.0897;0.08431801
0.0889;0.08637069
0.0905;0.08755358
0.0972;0.08868267
0.0976;0.0911603
0.0996;0.09331228
0.1033;0.09541067
0.1059;0.09789261
0.1072;0.10045412
0.109;0.10271922
0.1115;0.10482517
0.1118;0.10699551
0.1113;0.10870142
0.1115;0.10978907
0.1099;0.11055213
0.1097;0.11066112
0.1088;0.11058718
0.106;0.1102634
0.1023;0.10928112
0.1022;0.10752152
0.1;0.10604588
0.0981;0.10441245
0.0975;0.1026976
0.095;0.10124795
0.093;0.09957659
0.0904;0.09780063
0.0926;0.09580307
0.0913;0.09481501
0.0902;0.09389377
0.0911;0.09296504
0.0899;0.09249564
0.0887;0.09191326
0.09;0.09117347
0.0874;0.09091627
0.0855;0.09014473
0.0768;0.08903062
0.0752;0.08597678
0.0762;0.08299085
0.0756;0.08095714
0.0788;0.07941984
0.0782;0.07915812
0.0805;0.07901818
0.0794;0.07953568
0.0802;0.07975525
0.0803;0.08009086
0.0809;0.08037827
0.0807;0.08073706
0.0805;0.08096603
0.0812;0.08107065
0.0841;0.08130106
0.0836;0.08220791
0.0823;0.08286706
0.0809;0.08302067
0.0793;0.08270995
0.0802;0.08199774
0.0767;0.08161324
0.0792;0.08049456
0.0793;0.08017319
0.0786;0.08005732
0.0819;0.07984588
0.0809;0.08049885
0.082;0.08086689
0.0793;0.08139534
0.0794;0.08114164
0.0808;0.08086329
0.0795;0.08097782
0.0757;0.08079662
0.0771;0.07968593
0.0778;0.07905515
0.0742;0.07880162
0.0746;0.07778534
0.0759;0.07701999
0.0748;0.07678659
0.0754;0.07642196
0.0741;0.07629193
0.0741;0.07590559
0.0711;0.07558317
0.0699;0.07460213
0.0676;0.07347182
0.0706;0.07201554
0.0704;0.0716105
0.0708;0.07140446
0.0712;0.07140469
0.0709;0.07154299
0.0704;0.0715989
0.071;0.07150873
0.071;0.07156582
0.075;0.07162631
0.0733;0.07266573
0.0789;0.07317049
0.0784;0.07488232
0.0785;0.07621072
0.0803;0.07720488
0.0819;0.07834097
0.0824;0.07960095
0.0818;0.08069091
0.083;0.08133854
0.0858;0.0820526
0.0864;0.08328059
0.0897;0.08442689
0.0937;0.08610717
0.0941;0.08843894
0.0934;0.0903965
0.0901;0.09165432
0.0946;0.09166808
0.0965;0.09259258
0.0946;0.09385752
0.0916;0.09440415
0.0915;0.09397593
0.0924;0.0934692
0.0905;0.09327357
0.0886;0.09269604
0.0873;0.09174329
0.087;0.09064232
0.0855;0.08970951
0.0845;0.08865763
0.085;0.08760706
0.0831;0.08694079
0.0825;0.08602636
0.0805;0.08516483
0.0789;0.08402537
0.0757;0.08273338
0.0718;0.08094168
0.0697;0.07855286
0.0702;0.07613844
0.0666;0.07442959
0.0666;0.0723591
0.0652;0.07076963
0.0642;0.06929504
0.0632;0.06796926
0.0639;0.06675323
0.0651;0.06603379
0.0654;0.06586741
0.066;0.06591186
0.0699;0.06614048
0.0703;0.06731112
0.0701;0.06843358
0.0709;0.06924388
0.072;0.07000498
0.0732;0.07083259
0.0752;0.07175805
0.0758;0.07296377
0.0767;0.07406151
0.0782;0.07509979
0.0797;0.07623975
0.0816;0.07747994
0.0825;0.07889859
0.0803;0.0802154
0.0822;0.08064814
0.0834;0.0813108
0.0849;0.08211634
0.0862;0.08311697
0.0871;0.08422348
0.0882;0.08529821
0.0896;0.08637606
0.0905;0.08753191
0.0888;0.08863367
0.0897;0.08903233
0.0921;0.08944983
0.0877;0.09034321
0.0864;0.08998998
0.0843;0.08923113
0.0814;0.08805083
0.081;0.08636998
0.0782;0.08492377
0.075;0.08316595
0.0738;0.08101328
0.0725;0.07903531
0.0707;0.07724424
0.0688;0.0754858
0.0665;0.07370633
0.062;0.07180023
0.0591;0.06923775
0.0562;0.06649625
0.0553;0.06367773
0.0506;0.06132122
0.0486;0.05845857
0.0459;0.05575153
0.0436;0.05306457
0.0408;0.05048495
0.0387;0.0478744
0.0369;0.04539424
0.0354;0.04310681
0.0345;0.04105113
0.0349;0.03932519
0.0322;0.03818287
0.0311;0.03675696
0.0296;0.03538777
0.0285;0.0339926
0.0277;0.03266994
0.0283;0.03148938
0.0275;0.03077279
0.0253;0.03011138
0.0239;0.02909409
0.0202;0.02793426
0.0157;0.02612298
0.0156;0.0235532
0.0132;0.02146431
0.012;0.01935691
0.0131;0.01748564
0.0126;0.0163857
0.0114;0.01555936
0.0106;0.01470556
0.0099;0.01387217
0.0076;0.0130766
0.0061;0.01192027
0.0066;0.01062883
0.0067;0.00975023
0.0072;0.00917232
0.0041;0.00891621
-0.0013;0.00802204
-0.0013;0.00593925
-0.0051;0.00417508
-0.0085;0.00193464
-0.0089;-0.00065042
-0.0125;-0.00275685
-0.0166;-0.00515796
-0.0198;-0.00800001
-0.0199;-0.01099392
-0.0204;-0.01330713
-0.0204;-0.01507056
-0.0202;-0.01629629
-0.0193;-0.01707144
-0.0208;-0.017351
-0.0203;-0.0178389
-0.0207;-0.01810304
-0.022;-0.0183696
-0.0237;-0.01888326
-0.0231;-0.01972245
-0.0264;-0.02026452
-0.0309;-0.02144054
-0.0319;-0.02351369
-0.0304;-0.02547226
-0.0311;-0.02658813
-0.0318;-0.02746797
-0.033;-0.02824239
-0.0316;-0.02909302
-0.0308;-0.02940121
-0.0318;-0.02935658
-0.0323;-0.02949887
-0.0331;-0.02974652
-0.0352;-0.03014823
-0.0367;-0.03098946
-0.0344;-0.0320606
-0.034;-0.03235444
-0.0327;-0.0323649
-0.0336;-0.03199299
-0.0349;-0.03186351
-0.0357;-0.03210973
-0.0379;-0.03255356
-0.0396;-0.03346443
-0.0417;-0.03464269
-0.0421;-0.03609473
-0.0443;-0.03733607
-0.045;-0.03878071
-0.0463;-0.04006584
-0.0472;-0.04132951
-0.0494;-0.04249336
-0.0494;-0.04388826
-0.0491;-0.0449727
-0.0495;-0.04567421
-0.0486;-0.04623323
-0.0479;-0.04640312
-0.0476;-0.04629603
-0.0486;-0.04608945
-0.0469;-0.04615363
-0.046;-0.0458281
-0.0466;-0.0453104
-0.0453;-0.04502743
-0.0455;-0.04452891
-0.045;-0.04417396
-0.0431;-0.04380266
-0.0422;-0.04306148
-0.0419;-0.04222681
-0.0451;-0.04150114
-0.0464;-0.041746
-0.0454;-0.04239994
-0.0474;-0.04273811
-0.0464;-0.04344272
-0.0471;-0.04378023
-0.0424;-0.04415545
-0.042;-0.04329254
-0.0431;-0.04235295
-0.0443;-0.04186952
-0.0484;-0.04186283
-0.049;-0.04294001
-0.0489;-0.04407989
-0.0501;-0.04495285
-0.0506;-0.04586463
-0.0507;-0.04667193
-0.05;-0.04728797
-0.0505;-0.04754964
-0.0487;-0.04780801
-0.0503;-0.04755547
-0.0513;-0.04767358
-0.0512;-0.04805051
-0.0516;-0.04835885
-0.0504;-0.04868542
-0.0501;-0.04864189
-0.0494;-0.04847875
-0.0473;-0.04815776
-0.0443;-0.04737702
-0.0428;-0.04598383
-0.0425;-0.04446254
-0.0426;-0.04320714
-0.0413;-0.04232241
-0.0403;-0.04140409
-0.0377;-0.04047424
-0.0353;-0.03913949
-0.033;-0.03748656
-0.0291;-0.03562183
-0.0281;-0.03322528
-0.0261;-0.03108867
-0.0242;-0.0290185
-0.0237;-0.02701207
-0.0224;-0.02539191
-0.0207;-0.0239164
-0.0185;-0.02242295
-0.0155;-0.02076354
-0.0158;-0.01875604
-0.0148;-0.01726022
-0.0107;-0.01595919
-0.0091;-0.01402013
-0.009;-0.01207836
-0.0068;-0.01057643
-0.0057;-0.00897363
-0.0041;-0.00749428
-0.0037;-0.00600739
-0.0012;-0.00479237
0.0001;-0.003308
0.0011;-0.00183867
0.001;-0.00048452
0.0023;0.00049266
0.0037;0.00148565
0.0051;0.002568
0.0051;0.00373815
0.0049;0.00463423
0.0029;0.00522018
0.0016;0.00511721
0.0009;0.0046077
-0.0009;0.00397266
-0.0012;0.00302316
-0.002;0.00218348
-0.0027;0.00136493
-0.0037;0.00058336
-0.0034;-0.00024254
-0.0036;-0.00079614
-0.0045;-0.00122094
-0.0056;-0.00173426
-0.0056;-0.00239909
-0.0046;-0.00292452
-0.0035;-0.00305815
-0.0016;-0.00282659
-0.0016;-0.00212121
-0.0011;-0.00150784
-0.0022;-0.00092516
-0.0045;-0.00076201
-0.0047;-0.00126744
-0.0016;-0.00180997
-0.005;-0.00148344
-0.0066;-0.00193948
-0.0076;-0.00277119
-0.0067;-0.00371623
-0.0071;-0.00423636
-0.005;-0.00466437
-0.0075;-0.00444788
-0.0038;-0.00479405
-0.0046;-0.00421897
-0.0046;-0.00385386
-0.0004;-0.00358964
0.0018;-0.00238134
0.003;-0.00079295
0.0022;0.0007773
0.0044;0.00177211
0.0033;0.0029718
0.0026;0.00362091
0.0017;0.0038572
0.0024;0.00373824
0.0033;0.00375404
0.0035;0.00399697
0.0055;0.00426616
0.0077;0.00496916
0.0075;0.00610467
0.0067;0.00698662
0.0088;0.00742751
0.0062;0.00820117
0.0091;0.00818433
0.0116;0.00876909
0.0142;0.00989435
0.0172;0.01147369
0.0179;0.01348209
0.0178;0.01524224
0.0197;0.01651555
0.0215;0.01786002
0.0223;0.01931012
0.0234;0.02061304
0.0236;0.02184352
0.0241;0.02280344
0.0229;0.02360478
0.0199;0.02388137
0.0202;0.02326854
0.0224;0.02273295
0.0222;0.02285842
0.0223;0.02300344
0.0204;0.02315764
0.0187;0.02281116
0.0165;0.02205775
0.0145;0.02087672
0.0136;0.01942121
0.0094;0.01805238
0.0083;0.01599849
0.0087;0.01408183
0.0079;0.01274255
0.0072;0.01162894
0.0068;0.01066958
0.0065;0.00988108
0.0061;0.00924496
0.0049;0.00869619
0.0052;0.00800683
0.0028;0.0075428
0.0023;0.00663672
0.003;0.00577046
0.0019;0.00528569
0.0006;0.00470957
-0.0022;0.00395385
-0.0012;0.00267146
0.0003;0.00186602
-0.0007;0.00168622
-0.0009;0.00141238
-0.0004;0.0011605
-0.003;0.00109613
-0.0022;0.00044008
-0.0012;5.6370336e-05
-0.0003;3.9413397e-05
0.0013;0.00030818
0.0018;0.0009559
0.003;0.00163175
0.0032;0.00244861
0.0023;0.00313506
-0.0028;0.00341453
-0.0053;0.00231145
-0.0055;0.00064768
-0.0062;-0.00077522
-0.0077;-0.00199793
-0.009;-0.00324881
-0.0109;-0.00450564
-0.0108;-0.00591644
-0.0128;-0.00697745
-0.0148;-0.00821493
-0.017;-0.00965344
-0.0179;-0.01130774
-0.0187;-0.01281147
-0.0214;-0.01412154
-0.0202;-0.01573348
-0.0203;-0.01669509
-0.0253;-0.01735036
-0.0259;-0.01900047
-0.0265;-0.0205331
-0.023;-0.02183972
-0.0246;-0.0219348
-0.0238;-0.02220395
-0.0221;-0.02220675
-0.0188;-0.0217543
-0.0184;-0.02053241
-0.0164;-0.01938492
-0.0145;-0.01802384
-0.0131;-0.01650269
-0.0104;-0.0149865
-0.0079;-0.0131821
-0.0056;-0.01116876
-0.0028;-0.00905211
-0.0013;-0.0067526
-0.0025;-0.00462434
0.0004;-0.003338
0.0012;-0.0017931
0.004;-0.00041748
0.0068;0.00128154
0.0081;0.00329163
0.0083;0.00517756
0.0074;0.00663519
0.011;0.00744356
0.0125;0.00882379
0.0106;0.01029878
0.0107;0.01096951
0.0099;0.01138059
0.0148;0.01143407
0.0157;0.01261291
0.0155;0.01388133
0.0164;0.01482774
0.015;0.01571717
0.0117;0.01602576
0.0144;0.01535767
0.0102;0.01535395
0.0075;0.01439567
0.0051;0.01288256
0.0071;0.01105009
0.007;0.01009682
0.0104;0.00947993
0.0102;0.00992285
0.0086;0.01037941
0.0079;0.01036058
0.009;0.01010547
0.009;0.01013457
0.008;0.01019183
0.0074;0.01000055
0.0072;0.00967346
0.0073;0.00935155
0.0092;0.00913055
0.007;0.00944525
0.0048;0.00922692
0.0063;0.00845661
