actual;predicted
0.0696;0.018581314
0.0623;0.05634982
0.0555;0.03334123
0.0456;0.03862524
0.0271;0.050665006
0.0231;0.033179082
0.0167;0.05589467
0.0035;0.013234187
0.003;0.046445753
-0.0011;-0.012578135
-0.0163;-0.0059573874
-0.0199;0.009065868
-0.0167;0.01294427
-0.0127;-0.0076897927
-0.0162;-0.042660493
-0.0234;-0.03466436
-0.0235;7.603504e-05
-0.0209;0.0051290914
-0.0268;-0.02017632
-0.0187;-0.0035396563
-0.0133;-0.055660017
-0.0138;-0.030917924
-0.0139;-0.019643966
-0.012;-0.019438637
-0.0042;-0.007068187
-0.0098;-0.0012015728
-0.0087;-0.01502547
-0.0023;-0.014476149
-0.0054;-0.0017419802
0.0085;-0.0012357282
0.0109;0.024892459
0.0029;-0.0050796065
0.0008;-0.009221079
0.0013;-0.0024292995
-0.0046;0.0067959437
0.007;0.024629045
-0.002;6.61239e-05
-0.0027;-0.019626498
0.0019;-0.018429607
-0.0042;0.025958285
-0.0126;0.0035635282
-0.0145;-0.0036544167
-0.0195;-0.0023155753
-0.0243;-0.02980018
-0.0253;-0.021563884
-0.0268;-0.028996078
-0.0357;-0.045057427
-0.0479;-0.05428441
-0.0545;-0.055623047
-0.0726;-0.028238054
-0.0868;-0.08609941
-0.0944;-0.09657422
-0.0969;-0.06902913
-0.1036;-0.053073574
-0.112;-0.07391736
-0.11;-0.08489029
-0.1061;-0.0998001
-0.0988;-0.07579072
-0.0964;-0.054536343
-0.0915;-0.028722946
-0.0828;-0.05751431
-0.08;-0.049915504
-0.0809;-0.06105015
-0.077;-0.025736634
-0.0748;-0.044352088
-0.072;-0.03924949
-0.0617;-0.052734572
-0.0598;-0.056311626
-0.0655;-0.047028698
-0.063;-0.059355438
-0.0529;-0.048714064
-0.0521;-0.06440622
-0.0556;-0.05494226
-0.0535;-0.056689866
-0.0522;-0.035905384
-0.054;-0.068497375
-0.058;-0.020383757
-0.0635;-0.03612333
-0.0666;-0.05367077
-0.0747;-0.05990918
-0.0778;-0.055139363
-0.0849;-0.040761612
-0.0882;-0.066777445
-0.0945;-0.09301013
-0.1006;-0.113224626
-0.1083;-0.06285747
-0.113;-0.025477324
-0.1148;-0.09072997
-0.1216;-0.075065434
-0.117;-0.050725628
-0.1161;-0.07675604
-0.1126;-0.03923259
-0.1101;-0.05554548
-0.1061;-0.12264889
-0.0987;-0.07474892
-0.094;-0.060151894
-0.0848;-0.0879084
-0.0699;-0.0456773
-0.0755;-0.07889614
-0.0425;-0.033671036
-0.0323;-0.028719028
-0.0323;-0.03674063
-0.0233;-0.0037271793
-0.0139;-0.018438984
-0.0162;-0.023251865
-0.0172;-0.0068854354
-0.0179;-0.010656249
-0.0152;-0.034544744
-0.0129;-0.005847295
-0.0186;-0.007441165
-0.0185;-0.024293466
-0.0162;-0.012137364
-0.0165;-0.006993236
-0.0122;-0.013571296
-0.013;-0.0074797934
-0.0144;-0.01224599
-0.0159;-0.031541377
-0.0192;-0.02217636
-0.0195;-0.07814087
-0.024;-0.008145133
-0.0241;-0.016388858
-0.0304;-0.014353562
-0.0312;-0.055018242
-0.0273;-0.03561668
-0.0303;-0.02283717
-0.0302;-0.040547896
-0.0281;-0.030189306
-0.0304;-0.06181332
-0.0305;-0.03654718
-0.0301;0.009747843
-0.0232;-0.017006086
-0.0224;-0.032771215
-0.0185;-0.017533623
-0.017;-0.0130857
-0.0191;-0.0051231715
-0.0189;-0.020950012
-0.0188;-0.018637134
-0.0149;0.002018
-0.0053;-0.02006377
-0.0146;-0.0047671217
-0.0243;0.00071750954
-0.0244;-0.009508398
-0.0198;-0.025191221
-0.0211;-0.007876974
-0.0205;0.007941146
-0.0205;-0.033019487
-0.0216;0.006577283
-0.0278;-0.028034661
-0.0282;-0.027843548
-0.0231;-0.012726781
-0.0257;0.007192187
-0.0209;-0.020085387
-0.0097;-0.0053995363
-0.0056;-0.020754386
-0.0059;-0.012822879
-0.0089;-0.036500946
-0.0081;-0.06930269
-0.0029;-0.0010456792
-0.0082;-0.0042494913
-0.0085;-0.02096637
-0.0121;-0.026570093
-0.0101;0.014913123
-0.0186;-0.01632567
-0.0252;-0.016743641
-0.0251;-0.06788328
-0.0277;0.0062556607
-0.0321;0.016581789
-0.034;-0.027432617
-0.0345;-0.07102057
-0.0359;-0.012623066
-0.0339;-0.01219135
-0.0265;0.01130026
-0.0277;-0.028728481
-0.024;-0.020443909
-0.0235;-0.003716655
-0.0363;-0.030233884
-0.0313;-0.013161501
-0.0256;-0.0019045223
-0.019;-0.038060576
-0.0133;-0.009743604
-0.0108;0.025782106
-0.0098;0.004789845
-0.0061;0.01227769
-0.002;0.015022299
0.0002;0.0015559428
-0.0004;0.02058831
0.0037;0.011931129
0.0046;0.010645446
0.0052;-0.011562459
0.0142;0.0016527912
0.0097;-0.0060447385
0.0094;0.020907111
0.0163;0.02252185
0.0235;0.03522905
0.0286;0.04652835
0.0318;0.04360795
0.0308;0.021374667
0.0357;0.020904358
0.034;0.03619865
0.0344;0.022873659
0.0347;0.01918178
0.0367;0.01471399
0.0415;0.06591253
0.036;0.052360103
0.0395;0.03527156
0.0351;0.03378652
0.0353;0.06020979
0.0352;0.0163377
0.0509;0.067690715
0.05;0.035860356
0.0491;0.03138057
0.0496;0.05510386
0.0511;0.043280806
0.0493;0.040768743
0.048;0.049737684
0.051;0.04104491
0.0516;0.055111088
0.0525;0.046352852
0.0537;0.037333038
0.0558;0.06622633
0.054;0.026895862
0.0565;0.06431823
0.0565;0.033932567
0.0558;0.06614166
0.0627;0.082647756
0.0586;0.03671593
0.0628;0.054960392
0.0578;0.031477034
0.0519;0.043473236
0.0511;0.035743993
0.0527;0.06609548
0.0542;0.05424661
0.0563;0.0612691
0.0598;0.052546866
0.0652;0.079745784
0.0666;0.04855025
0.0683;0.07428563
0.0751;0.080832005
0.0726;0.056589868
0.0755;0.056018762
0.0915;0.07818416
0.0869;0.06936912
0.0865;0.089828864
0.0991;0.072117046
0.0968;0.047793858
0.0903;0.043160595
0.0814;0.049221076
0.0767;0.07109077
0.0758;0.04743965
0.0789;0.07274676
0.0824;0.05999726
0.0837;0.05611661
0.0858;0.08453624
0.0876;0.07291917
0.0892;0.064537436
0.0874;0.030768994
0.0887;0.0625235
0.09;0.0679625
0.0792;0.07432364
0.0748;0.064420745
0.07;0.07979716
0.0695;0.0510692
0.0666;0.08441896
0.0661;0.07747819
0.0667;0.09466435
0.0667;0.06645267
0.068;0.0738958
0.0702;0.06538137
0.0746;0.057943184
0.0799;0.059609182
0.0866;0.10870607
0.0946;0.055016123
0.1011;0.061329834
0.1096;0.09417051
0.1216;0.06626571
0.1277;0.07183838
0.1395;0.08094016
0.1423;0.085229084
0.1439;0.06403251
0.1488;0.08212743
0.1545;0.10557183
0.1513;0.029824553
0.1472;0.09658033
0.1521;0.09723514
0.1435;0.06699545
0.1364;0.099194966
0.1354;0.10581925
0.1354;0.08087018
0.1324;0.05985046
0.1365;0.0861485
0.135;0.08165787
0.1308;0.08044869
0.1323;0.10640654
0.1308;0.09957057
0.135;0.07748937
0.1298;0.0861402
0.1304;0.06278319
0.1313;0.080813915
0.1268;0.075977035
0.1251;0.100202724
0.127;0.08455044
0.1309;0.0653512
0.1338;0.09634012
0.1357;0.11482432
0.1418;0.0429203
0.1478;0.10472621
0.1462;0.090655446
0.1464;0.07276645
0.1453;0.11071319
0.1437;0.07827701
0.1379;0.0942816
0.1364;0.10314445
0.1293;0.109669894
0.1299;0.080758035
0.1265;0.065408416
0.1268;0.08493736
0.1252;0.07256803
0.1164;0.0994008
0.1207;0.08033076
0.1163;0.03937843
0.1155;0.04194622
0.1135;0.072604425
0.1079;0.10957177
0.1075;0.067621276
0.1014;0.09351188
0.1012;0.11993484
0.0986;0.083047636
0.0959;0.08669108
0.0949;0.089258246
0.0858;0.08787316
0.0852;0.054591
0.0782;0.04658154
0.0783;0.05544396
0.0774;0.07738036
0.065;0.05180162
0.058;0.07251978
0.0532;0.011767395
0.0435;0.030240422
0.0402;0.04844372
0.037;0.054700084
0.037;0.0708154
0.0344;0.024351446
0.0363;0.05765487
0.0382;0.029931882
0.0371;0.04946532
0.0328;0.043853775
0.0264;0.027648762
0.0242;0.02873497
0.0183;0.0334864
0.014;0.026432302
0.0085;0.025657762
0.0053;0.018245991
-0.0015;0.0054521477
0.0002;0.012826853
-0.0024;0.02912698
-0.0023;0.0048020957
-0.005;0.028334182
-0.0064;-0.020471074
-0.0065;-0.020647692
-0.0091;-0.018116709
-0.012;-0.05931176
-0.011;-0.028672338
-0.0102;0.0047519095
-0.0147;-0.00100502
-0.0163;0.0034057824
-0.012;-0.028411701
-0.0141;-0.0006468054
-0.0097;0.017076703
-0.0011;-0.010525875
-0.0041;0.007008434
-0.0047;0.0002863612
-0.0096;-0.035316456
-0.009;0.023474379
-0.0134;-0.01321329
-0.0135;0.0054904954
-0.0128;0.023430724
-0.0139;0.008057399
-0.0141;0.02319175
-0.0092;-0.010750513
-0.0123;-0.020166643
-0.0237;0.003094688
-0.0334;-0.02500638
-0.0334;-0.053031676
-0.0496;-0.05066251
-0.0534;-0.02994798
-0.0616;-0.034813132
-0.0631;-0.07308948
-0.0712;-0.07837261
-0.072;-0.009481605
-0.0746;-0.029271044
-0.0733;-0.07688158
-0.0792;-0.073800564
-0.0802;-0.066629454
-0.0822;-0.05993297
-0.0848;-0.076244846
-0.0897;-0.056594953
-0.0843;-0.060462564
-0.0862;-0.028882142
-0.0895;-0.030363102
-0.0671;-0.07110307
-0.0554;-0.0433255
-0.051;-0.028531449
-0.0534;-0.0128442915
-0.042;-0.053770244
-0.0241;-0.032991312
-0.0289;-0.026919603
-0.0256;-0.009820539
-0.0231;-0.043511663
-0.0234;-0.010730093
-0.0189;-0.017558735
-0.0192;-0.018663267
-0.022;0.0037906896
-0.0197;-0.035585046
-0.0192;-0.013337284
-0.0166;-0.029733118
-0.0157;-0.016251482
-0.0094;-0.023265041
-0.0116;-0.007955322
-0.0197;0.03654374
-0.0203;0.002620472
-0.0331;-0.029061953
-0.0377;-0.032587018
-0.0398;-0.04998889
-0.0429;-0.045045026
-0.0432;-0.011170259
-0.0406;-0.035969682
-0.0386;-0.023614557
-0.0394;-0.056664176
-0.0434;-0.016890025
-0.0427;-0.06217605
-0.0439;-0.017412031
-0.0453;-0.022546072
-0.0462;-0.04566946
-0.0435;-0.039058708
-0.018;-0.011326127
-0.015;0.011233596
-0.0032;-0.01424612
-0.0049;0.0008365128
-0.0042;0.014178846
0.017;0.0098096635
0.0288;0.05134816
0.0374;0.043586243
0.0393;0.009921577
0.0368;0.02429343
0.0416;0.007104869
0.0413;0.021637939
0.0352;-0.0049865637
0.0272;0.010271439
0.017;0.002454631
0.0105;-0.031691477
0.0051;-0.010326393
0.0017;-0.03694995
-0.0045;-0.015330599
-0.014;-0.03171135
-0.0189;-0.009759266
-0.0351;-0.03606663
-0.0333;-0.017588487
-0.0322;-0.060994014
-0.0271;0.018587194
-0.0256;-0.0278623
-0.0282;-0.022262812
-0.0279;-0.033521634
-0.0302;-0.03285518
-0.0342;-0.021283947
-0.0313;-0.02498766
-0.033;-0.039737813
-0.0264;-0.019884748
-0.0256;-0.034586303
-0.025;-0.016864609
-0.0256;-0.036126174
-0.0275;-0.012706516
-0.0284;-0.027635137
-0.0279;-0.020012433
-0.0348;-0.016802864
-0.0379;-0.028060002
-0.0373;-0.06295363
-0.0354;-0.0115127
-0.0347;-0.030695364
-0.0356;-0.038788646
-0.0348;-0.04841709
-0.0324;0.007134605
-0.0366;-0.04766982
-0.035;-0.04762759
-0.0294;-0.01963497
-0.0297;-0.02720774
-0.0223;-0.014794088
-0.0319;-0.04077973
-0.0297;-0.01576475
-0.0314;-0.010567354
-0.0362;-0.009980139
-0.0396;-0.05247056
-0.0431;-0.01762571
-0.0468;-0.040373124
-0.0439;-0.04954622
-0.039;-0.070695914
-0.0342;-0.006609674
-0.0302;0.015133169
-0.029;-0.007393679
-0.0289;-0.023936762
-0.0272;-0.024579883
-0.0289;-0.014214901
-0.0262;-0.03111546
-0.0264;-0.027769674
-0.0276;0.020873735
-0.0169;0.013840608
-0.023;-0.026463341
-0.0254;-0.00928106
-0.0251;-0.020602472
-0.0216;-0.06446934
-0.0193;-0.02272499
-0.0138;-0.04398351
-0.0108;-0.0009563444
-0.0081;-0.020464092
-0.0078;-0.002673251
-0.0023;-0.022268875
-0.0023;0.001331415
-0.0004;-0.012486851
0.003;0.0016729748
0.0041;0.008161053
0.0002;0.025719851
-0.0013;0.0008457331
-0.0035;0.0011740681
-0.0017;-0.0004332401
0.0017;0.011683995
0.0041;0.021233618
-0.0038;-0.006394986
-0.0031;0.009983142
-0.0033;0.012348952
0.0;-0.007905379
0.0036;0.0135758985
0.0041;-0.0081238905
0.008;0.021192575
0.0092;0.02288284
0.0112;0.026503947
0.0166;0.0042197
0.0143;0.0023996262
0.0109;0.031623013
0.0016;-0.009832869
0.0009;-0.0043254644
-0.0058;0.042217776
-0.0132;0.0016921181
-0.0183;-0.0508804
-0.0246;-0.00817201
-0.034;-0.028879825
-0.0289;-0.0042559463
-0.0314;-0.008534279
-0.0259;-0.014912307
-0.0228;-0.041328467
-0.0187;-0.037067655
-0.014;0.00661334
-0.0107;0.017842654
-0.0076;0.023093175
-0.0011;-0.010605281
0.0018;0.021920843
0.0047;-0.0003125202
0.0162;0.00719957
0.0196;0.038765743
0.0096;0.0046008583
0.0056;-0.0001663398
0.0081;0.026775246
0.014;0.018313358
0.0174;0.038442377
0.0193;0.016359268
0.0196;0.021875842
0.0179;0.016688198
0.0195;0.0031251349
0.0218;0.0062380116
0.0232;-0.0033759233
0.0272;0.009425318
0.0294;0.01652909
0.0289;0.0015064832
0.0357;0.018455263
0.0384;0.01657769
0.0398;0.025556576
0.0534;0.046311595
0.0606;0.061318472
0.0571;0.052162435
0.0628;0.05189898
0.0633;0.05594242
0.0707;0.053345665
0.0766;0.06252845
0.077;0.0610569
0.0802;0.070962116
0.0841;0.03095287
0.0835;0.06981146
0.0872;0.05185739
0.0885;0.039180752
0.0871;0.08519152
0.0887;0.09001644
0.088;0.046466365
0.094;0.06826941
0.1053;0.09556508
0.1113;0.12664153
0.123;0.112724945
0.1236;0.067042604
0.12;0.069350556
0.1233;0.08764714
0.1279;0.11473702
0.1291;0.090920255
0.1303;0.11829436
0.1295;0.043736413
0.1277;0.08482361
0.1295;0.0757522
0.1313;0.07697722
0.1304;0.09886059
0.127;0.07597052
0.1234;0.10293348
0.1224;0.11072878
0.1182;0.08676998
0.1279;0.09898868
0.1235;0.08147132
0.1182;0.08850858
0.1163;0.042038456
0.1034;0.041872993
0.1043;0.0635252
0.1062;0.058731258
0.1149;0.08581244
0.1189;0.055635788
0.1194;0.11126545
0.1205;0.082552746
0.1208;0.106869444
0.1253;0.07549174
0.1285;0.09165479
0.1253;0.029455611
0.1367;0.116399065
0.1325;0.09949186
0.1275;0.077359006
0.1261;0.063180804
0.124;0.080497935
0.1226;0.066710755
0.1218;0.035925306
0.1191;0.09291004
0.12;0.06368715
0.1209;0.080587976
0.1199;0.042837523
0.124;0.074242525
0.128;0.035242893
0.1301;0.10890784
0.1384;0.061490245
0.1473;0.1192742
0.1527;0.12408614
0.1553;0.08583492
0.1588;0.09667462
0.158;0.07105675
0.1467;0.08526781
0.1485;0.08023135
0.1522;0.13800366
0.1505;0.06873374
0.1498;0.11270161
0.1482;0.11374298
0.1486;0.08033684
0.1459;0.081582926
0.1386;0.076607
0.1346;0.091932975
0.1353;0.052503575
0.1335;0.09336573
0.1325;0.091808744
0.1343;0.0787261
0.1293;0.043150526
0.132;0.1071109
0.1361;0.09521484
0.1367;0.103534564
0.1353;0.07610439
0.1439;0.10302331
0.1402;0.121795334
0.1522;0.12910374
0.1447;0.09237339
0.1484;0.083780855
0.1466;0.11014691
0.1422;0.053894892
0.1408;0.056887243
0.1363;0.11127284
0.132;0.095475495
0.129;0.082496166
0.1294;0.08132054
0.1329;0.07882078
0.1318;0.07737806
0.1287;0.06958217
0.1223;0.07762951
0.117;0.05446531
0.1151;0.06929816
0.1113;0.066971175
0.1206;0.051378682
0.1105;0.08492154
0.1213;0.050045706
0.1201;0.06625558
0.1226;0.06514394
0.1257;0.07633275
0.1229;0.062396273
0.1211;0.1074931
0.1204;0.033376984
0.1078;0.09732169
0.1036;0.055911716
0.0978;0.07406288
0.0875;0.065860674
0.0819;0.096567914
0.0784;0.028275417
0.0701;0.040131312
0.0766;0.07021113
0.0751;0.07298775
0.0782;0.054632988
0.0722;0.07625563
0.07;0.07539137
0.0663;0.04685069
0.0649;0.02926448
0.0589;0.054453522
0.0577;0.013744401
0.0647;0.041871678
0.0673;0.038090035
0.0691;0.056371894
0.073;0.083420575
0.0793;0.08815284
0.0793;0.08289457
0.0834;0.074621804
0.0932;0.07224049
0.0962;0.07884197
0.0978;0.067845136
0.0895;0.07202855
0.0813;0.054750323
0.0907;0.04404696
0.0869;0.051131964
0.0891;0.06570891
0.09;0.014389845
0.0902;0.052532915
0.0878;0.06724193
0.0858;0.060144886
0.0831;0.03408388
0.0732;0.03534418
0.0702;0.04650076
0.0669;0.055720866
0.0584;0.0701834
0.0565;0.050786763
0.0482;0.03985472
0.0497;0.022217378
0.0482;0.031185545
0.043;0.05730056
0.0325;0.012863532
0.0316;0.0676526
0.0325;0.021866824
0.0285;0.035734035
0.0248;0.023516897
0.0199;0.020006362
0.0186;0.01502559
0.0194;-0.029858526
0.0187;-0.0044740075
0.0158;0.03254251
0.0169;-0.029590454
0.0142;0.016246919
0.0101;0.02685021
0.0081;0.024597634
0.0074;-0.01774178
0.0059;-0.017257694
0.0084;-0.009647519
0.0118;0.009643233
0.0135;-0.004163313
0.0197;0.0055970517
0.0225;0.006662933
0.0245;0.023918405
0.0263;0.008214537
0.0263;0.017224493
0.0214;-0.006247307
0.021;0.025459157
0.0142;0.033168733
0.0097;0.032285325
0.0058;0.0023065463
0.0039;0.019716432
0.0011;-0.008731854
-0.0032;-0.0046627102
-0.0001;-0.007787009
0.0013;0.014427011
0.0007;-0.029058293
0.0012;0.008895498
0.0025;-0.0014378363
0.002;-0.0032225018
0.007;-0.014597018
0.0062;-0.021756757
0.0098;0.012668401
0.0113;-0.012318412
0.0108;0.0030407552
0.0061;0.01053171
0.0023;-0.005392028
0.0028;-0.0024617538
0.0037;0.0056591723
-0.0045;-0.01722533
0.0063;0.01182197
0.0012;-0.016158324
0.0052;-0.04847825
0.0047;0.0128823705
0.0088;-0.015313375
0.0135;-0.001730103
0.0124;-0.015400393
0.0129;0.010553958
0.0102;-0.008766657
0.0034;0.001749929
-0.0039;-0.017026216
-0.0066;-0.011691374
-0.0079;-0.026525544
-0.0138;-0.0069489465
-0.0191;-0.023201048
-0.024;-0.0032976326
-0.0291;-0.034668222
-0.037;-0.016528305
-0.0466;-0.048349958
-0.0418;-0.061048657
-0.0386;-0.043008063
-0.045;-0.024042387
-0.0422;-0.027328094
-0.0374;-0.033909906
-0.0375;-0.03507552
-0.0335;-0.034149546
-0.0322;-0.038160443
-0.0308;-0.032833535
-0.0295;-0.031809576
-0.0311;-0.03706578
-0.034;-0.04658789
-0.0364;-0.0032463875
-0.0394;0.0018197382
-0.0441;-0.015492305
-0.0456;-0.026389696
-0.0388;-0.021896705
-0.04;-0.052166346
-0.0383;-0.056781426
-0.0314;-0.034389034
-0.028;-0.038811482
-0.0172;-0.03131188
-0.008;-0.019908788
0.0024;-0.011509391
0.0115;0.02556003
0.0181;0.03467779
0.0277;0.033202097
0.0437;0.01036172
0.0496;0.023267517
0.0573;0.020469056
0.0672;0.09856142
0.0662;0.049189348
0.0676;0.043021604
0.0683;0.07635535
0.0689;0.042780317
0.0686;0.07401903
0.0664;0.055322148
0.0598;0.096775554
0.055;0.046184048
0.0504;0.047289625
0.0486;0.028109215
0.0437;0.041535184
0.0376;0.034711815
0.0312;-0.0011440516
0.0257;0.01248107
0.023;0.036131125
0.0204;-0.004330376
0.0166;-0.019410912
0.0147;0.022231568
0.009;0.013395203
0.0036;-0.030911736
-0.0055;-0.0016585258
-0.0098;-0.007427941
-0.0153;-0.026303755
-0.0202;-0.021598602
-0.0284;-0.031649373
-0.0237;-0.023286134
-0.0269;-0.022434905
-0.017;-0.024504157
-0.0197;-0.02326404
-0.0264;-0.014603298
-0.0286;-0.001112476
-0.028;-0.040648654
-0.0291;-0.03316082
-0.0277;-0.029277321
-0.026;-0.014293521
-0.0263;-0.026102206
-0.0296;-0.022784539
-0.0296;-0.031955063
-0.0285;0.0067788884
-0.0257;-0.046557873
-0.0272;-0.050475925
-0.0231;0.002263794
-0.0207;-0.043483246
-0.0196;-0.032307994
-0.0171;-0.018905012
-0.0151;-0.013974406
-0.0148;-0.021048814
-0.0107;-0.013185946
-0.0124;-0.031337455
-0.0104;0.0028220573
-0.0097;-0.040703356
-0.0074;-0.036962163
-0.011;0.023582682
-0.0171;-0.026854627
-0.0162;-0.022174537
-0.0103;-0.03453256
-0.0171;0.0010127416
-0.0174;-0.03304001
-0.0188;-0.009488918
-0.0175;-0.031850353
-0.0182;-0.05173292
-0.0167;-0.026966747
-0.0127;-0.01618273
-0.0154;-0.028051471
-0.0108;-0.006099789
-0.009;-0.01887905
-0.0052;0.0033776609
-0.001;0.008348688
0.0068;0.010543074
0.0109;0.00984266
0.018;0.016988024
0.0215;0.03551433
0.0251;0.034979895
0.0284;0.03822484
0.0308;0.041260757
0.0342;0.040626775
0.029;0.052582085
0.024;0.03615878
0.0253;0.016955087
0.0198;0.019251432
0.0223;0.03204027
0.0129;0.00832353
0.0143;0.0064735385
0.0144;0.0059978967
0.0113;0.024667248
0.0151;0.029151853
0.0133;0.016402844
0.0119;0.01334147
0.0118;0.015682943
0.0135;0.010197392
0.0111;0.00865725
0.0075;0.010901948
0.0041;-0.024731465
0.0028;0.003455806
0.0031;-0.0013726451
-0.0031;0.020512253
-0.0047;-0.027218465
-0.0058;0.0037909863
-0.0037;0.005955292
-0.0072;-0.010736534
-0.0079;-0.0018488141
-0.0093;-0.0021886993
-0.0103;-0.013337636
-0.0101;0.0130536
-0.0106;-0.016666677
-0.013;0.0010858835
-0.0113;-0.01122907
-0.013;0.027009495
-0.0071;0.029748501
-0.0028;0.01825773
0.003;0.0053022075
0.0055;-0.0050503556
0.0112;0.004803979
0.016;0.03587053
0.0189;0.02562764
0.0241;0.021944128
0.03;0.020828485
0.0305;0.049299307
0.0312;0.027756032
0.0281;0.03643892
0.0288;0.030545617
0.0304;0.04051885
0.0343;0.026809487
0.0341;0.014362334
0.0375;0.053748675
0.0566;0.051625155
0.0504;0.010611336
0.0556;0.06481961
0.0648;0.043931883
0.0665;0.055960175
0.0826;0.086205356
0.0907;0.06925819
0.0954;0.07463315
0.0954;0.06419837
0.0972;0.0984481
0.0971;0.047933176
0.0997;0.053348295
0.1014;0.083851196
0.0995;0.07548046
0.0976;0.099012345
0.0954;0.06464647
0.0894;0.06893568
0.0828;0.061894804
0.0736;0.06214511
0.0651;0.054650337
0.0552;0.03628641
0.0495;0.027438102
0.0465;0.061674785
0.0396;0.02377776
0.0414;0.024871692
0.0386;0.029601904
0.041;0.045602217
0.0431;0.013125202
0.0469;0.060237937
0.0515;0.025654359
0.0533;0.029036669
0.0566;0.048401825
0.0628;0.060626544
0.062;0.020628523
0.0674;0.072426654
0.0543;0.046278097
0.0533;0.059367515
0.0484;0.048751667
0.0532;0.018130377
0.0502;0.042473134
0.0489;0.021986272
0.0549;0.055543177
0.0569;0.03529268
0.0598;0.04420384
0.0589;0.04034976
0.0585;0.03691761
0.0594;0.029591965
0.0579;0.07277164
0.0557;0.035076756
0.0588;0.010998353
0.0553;0.057775285
0.062;0.027733421
0.06;0.0424778
0.0561;0.07222015
0.0562;0.06689873
0.0506;0.053007044
0.066;0.07288532
0.0666;0.056065023
0.0721;0.0036597252
0.0715;0.065585
0.0699;0.057513744
0.0701;0.08604537
0.0678;0.052888952
0.0635;0.054812618
0.0593;0.04080253
0.0562;0.035924166
0.0505;0.027434234
0.0486;0.018629637
0.0499;0.0786431
0.0502;0.020363709
0.0486;0.018136363
0.0508;0.058195513
0.0575;0.040813953
0.0624;0.049248695
0.0586;0.06453785
0.0619;0.032816708
0.0719;0.10241775
0.0771;0.04510927
0.0779;0.05679114
0.0888;0.06743672
0.0922;0.07065438
0.0928;0.073827
0.0991;0.08517149
0.1039;0.082471386
0.1073;0.09257783
0.1111;0.07752801
0.1292;0.08808192
0.1341;0.04826551
0.1366;0.07797887
0.1411;0.05347063
0.1416;0.085035756
0.1402;0.10322869
0.1431;0.12714034
0.1466;0.10174512
0.144;0.07522933
0.15;0.07627045
0.1508;0.09836647
0.1542;0.0629649
0.1571;0.11967035
0.1558;0.11886974
0.1564;0.087172866
0.1547;0.088290244
0.1558;0.10164879
0.1668;0.07670553
0.1672;0.13738146
0.1582;0.13057142
0.156;0.061372377
0.154;0.0813698
0.1562;0.06976062
0.1508;0.0678618
0.1466;0.0631111
0.1369;0.0835035
0.1327;0.10555491
0.1269;0.07586663
0.1207;0.06186451
0.1143;0.09044844
0.1051;0.083593234
0.099;0.091557845
0.0923;0.04860925
0.0844;0.04817868
0.0854;0.06111125
0.0858;0.080181584
0.0905;0.0708663
0.0888;0.053511206
0.0916;0.071456924
0.0938;0.06740609
0.0955;0.093823224
0.1112;0.12335625
0.1144;0.07066963
0.1193;0.049433544
0.1236;0.07449359
0.1305;0.091751575
0.1418;0.10491483
0.1445;0.09797843
0.149;0.043263488
0.1546;0.0866189
0.1582;0.13071954
0.1609;0.081001356
0.159;0.086089924
0.1597;0.08811277
0.1638;0.06930791
0.161;0.07654772
0.1614;0.056609876
0.1586;0.06018213
0.1501;0.03891873
0.1433;0.101076126
0.1412;0.10227063
0.1414;0.102832034
0.1333;0.0857918
0.127;0.09520839
0.1236;0.04864597
0.1127;0.05255447
0.1008;0.074235044
0.0934;0.06594644
0.0735;0.05067331
0.0651;0.04221582
0.0553;0.025691075
0.0431;0.026232181
0.0373;0.030147992
0.0298;0.033406682
0.0247;0.004867068
0.0125;-0.0073446445
0.0121;-0.009797854
0.0118;0.006034095
0.0094;-0.0066405227
0.0096;-0.01131389
0.0088;0.0031749867
0.0063;-0.002372845
0.0029;-0.003736035
0.006;0.0048446506
0.0047;0.00017476734
0.0093;-0.015930802
0.0027;0.013209636
0.0056;0.016067937
0.0153;0.019515352
0.0139;0.011295557
0.0149;0.023335505
0.0157;-0.009471912
0.0147;0.012100959
0.0065;0.013308756
0.0045;0.008096455
-0.0031;0.008177293
-0.0102;-0.018686334
-0.0159;-0.05553244
-0.0179;-0.02279187
-0.0275;-0.0057182973
-0.0312;-0.049804226
-0.028;-0.032423273
-0.0177;0.0036143726
-0.0201;-0.0385546
-0.0114;0.00806886
-0.0008;0.008299466
0.0115;0.050877415
0.0177;-0.057644214
0.0289;0.013269218
0.0389;0.03390878
0.0487;0.017385127
0.0517;0.040949304
0.0581;0.04195095
0.0599;0.062092327
0.0644;0.06649775
0.0688;0.05304946
0.0668;0.038732007
0.0626;0.040843315
0.0615;0.045886256
0.0593;0.035932884
0.0599;0.05766342
0.0562;0.040801886
0.0534;0.07431999
0.05;0.05386144
0.0415;0.013198048
0.0352;0.05565232
0.0249;0.004476333
0.0221;0.027988736
0.0157;0.015208187
-0.0035;0.0158226
-0.0041;-0.012641907
-0.0048;-0.0010076305
-0.0077;-0.017999481
-0.0092;-0.03551852
-0.015;-0.006023513
-0.0208;-0.032423835
-0.0251;-0.032956228
-0.0297;-0.04639592
-0.0404;-0.0033336752
-0.0431;-0.00049864175
-0.0473;-0.03125108
-0.0514;-0.0064134914
-0.0554;-0.05883908
-0.0672;-0.06497245
-0.065;-0.056833126
-0.0736;-0.061032295
-0.0803;-0.07401937
-0.0794;-0.029602773
-0.0785;-0.08595544
-0.0765;-0.06905745
-0.0748;-0.02882052
-0.0743;-0.05361821
-0.0738;-0.048057802
-0.0752;-0.037262946
-0.077;-0.07056532
-0.0765;-0.034282394
-0.0734;-0.075532034
-0.0748;-0.031452022
-0.0675;-0.075397044
-0.0679;-0.07177156
-0.0697;-0.057202633
-0.0682;-0.048176408
-0.0618;-0.018078536
-0.0603;-0.047684036
-0.0573;-0.052259866
-0.053;-0.02275762
-0.0542;-0.044549502
-0.0537;-0.058548667
-0.0539;-0.058685623
-0.0538;-0.049522825
-0.053;-0.05018613
-0.0494;-0.025082082
-0.0496;-0.044414304
-0.0455;-0.020565659
-0.0486;-0.03534133
-0.0436;-0.03121873
-0.0423;-0.04773601
-0.0413;-0.058986038
-0.0383;-0.05820395
-0.0339;-0.038662225
-0.0304;-0.032023195
-0.0247;-0.006633124
-0.0166;-0.005037092
-0.0113;-0.019067539
-0.0069;-0.031198299
-0.0024;-0.0056783836
0.0008;-0.0050798724
0.0015;0.0049592927
0.0035;0.0029734783
0.0051;0.019834317
0.0013;-0.007847454
0.0051;-0.020170296
0.0041;-0.018056454
0.0038;0.012352063
0.0007;0.0057126377
-0.0002;0.007908372
-0.0003;-0.015746187
-0.0001;-0.01220127
-0.0036;-0.02274667
-0.0032;-0.01238125
-0.0008;0.021553418
-0.0001;-0.020741422
-0.0031;0.022360424
-0.0008;-0.012237836
-0.0005;-0.002585104
-0.0034;0.0149693545
-0.0054;-0.002344559
-0.0064;0.012881171
-0.0063;0.0021170154
-0.0084;-0.008864731
-0.0093;0.0038926937
-0.0154;-0.022869246
-0.0185;-0.021176685
-0.015;-0.014348557
-0.0261;-0.024886401
-0.0171;-0.009698105
-0.0178;-0.029651966
-0.0163;-0.011389504
-0.0139;-0.01369443
-0.0132;0.022527874
-0.0139;-0.022441886
-0.0139;-0.027561972
-0.0152;-0.0017411225
-0.0134;-0.006598126
-0.0138;0.020275652
-0.0125;-0.0019674324
-0.0146;0.005681064
-0.0144;0.0043375557
-0.0174;-0.043403618
-0.0149;-0.0034944322
-0.0169;-0.012873734
-0.0158;-0.03176468
-0.0125;-0.026944233
-0.0103;-0.0029592682
-0.0065;-0.016826881
-0.0033;-0.016035484
-0.0034;0.007469247
-0.0008;0.004412325
0.0036;-0.019728364
0.0062;0.002566021
0.0097;0.00071131624
0.0152;0.016979856
0.0189;0.0022891797
0.0222;0.02035778
0.0195;0.015943062
0.027;0.054494113
0.0273;0.060554974
0.0266;0.04781758
0.0276;0.04562507
0.0282;0.03490821
0.0286;0.031873114
0.0305;0.031346038
0.0324;0.027474249
0.0329;0.022897813
0.0352;0.05346985
0.0384;0.036836274
0.0365;0.023900773
0.0387;0.022849485
0.042;0.04988047
0.0452;0.03273892
0.0434;0.008610032
0.0463;0.02062101
0.0494;0.088337645
0.053;0.057457425
0.0578;0.023742674
0.0593;0.07437934
0.0591;0.036434993
0.0652;0.024546191
0.071;0.08103232
0.0765;0.060196385
0.0828;0.08665252
0.0878;0.068232596
0.0925;0.081918456
0.0919;0.043209057
0.0859;0.07071484
0.0855;0.08477339
0.0813;0.044902463
0.0827;0.10517141
0.0775;0.048549946
0.0802;0.046924468
0.0693;0.06865257
0.0699;0.047305677
0.0665;0.08239972
0.053;0.04099032
0.0415;0.069145545
0.0344;0.054056637
0.0305;0.031434596
0.0287;0.051116012
0.0251;0.02436104
0.0218;0.012912814
0.0182;0.047676295
0.0149;0.04266063
0.013;0.020737506
0.0137;-0.010137852
0.0187;0.03826244
0.0187;0.017098969
0.0231;0.036401503
0.0265;0.016148772
0.0292;0.04392513
0.0323;0.037208423
0.0382;0.023413973
0.0393;0.03293095
0.0434;0.058660455
0.0501;0.047986254
0.0531;0.05597329
0.0535;0.0075218547
0.0595;0.052866213
0.0609;0.052695446
0.0635;0.057165064
0.067;0.051500145
0.0729;0.0727862
0.0783;0.07580745
0.0818;0.08105387
0.0842;0.08489218
0.0891;0.032432172
0.0961;0.06515086
0.1043;0.064260885
0.1045;0.07005596
0.1171;0.037995577
0.1242;0.09090812
0.125;0.04981277
0.1275;0.057425648
0.122;0.09815566
0.1252;0.062456213
0.1251;0.051943302
0.1277;0.090674385
0.1309;0.09429156
0.1343;0.07407877
0.138;0.021688554
0.1391;0.09234144
0.1359;0.08458413
0.1349;0.111490026
0.1303;0.078510836
0.1298;0.068352886
0.129;0.051400397
0.1235;0.084008664
0.1186;0.0743489
0.111;0.032680724
0.1072;0.06743689
0.1026;0.10524303
0.1005;0.05773025
0.102;0.09475145
0.1003;0.07711859
0.0978;0.040652163
0.0994;0.043860536
0.1042;0.08344185
0.1076;0.08047819
0.1118;0.04217292
0.1126;0.07842216
0.1163;0.09222123
0.1167;0.10785377
0.1239;0.05822986
0.1254;0.08893721
0.1216;0.0631276
0.1135;0.086344026
0.1109;0.055390514
0.1099;0.116820715
0.107;0.055561565
0.0995;0.03929089
0.0901;0.053620126
0.085;0.060143165
0.0798;0.07004006
0.0794;0.044853754
0.0877;0.07868217
0.0885;0.060060687
0.0945;0.08480148
0.1025;0.07162272
0.1028;0.040720306
0.1012;0.07661591
0.0974;0.08498873
0.0967;0.033465702
0.0975;0.09995821
0.0953;0.08063914
0.0891;0.051660746
0.0811;0.052130826
0.0738;0.037492443
0.0629;0.033340976
0.0492;0.040784128
0.0411;0.035148393
0.0341;0.048425466
0.0262;0.04891183
0.0195;0.04927866
0.0168;0.054096155
0.0191;0.03758869
0.0139;0.019543776
0.0107;0.021558272
0.0088;0.02057334
0.0069;0.0129923485
0.005;0.030381784
0.0019;0.021285987
-0.0033;0.008168657
-0.007;-0.005339494
-0.006;-0.023395946
-0.0099;-0.019553417
-0.0163;-0.015310142
-0.0171;-0.0016078595
-0.0238;-0.040710118
-0.0319;-0.034001548
-0.0307;-0.011301399
-0.0338;-0.04178173
-0.0353;-0.031125937
-0.035;-0.0214732
-0.0328;-0.013604901
-0.0409;-0.043395787
-0.0294;-0.054168463
-0.0254;-0.03655065
-0.0177;0.000706302
-0.0051;0.008907852
-0.0019;-0.0020042737
-0.0065;-0.03495809
-0.0125;-0.03595134
-0.0105;-0.011269302
-0.0102;-0.031881984
-0.0148;-0.03188213
-0.0113;-0.018907527
-0.0133;-0.021115854
-0.0184;-0.013655109
-0.0216;0.010030387
-0.0211;-0.046274822
-0.0296;-0.011480228
-0.0325;-0.057747167
-0.0326;-0.009571437
-0.0385;-0.009216913
-0.0431;-0.012543054
-0.0478;-0.040755246
-0.0471;-0.035164535
-0.0442;-0.041982472
-0.0524;-0.052920323
-0.0477;0.0028909277
-0.0377;-0.036461264
-0.0434;-0.04181547
-0.0477;-0.027711816
-0.0523;-0.01680554
-0.0526;-0.054140102
-0.0503;-0.015708504
-0.0456;-0.03427954
-0.0355;-0.027380154
-0.0336;-0.025635323
-0.0288;-0.021687876
-0.0249;-0.023537539
-0.0182;0.003905206
-0.0135;0.00083077746
-0.0077;0.011605393
-0.0036;0.00047460757
-0.0009;-0.007092056
0.0004;-0.008501245
-0.0002;0.015763264
-0.001;-0.0020852596
-0.0049;-0.0037231222
-0.0043;0.035986684
-0.007;0.010392732
-0.0106;-0.011168756
-0.0106;-0.011762157
-0.0132;-0.029211711
-0.0169;-0.024442477
-0.0099;0.012372369
-0.0113;-0.007943968
-0.0131;-0.0397842
-0.0104;0.01839166
-0.0147;-0.017776828
-0.0134;-0.01986416
-0.011;0.009501536
-0.0118;-0.014591476
-0.0077;-0.00032975618
-0.0101;0.0008550342
-0.0063;0.016594611
-0.0056;-0.03532731
-0.0067;0.0039774925
-0.0049;-0.005051259
-0.004;0.00021121278
0.0018;-0.00015869446
-0.0028;0.026557045
0.0064;0.006851134
0.0068;0.04355459
0.0084;-0.0074800793
0.0114;0.008137195
0.0106;0.01409891
0.0166;-0.011966183
0.0145;0.019388355
0.0222;0.03166395
0.0237;0.010804588
0.0252;0.02137334
0.0281;0.025071183
0.029;0.026381344
0.0309;0.026690077
0.0271;0.048923858
0.0261;0.011448095
0.0251;0.0072289146
0.0156;-0.00031283873
0.0125;0.03454746
0.016;-0.018405281
0.0074;-0.0060672164
0.0027;-0.0105942
-0.0016;-0.02550581
-0.0045;-0.027369272
-0.0152;-0.029396161
-0.0188;0.0036021322
-0.0199;-0.026057752
-0.0316;-0.018947423
-0.0366;-0.016703399
-0.0409;-0.034867294
-0.043;-0.043487962
-0.0497;-0.057506688
-0.0497;-0.036181193
-0.0524;-0.043931227
-0.0544;-0.044886105
-0.0545;-0.052639246
-0.0559;-0.0605589
-0.0556;-0.03694227
-0.0393;-0.040682282
-0.0388;-0.050355166
-0.0289;-0.0030604582
-0.0248;0.008655414
-0.0191;-0.037968215
-0.014;-0.030922862
0.0005;-0.012667968
0.0065;0.0145913465
0.0125;-0.025276948
0.0303;0.010192312
0.0374;0.01146806
0.0432;0.016979825
0.0482;0.023415376
0.0486;0.06186227
0.0523;0.07579658
0.0502;0.046837665
0.0501;0.031293657
0.0483;0.033057373
0.047;0.021675581
0.0444;0.01586128
0.0416;0.061621867
0.0374;0.032907467
0.0375;0.040780827
0.0315;-0.009081585
0.0252;0.025101889
0.0197;-0.005295029
0.0059;-0.0067858435
0.0034;0.005655079
-0.0018;-0.0004959125
-0.0066;-0.0087497905
-0.0131;-0.025004346
-0.0159;-0.04284316
-0.0162;-0.031993568
-0.0223;-0.016503092
-0.0216;-0.02349756
-0.029;-0.01851843
-0.0282;-0.03953002
-0.0267;-0.051563896
-0.0259;-0.009604559
-0.04;-0.01962836
-0.0386;-0.034931578
-0.0328;-0.047189448
-0.0339;0.0034736851
-0.028;-0.010977375
-0.0236;-0.01464767
-0.0232;-0.019510232
-0.022;-0.030404957
-0.017;-0.013108425
-0.0157;-0.0017828187
-0.0142;-0.014310717
-0.0112;0.0027862107
-0.0114;-0.032694865
-0.0023;-6.794557e-05
-0.0016;-0.006200436
0.0004;-0.007794176
0.0033;-0.013539311
-0.0025;-0.012173109
-0.0008;0.038788248
-0.0024;-0.02164566
-0.0016;-0.018011734
-0.0049;-0.0018922514
-0.0018;0.0033083134
0.0066;0.041232023
0.0081;0.027544942
0.0081;0.007918442
0.0109;0.018396169
0.0066;0.004683082
0.0051;0.008041313
0.005;0.024529781
0.0011;0.04907904
0.0049;0.010256447
0.0082;0.00365277
0.0091;0.028940238
0.0129;0.017131127
0.0248;0.04172308
0.0238;0.06181506
0.0242;0.051951434
0.0269;0.025814105
0.0284;7.471815e-05
0.0248;0.001607148
0.0246;0.04743086
0.0266;0.019208077
0.0223;0.044203494
0.0198;0.012749442
0.0181;0.01507006
0.0109;0.017216766
0.0072;0.024768416
0.0003;-0.005235114
0.001;0.014972536
0.003;-0.013043799
-0.0037;0.020630954
-0.0084;-0.011925499
-0.0097;-0.008490302
-0.0028;0.0021684952
-0.001;0.0030787569
0.0018;-0.0028727425
0.0062;0.011147918
0.0065;0.0041868035
0.0099;-0.016373621
0.0149;0.033527117
0.0182;0.029514726
0.0223;0.03138999
0.0278;0.056596838
0.0238;0.027390422
0.0227;0.023965774
0.0379;0.042984396
0.0402;0.039895795
0.0399;-0.0085827075
0.0411;0.066357404
0.0363;0.034787983
0.038;0.029453376
0.0392;0.026322184
0.0399;0.0354459
0.0428;0.04062181
0.0455;0.017464714
0.0459;0.022409357
0.0494;0.06166111
0.0498;0.052112006
0.0492;0.026140496
0.0505;0.0463679
0.0467;0.073195726
0.0498;0.059025504
0.0449;0.04094477
0.043;0.050043605
0.0435;0.03270356
0.0565;0.056442287
0.0533;0.047959283
0.0571;0.04500614
0.0611;0.04443759
0.0601;0.05326604
0.0599;0.052814156
0.0617;0.06403774
0.062;0.024742816
0.0613;0.041155003
0.0612;0.05670907
0.0613;0.035942223
0.0612;0.021497043
0.0632;0.08471217
0.0609;0.021086864
0.0608;0.061057143
0.0791;0.063806236
0.0843;0.07240161
0.0858;0.024823055
0.0946;0.086839624
0.096;0.03391887
0.1074;0.057416517
0.1154;0.051996637
0.115;0.029588258
0.1158;0.0680988
0.1156;0.059103437
0.1119;0.05950146
0.1136;0.07913311
0.1117;0.073169686
0.1132;0.094861954
0.1092;0.04949786
0.1033;0.076938935
0.103;0.08086178
0.1024;0.07906559
0.098;0.0839857
0.1035;0.09109931
0.1021;0.06571203
0.1038;0.084208526
0.1077;0.08277719
0.114;0.13152404
0.1163;0.08103507
0.1175;0.099908605
0.1187;0.08026545
0.1205;0.06763226
0.1265;0.104348406
0.1314;0.06654392
0.134;0.07424881
0.1369;0.11285032
0.1409;0.10644625
0.1401;0.07809767
0.1422;0.11297697
0.143;0.084329724
0.144;0.0963849
0.1431;0.08468823
0.1362;0.08037618
0.1291;0.060362972
0.1258;0.06256416
0.1199;0.08778781
0.1159;0.07942718
0.1146;0.109054565
0.1103;0.10292636
0.1091;0.07151054
0.1112;0.046878956
0.1129;0.09764302
0.1139;0.07472232
0.1133;0.05862979
0.1121;0.07418612
0.1196;0.09986338
0.1226;0.09536028
0.1217;0.097056344
0.129;0.062948555
0.1272;0.10555829
0.1272;0.08604531
0.1277;0.044201877
0.1319;0.068703376
0.1345;0.047786288
0.1349;0.096964285
0.1308;0.05986028
0.1327;0.07965004
0.1289;0.08164117
0.1275;0.074626386
0.1255;0.08571151
0.1243;0.09361994
0.1156;0.07200965
0.1087;0.035258222
0.1042;0.05507787
0.1056;0.048063904
0.1102;0.0503182
0.1056;0.06952862
0.1042;0.0860945
0.1061;0.10081543
0.1;-0.00070337765
0.0958;0.07134999
0.0988;0.07352013
0.0983;0.06831218
0.1011;0.04179101
0.1021;0.06860769
0.1098;0.075849384
0.1131;0.075745106
0.1138;0.07948129
0.1235;0.080455646
0.1286;0.054684587
0.1259;0.07355953
0.1288;0.06737307
0.1281;0.04291956
0.1312;0.101178005
0.1361;0.104929864
0.1361;0.05963032
0.1328;0.110749885
0.1357;0.081220016
0.1376;0.09942886
0.1392;0.078404576
0.1397;0.10850784
0.1393;0.111560136
0.1402;0.04078815
0.14;0.054772608
0.1376;0.08306287
0.1351;0.08827561
0.1348;0.07423742
0.1321;0.11089316
0.1329;0.026306447
0.1251;0.1090167
0.1176;0.08675885
0.111;0.024664093
0.1052;0.08667705
0.0966;0.06266415
0.0944;0.083994605
0.0907;0.043811776
0.0836;0.012145724
0.0797;0.078072
0.075;0.07107585
0.0701;0.045014262
0.0665;0.037785828
0.0582;0.06603097
0.0529;0.040065162
0.0517;0.035233464
0.0464;0.046433344
0.0519;0.031463906
0.0517;0.048010334
0.0517;0.05751965
0.0606;0.060329355
0.0686;0.05242618
0.0816;0.03518122
0.0877;0.044698633
0.0938;0.07478839
0.096;0.03827286
0.0969;0.10126436
0.0986;0.09126747
0.1018;0.062986895
0.1019;0.056442156
0.1027;0.08019331
0.1032;0.09344165
0.1022;0.02764178
0.1036;0.054040156
0.1056;0.07596962
0.1;0.0375247
0.099;0.03612642
0.0967;0.046659566
0.0862;0.04008022
0.0769;-0.010543464
0.067;0.040283937
0.0575;0.028638765
0.0489;0.039982796
0.0352;0.026069572
0.0257;-0.013756914
0.0224;0.04942371
0.0135;-0.01187249
0.0045;-0.026690872
0.0008;0.0027608275
-0.0063;-0.023183296
-0.0123;-0.01684417
-0.0147;-0.032348346
-0.0139;-0.015768997
-0.0208;-0.015365998
-0.021;0.034107186
-0.0175;0.010667543
-0.0137;-0.012457964
-0.0131;0.00950636
-0.0107;-0.0194008
-0.0086;-0.013472571
0.0006;-0.011501899
0.0025;0.029381841
0.0049;-0.0071605444
0.0051;0.053044632
0.0;0.0032230606
-0.0055;-0.04314236
-0.0134;0.0073640873
-0.0173;-0.0075395647
-0.0263;-0.036677223
-0.0348;-0.02423647
-0.0429;-0.03717506
-0.049;-0.04828552
-0.0536;-0.03383603
-0.0567;-0.061758634
-0.0583;-0.050865304
-0.0661;-0.045274593
-0.0667;-0.10979284
-0.0679;-0.061964437
-0.0699;-0.05015572
-0.0755;-0.07657394
-0.0801;-0.047753572
-0.0831;-0.066806376
-0.0855;-0.066699445
-0.0908;-0.081318535
-0.0916;-0.085286036
-0.0928;-0.09184953
-0.0903;-0.0776608
-0.0916;-0.05649954
-0.0891;-0.0545026
-0.09;-0.05985003
-0.0847;-0.058940403
-0.0848;-0.055629738
-0.0863;-0.06308119
-0.0896;-0.064205214
-0.0921;-0.02235238
-0.0976;-0.04963228
-0.1011;-0.051921472
-0.1017;-0.0647587
-0.1041;-0.06194202
-0.1165;-0.074700356
-0.1211;-0.09251575
-0.1233;-0.030054249
-0.1306;-0.06606516
-0.1337;-0.028172402
-0.1324;-0.089466184
-0.1382;-0.08322428
-0.15;-0.076190576
-0.1514;-0.058256
-0.1526;-0.07211669
-0.1513;-0.048496105
-0.1504;-0.0715397
-0.1488;-0.08959104
-0.1442;-0.06462099
-0.1382;-0.053015947
-0.1319;-0.072296366
-0.1272;-0.045317255
-0.1173;-0.094346136
-0.1116;-0.06390789
-0.1069;-0.03801997
-0.0952;-0.06010406
-0.0872;-0.081340574
-0.0888;-0.034280032
-0.0827;-0.07827295
-0.0798;-0.0729136
-0.0763;-0.09719088
-0.0734;-0.07999566
-0.0703;-0.024716843
-0.0668;-0.033289056
-0.0627;-0.057857193
-0.0566;-0.023676908
-0.0543;-0.050307214
-0.0517;-0.013669967
-0.0505;-0.041867048
-0.0496;-0.024345685
-0.0493;-0.01579884
-0.0484;-0.028777935
-0.0508;-0.046734095
-0.0536;-0.03373175
-0.0518;-0.04448732
-0.0549;-0.043772645
-0.0585;-0.012515666
-0.0596;-0.04653911
-0.06;-0.057879455
-0.0598;-0.038439505
-0.0618;-0.064359665
-0.0606;-0.05373416
-0.0575;-0.06150786
-0.0561;-0.05262631
-0.0526;-0.06221673
-0.0503;-0.002445397
-0.0455;-0.024720961
-0.043;-0.0076393746
-0.0379;-0.07016526
-0.0335;0.0019798893
-0.0367;-0.06534368
-0.0302;-0.053942546
-0.0271;0.02050071
-0.0232;-0.054929927
-0.0185;-0.0034697223
-0.0179;-0.02129244
-0.0165;-0.00052119605
-0.0178;-0.04930078
-0.0212;0.0023009526
-0.0226;-0.040230792
-0.022;-0.018045418
-0.0216;-0.0031087883
-0.0223;-0.01281667
-0.0219;-0.053300396
-0.0211;0.009295087
-0.0209;-0.015037542
-0.0248;-0.015298882
-0.0248;-0.031490456
-0.0255;0.009322346
-0.0255;-0.014330827
-0.0285;-0.027521215
-0.0291;-0.015047838
-0.0304;-0.020713313
-0.0296;-0.027895674
-0.0268;-0.03924667
-0.0272;-0.018512622
-0.0263;-0.039664727
-0.0237;-0.02377836
-0.025;0.023276478
-0.023;0.011700025
-0.0209;-0.0028767297
-0.0203;0.025069421
-0.0192;-0.052539505
-0.0176;-0.03229507
-0.0058;-0.017631311
-0.0033;0.023824176
0.0001;0.0041349903
0.0019;0.025429543
0.0087;-0.036360767
0.0082;0.011401742
0.0124;-0.0016570464
0.0166;-0.029863443
0.0227;-0.0077438313
0.0245;-0.02965797
0.0305;-0.04457496
0.034;0.006310197
0.0367;0.023734178
0.0401;-0.014161327
0.0407;0.030352447
0.0446;0.025670998
0.0462;-0.013252754
0.0522;0.027424904
0.0515;0.051457055
0.0506;-0.0012164991
0.0508;0.064723946
0.0489;0.04324741
0.047;0.035868876
0.0473;0.0077511678
0.046;0.050229542
0.0455;0.055967987
0.0438;0.020007651
0.0324;0.019992396
0.0314;0.016003622
0.0292;0.010393361
0.0285;-0.010429792
0.0293;0.029057786
0.0295;0.027887372
0.0294;0.022359975
0.031;0.019688828
0.0295;0.048064962
0.0313;0.03451535
0.0317;0.042578936
0.0327;0.022483844
0.0343;0.019205883
0.0337;0.045717813
0.0328;0.04381758
0.0326;0.028034056
0.0329;0.027369099
0.0358;0.013090428
0.0373;0.0052350033
0.0414;0.035852432
0.0424;0.0035110302
0.0452;0.08379315
0.0488;0.057295807
0.0533;0.019680977
0.0555;0.05225521
0.0617;0.02754267
0.0629;0.058911577
0.0623;0.055476233
0.0627;0.05273387
0.0606;0.041264214
0.0597;0.0798182
0.0582;0.065854564
0.0625;0.06631136
0.0642;0.04322374
0.0668;0.04216958
0.0704;0.04562764
0.0758;0.054487698
0.076;-0.0025911946
0.0777;0.059261464
0.0817;0.046678126
0.0827;0.045558266
0.0868;0.073568046
0.0895;0.0556115
0.0926;0.069376424
0.095;0.06303746
0.0947;0.051366195
0.0946;0.059227962
0.0993;0.047591846
0.0967;0.08464142
0.0953;0.07725285
0.0968;0.12650144
0.0964;0.053834826
0.0999;0.009961652
0.0986;0.0553698
0.1019;0.085407525
0.1017;0.08696377
0.1028;0.050842542
0.106;0.09638029
0.1085;0.08699651
0.1074;0.06880998
0.1085;0.055125598
0.1093;0.02873349
0.1114;0.122584395
0.1093;0.06312353
0.1074;0.0877485
0.1094;0.032125898
0.1076;0.045398857
0.104;0.06266539
0.1013;0.052950494
0.0983;0.012766665
0.091;0.054966904
0.0896;0.054693177
0.0799;0.061602827
0.0752;0.07071952
0.0714;0.064823575
0.0732;0.05018225
0.0734;0.042829506
0.0773;0.044789776
0.0788;0.06093458
0.0835;0.05805222
0.0829;0.06967535
0.0893;0.07301211
0.0982;0.059652638
0.1069;0.07613422
0.1129;0.056821294
0.1213;0.053138606
0.1317;0.10088487
0.1353;0.08819445
0.1392;0.032729033
0.1486;0.114509866
0.154;0.0564837
0.1551;0.05279948
0.1585;0.094595715
0.162;0.057715904
0.163;0.07116277
0.1634;0.13689078
0.1634;0.097318426
0.1597;0.06442504
0.1583;0.08933318
0.1565;0.10857563
0.1557;0.08347599
0.1634;0.07294023
0.1677;0.066064715
0.1769;0.10197531
0.1789;0.096886635
0.1799;0.11355257
0.1875;0.08239825
0.1941;0.0752324
0.1972;0.069673434
0.2031;0.10269798
0.211;0.043215223
0.2173;0.1317961
0.2283;0.11739716
0.238;0.11385265
0.2421;0.084246784
0.2475;0.044890866
0.2516;0.067638464
0.2553;0.083698735
0.2536;0.074667655
0.2479;0.109646134
0.2383;0.0739201
0.2355;0.09377922
0.2263;0.12688398
0.2218;0.12856728
0.2188;0.10770646
0.2118;0.06450759
0.204;0.09850159
0.1989;0.065810665
0.1926;0.06596155
0.1861;0.03659498
0.178;0.041108347
0.1762;0.0702577
0.1648;0.061290205
0.1566;0.073993385
0.1514;0.07424461
0.1445;0.08325781
0.1396;0.056696594
0.1325;0.09255998
0.127;0.064071074
0.1207;0.06213647
0.117;0.073002554
0.1146;0.08404227
0.1128;0.1036344
0.1133;0.077038825
0.1124;0.06453672
0.1186;0.05155667
0.1228;0.07008589
0.1279;0.048648823
0.129;0.10160841
0.131;0.10099549
0.1293;0.07155398
0.1271;0.06016367
0.1279;0.06454259
0.1245;0.088171184
0.1191;0.07165879
0.1122;0.054315507
0.107;0.06918579
0.102;0.02958728
0.0998;0.038900346
0.0934;0.04879673
0.0845;0.07583514
0.0815;0.06427549
0.0755;0.033936452
0.0738;0.07224366
0.0705;0.059333928
0.0656;0.025084954
0.0585;0.04087471
0.0527;0.028088784
0.0527;-0.003818404
0.0473;0.024210202
0.0436;0.043443196
0.0435;0.02672968
0.0397;0.03519064
0.0379;0.03806279
0.0373;0.030164853
0.0352;0.008627238
0.041;0.006929581
0.0378;0.048040695
0.0358;0.02153848
0.0292;-0.012902489
0.0282;0.032976292
0.0242;0.0105121285
0.0215;0.044340998
0.0203;0.007169238
0.0151;-0.0065965224
0.013;0.0009807153
0.0129;-0.00035227928
0.0099;-0.016358312
0.0076;0.00092941895
0.0031;0.016589029
0.0118;0.0006701967
0.0141;0.01918793
0.0097;-0.00911593
0.0001;-0.032354504
-0.0038;-0.0014778355
-0.0094;0.018896457
-0.0179;-0.014904808
-0.018;-0.046171073
-0.0165;-0.0045273993
-0.0204;-0.022303157
-0.0216;-0.051315837
-0.0181;-0.028309917
-0.0121;-0.039005324
-0.006;-0.045162026
-0.004;-0.0024507614
0.0028;-0.026352433
0.0062;-0.029705755
0.0095;-0.04874797
0.0117;-0.0055761607
0.0127;-0.03384623
0.013;-0.017299362
0.0122;0.01770972
0.0071;-0.02805356
0.0026;-0.015724288
-0.0009;-0.012183077
-0.0057;-0.0076568145
-0.0074;0.0014131581
-0.0083;-0.054396935
-0.0123;-0.028906507
-0.0111;0.009281097
-0.0122;0.01655335
-0.0142;-0.00036326982
-0.0185;-0.057087287
-0.023;-0.03980034
-0.0243;-0.01554719
-0.0236;0.0051831803
-0.0256;0.05336392
-0.0257;-0.020689713
-0.0163;-0.031235423
-0.0102;0.0015967288
-0.0127;-0.037333615
-0.0039;0.0057875803
-0.0033;-0.014164109
-0.0024;-0.005402938
0.0005;-0.0053281896
0.0027;-0.006884599
0.0054;-0.009543737
0.0049;0.008157493
0.0112;-0.014775261
0.0165;0.0057250056
0.0184;-0.0054389695
0.0219;0.02815715
0.0303;-0.0445769
0.0309;0.0033890114
0.0193;-0.018036705
0.0174;-0.01521161
0.0173;-0.0045201657
0.0099;-0.00972686
-0.0009;0.0016558347
-0.0031;0.0010915502
-0.0096;-0.0019315288
-0.021;0.034896273
-0.0285;-0.03582807
-0.0354;0.015260176
-0.0488;-0.041379854
-0.0603;-0.02407033
-0.0668;-0.016871598
-0.0692;0.008749586
-0.0787;-0.038754795
-0.0796;-0.068900965
-0.082;-0.0741719
-0.0788;-0.052956052
-0.0796;-0.018601013
-0.0781;-0.012810263
-0.0748;-0.04444418
-0.0736;-0.04460915
-0.0715;-0.05797609
-0.0669;-0.08441744
-0.0637;-0.0066508
-0.058;-0.036180776
-0.0519;-0.0864026
-0.0472;-0.010104639
-0.0425;-0.04456211
-0.0429;-0.025559008
-0.042;-0.05937248
-0.0395;-0.034779537
-0.0385;-0.015850138
-0.0382;-0.016065493
-0.0357;-0.05965715
-0.0364;-0.041914795
-0.041;-0.064536855
-0.0361;0.004028177
-0.0425;-0.026810342
-0.0427;-0.05370053
-0.0447;-0.044245776
-0.0449;-0.023599936
-0.0465;-0.048005223
-0.0466;-0.045820825
-0.049;-0.030865492
-0.0503;-0.047452755
-0.0492;-0.005230436
-0.0486;0.0031987494
-0.0464;-0.07323798
-0.0453;-0.026166057
-0.0337;-0.007634407
-0.0257;-0.021186627
-0.0217;-0.008571675
-0.0183;0.018661372
-0.0113;-0.06288332
-0.0055;0.0070586293
0.001;0.0074043646
0.0177;-0.0059126485
0.0224;0.01655924
0.0243;0.008997036
0.0285;-0.0054021785
0.0319;0.013552973
0.0349;-0.01828003
0.0366;0.031816833
0.0399;-0.025002876
0.0406;0.009092595
0.0413;0.013961544
0.0397;0.0077885496
0.0402;0.037630074
0.0367;0.019114582
0.0314;0.051783808
0.028;0.00059435936
0.0235;0.010458846
0.0198;0.036228735
0.0156;0.028136577
0.0132;-0.018971961
0.0099;0.02576749
0.003;0.030899007
-0.0003;-0.010087247
-0.0041;0.018185953
-0.0106;-0.048847582
-0.0159;0.003311047
-0.0199;-0.012315144
-0.016;-0.020547474
-0.016;0.0028411262
-0.0114;-0.023603817
-0.0066;-0.016169265
-0.0052;0.021016404
0.0012;0.028383844
0.0042;0.002383994
0.0086;-0.00030026864
0.0139;0.025537921
0.0181;0.006793145
0.0239;-0.004236417
0.0253;0.040500116
0.03;0.009321038
0.0303;0.0069509223
0.0332;0.045198604
0.0335;0.024314344
0.0346;0.026931608
0.037;0.039980777
0.0396;0.0151141435
0.0412;0.010460157
0.0445;0.035337128
0.0448;0.028450655
0.0442;0.043780368
0.0451;0.00965811
0.0449;0.01286016
0.0443;0.04194092
0.0431;0.025867848
0.0448;0.022350913
0.0449;-0.006370116
0.0446;-0.0027003437
0.0441;0.03462934
0.0438;0.03364101
0.0439;0.050572988
0.0432;0.02131221
0.0421;0.014814197
0.0477;0.03417601
0.0451;0.019355623
0.0452;0.02131498
0.0413;0.023645574
0.0389;0.046247534
0.0414;0.031957116
0.041;0.063384436
0.0439;0.06144177
0.0394;0.02703287
0.0351;0.008093488
0.0392;0.04096374
0.0431;0.036509063
0.0474;0.07559329
0.0499;0.025807
0.0516;0.035432056
0.0522;0.054939292
0.0518;0.051917855
0.0513;0.074130416
0.0575;0.05633024
0.0485;0.02073107
0.0548;0.044195943
0.0545;0.046871804
0.0501;0.043353364
0.0438;0.071950026
0.044;0.049078368
0.0437;-0.0073145647
0.0433;0.05040124
0.0481;0.010816315
0.0506;0.008159107
0.0533;0.051214732
0.0545;0.04142443
0.0596;0.072637856
0.0646;0.042961653
0.0672;0.043520026
0.0711;0.040161937
0.0772;0.050709654
0.08;0.054860674
0.0794;0.04327798
0.0858;0.07065702
0.0869;0.0496348
0.0891;0.010037083
0.0911;0.11286414
0.0919;0.07757949
0.0902;0.085126534
0.0891;0.050763033
0.0905;0.058185488
0.0892;0.061343882
0.09;0.058804944
0.0894;0.11326152
0.0897;0.054175947
0.0893;0.08137041
0.0872;0.08020964
0.0852;0.03574734
0.0835;0.041523706
0.0904;0.08066617
0.0888;0.09847854
0.0953;0.002927553
0.0985;0.08767246
0.0999;0.07168969
0.096;0.070763685
0.098;0.07656715
0.101;0.083826736
0.1031;0.036198135
0.1035;0.043647632
0.1034;0.074452534
0.1017;0.059342846
0.1012;0.06695379
0.102;0.068921596
0.1111;0.089991264
0.1139;0.09796503
0.1235;0.050678022
0.1342;0.0358036
0.1365;0.07997818
0.1337;0.0853014
0.1322;0.069740176
0.1356;0.08748832
0.1395;0.04670171
0.145;0.06436687
0.1498;0.07447739
0.1515;0.052997567
0.1547;0.059238475
0.1566;0.122150265
0.1573;0.079726264
0.1559;0.03486827
0.1571;0.049838483
0.1549;0.042414103
0.1532;0.06858782
0.1544;0.07418808
0.154;0.07997535
0.1547;0.10318814
0.1503;0.06702416
0.1494;0.08714
0.1515;0.059919953
0.1503;0.06313197
0.1421;0.10633904
0.1388;0.089910045
0.1378;0.10083905
0.1391;0.037368752
0.1377;0.11176264
0.1385;0.07359735
0.1398;0.09316575
0.1437;0.09685849
0.1481;0.07160543
0.1553;0.09898362
0.1532;0.03768528
0.1624;0.084324524
0.1665;0.13323976
0.1674;0.08005585
0.1689;0.10347405
0.1664;0.077547856
0.1684;0.08081815
0.1705;0.11550205
0.1706;0.13256103
0.1754;0.07003631
0.1794;0.1191927
0.1837;0.10622363
0.1905;0.1094319
0.1923;0.06393337
0.1942;0.14390862
0.19;0.05342067
0.1869;0.07912339
0.1809;0.10405813
0.1716;0.05210511
0.1706;0.065767676
0.1648;0.06771185
0.1586;0.09869605
0.1566;0.07918514
0.1528;0.096938856
0.1499;0.053004656
0.1487;0.09044145
0.1493;0.07025185
0.1526;0.088914365
0.156;0.08349158
0.1546;0.07237835
0.1531;0.062339775
0.1534;0.0961587
0.1528;0.06350755
0.1504;0.1227201
0.1464;0.07592611
0.1409;0.097047895
0.1286;0.085711986
0.1239;0.08126095
0.1242;0.060739785
0.1156;0.062061198
0.1098;0.06031683
0.1015;0.053788606
0.0951;0.041890837
0.0823;0.072574615
0.0804;0.07005718
0.0773;0.050566018
0.0744;0.027765224
0.0703;0.042387284
0.0655;0.050283264
0.0611;0.016240997
0.0584;0.083913445
0.0561;0.008602072
0.0506;0.026735362
0.0447;0.05869621
0.0402;0.046930343
0.0394;0.040325984
0.0369;-0.0037496053
0.0325;0.028258476
0.0309;0.007227652
0.0309;0.08432395
0.0309;0.07628901
0.0283;0.041788615
0.0275;0.029158268
0.0224;0.023826407
0.0208;0.041636877
0.0208;0.050171413
0.0224;0.071591586
0.0247;0.057593577
0.0279;0.037672836
0.0318;0.051665332
0.0377;0.036986917
0.04;0.034606706
0.0436;0.06326317
0.0483;0.07749459
0.053;0.017627409
0.0553;0.01872783
0.0536;0.031191058
0.057;0.030222151
0.0567;0.048028376
0.0554;0.058519717
0.0521;0.02739686
0.0507;0.025290243
0.0485;0.0021664258
0.0375;0.017624743
0.0252;-0.0020188764
0.0158;0.017029077
0.0039;0.021862911
-0.0075;0.0030077035
-0.0181;-0.02590638
-0.0323;0.020156424
-0.0393;-0.061140075
-0.0478;-0.0048771426
-0.0513;0.011578773
-0.0503;-0.048773948
-0.0572;0.00239219
-0.0542;-0.0032369886
-0.051;-0.008765721
-0.0493;-0.0380637
-0.0451;-0.028945554
-0.0366;-0.02218707
-0.03;-0.03338291
-0.0205;-0.019375
-0.0087;-0.022010297
0.0002;0.007935384
0.0057;0.01701133
0.0125;0.026073495
0.0185;0.01708908
0.026;0.044989903
0.0262;0.0240478
0.0189;0.0042851055
0.0174;-0.0019238014
0.0157;-0.0086023
0.0088;0.006421754
0.0024;0.043437507
-0.0001;0.05373381
-0.008;0.04408381
-0.0232;-0.014102751
-0.0298;-0.029677734
-0.0435;-0.040410906
-0.0551;-0.050703198
-0.0649;-0.027930323
-0.0744;0.0070155403
-0.0894;-0.06183612
-0.0931;-0.055220462
-0.099;-0.056560785
-0.1075;-0.047411148
-0.1082;-0.046254687
-0.1068;-0.07055786
-0.1038;-0.06952339
-0.0975;-0.06378528
-0.0927;-0.0653411
-0.0895;-0.038423307
-0.0817;-0.01452682
-0.0772;-0.036240444
-0.0747;-0.06392432
-0.0678;-0.061536826
-0.0641;-0.03860243
-0.0632;-0.06515492
-0.0569;-0.03976746
-0.0526;-0.015583638
-0.0476;-0.044980496
-0.0417;-0.036937047
-0.0369;-0.04909133
-0.0348;-0.07282324
-0.0304;-0.032199826
-0.0317;-0.05063948
-0.0244;-0.049788825
-0.017;-0.027616542
-0.0133;-0.003436665
-0.0128;-0.03774035
-0.0132;-0.008710206
-0.0136;0.013754206
-0.0156;-0.0077145584
-0.0143;-0.014384063
-0.0192;-0.012607746
-0.0223;-0.035516005
-0.0264;-0.035765067
-0.0302;-0.013312808
-0.0317;0.002722038
-0.0312;-0.0090728225
-0.0235;-0.054460876
-0.0239;-0.037297774
-0.0229;-0.0072217816
-0.0193;0.001111431
-0.0196;-0.04053124
-0.0206;0.005419024
-0.0154;-0.0034207813
-0.0109;-0.0094238585
-0.0115;-0.013111715
-0.0102;-0.045629773
-0.0077;-0.01068116
-0.0037;-0.0156118395
-0.0032;-0.018306306
-0.0012;0.0055439137
0.0047;0.042859863
0.0078;0.058766417
0.0096;0.023016013
0.0114;0.043382056
0.011;0.02225925
0.006;0.024720157
0.0069;-0.008176662
0.0104;0.027994968
0.009;0.0005639056
0.0088;0.043875474
0.0095;0.002335703
0.0114;0.0030515809
0.013;0.031061994
0.0166;0.021526095
0.0184;0.021190422
0.0201;0.0039483337
0.022;0.010217043
0.02;0.002227473
0.021;0.00419949
0.0175;0.020811833
0.0185;0.020473385
0.016;-0.0014066081
0.0126;0.015267723
0.0093;0.03483909
0.007;0.006080668
0.0039;0.008753277
0.0003;-0.0027216137
0.005;0.00943345
0.0032;-0.021596845
0.0104;-0.040333577
0.0122;0.016999457
0.0162;0.00759174
0.0181;-0.022139486
0.0214;-0.0061265957
0.0237;0.020707965
0.0239;0.030319093
0.0236;0.007480434
0.0225;0.040088393
0.0218;0.010421244
0.0225;0.037610438
0.0202;0.04017862
0.0146;0.020727338
0.0065;0.033285722
0.0053;-0.019618483
0.0019;-0.017136205
0.0001;-0.0012152684
-0.0048;-0.0033261161
-0.0136;-0.026306525
-0.0191;0.017875288
-0.0235;-0.03705307
-0.0275;-0.0052004196
-0.0314;-0.024808133
-0.0367;-0.00623215
-0.0353;-0.015447855
-0.0381;-8.8877976e-05
-0.038;-0.02385581
-0.0366;-0.015850265
-0.0355;-0.005168329
-0.0318;-0.038305894
-0.0325;-0.007494196
-0.0283;-0.024172205
-0.0269;-0.029679697
-0.0237;-0.022963569
-0.0215;0.030875338
-0.0184;-0.042922705
-0.0195;-0.01558722
-0.0198;-0.01904721
-0.0184;-0.0003804937
-0.019;-0.025236841
-0.0164;-0.020092128
-0.0162;-0.0019980753
-0.0066;-0.020799289
-0.0077;0.01572368
-0.0076;-0.01584245
-0.0009;-0.011801815
0.0043;-0.00025540846
0.0067;-0.019994646
0.0138;0.023979567
0.0153;0.020232324
0.0186;0.013312348
0.0207;0.030358067
0.0262;0.026175167
0.0296;0.009224118
0.0338;0.036499206
0.0341;0.00033964217
0.0359;0.0415217
0.035;0.019638304
0.0353;-0.010108709
0.0352;0.05744195
0.0348;0.00930388
0.0329;-0.0018071132
0.0299;0.03855268
0.028;0.024161814
0.0248;0.031924844
0.0221;-0.02611107
0.0207;0.003094405
0.0198;0.044676375
0.0174;0.02636689
0.0184;0.012174035
0.021;0.04150024
0.0213;0.040504538
0.0245;0.032021567
0.027;0.01511097
0.0332;-0.007015936
0.0341;0.0015717363
0.0364;0.0282076
0.038;0.0605704
0.041;0.03310074
0.0413;0.033231184
0.0422;0.016241323
0.0457;0.027514488
0.0484;-0.02772629
0.049;0.006751955
0.0533;0.037349656
0.0596;0.019384246
0.0615;0.057099037
0.0633;0.04506386
0.0619;0.031585813
0.0631;0.009340929
0.0668;0.05175105
0.0673;0.047340065
0.0688;-0.002828516
0.0637;0.025046954
0.0597;0.058386378
0.0571;0.03046193
0.06;0.026315657
0.0579;0.03435725
0.0556;0.06737567
0.0583;0.016589766
0.0586;0.028915437
0.0601;0.05579266
0.0647;0.06774682
0.0663;0.034824494
0.0712;0.0508166
0.0738;0.037631683
0.0759;0.05298905
0.0742;0.04959365
0.0755;0.033926245
0.072;0.05746501
0.068;0.03144334
0.0617;0.03651475
0.0551;0.01837783
0.0496;0.078348234
0.0459;0.04850965
0.0391;0.00496817
0.0332;0.049390566
0.0278;0.026811773
0.0253;0.0035684714
0.029;0.020694435
0.0312;0.05213564
0.0318;0.013731608
0.033;0.05428402
0.0347;0.046745516
0.0436;0.034020334
0.0486;0.01889748
0.0534;0.046111353
0.0536;0.057763577
0.062;0.063998505
0.0687;0.055465695
0.0718;0.055675276
0.0782;0.06330329
0.0802;0.04309173
0.0815;0.06009192
0.0897;0.07115457
0.0924;0.019026726
0.0952;0.07912365
0.0973;0.08779237
0.0982;0.092265114
0.0987;0.098311596
0.0992;0.06546363
0.096;0.06064641
0.0974;0.051494177
0.0987;0.05003114
0.1035;0.105574824
0.1012;0.074734665
0.1025;0.050905906
0.1028;0.06519285
0.1034;0.08394116
0.1041;0.07869033
0.103;0.04707199
0.1003;0.0945183
0.0984;0.062636
0.0948;0.065275006
0.0935;0.060772747
0.0928;0.051857118
0.0876;0.07210177
0.0826;0.03924956
0.0785;0.04771793
0.0779;0.044838555
0.0744;0.05431293
0.0777;0.050705392
0.0804;0.032067727
0.0896;0.058814455
0.1012;0.048822798
0.1086;0.07645729
0.1167;0.10176118
0.1207;0.034808557
0.1274;0.07041611
0.128;0.024337947
0.1318;0.08036128
0.1385;0.11092904
0.1374;0.06852931
0.1342;0.071317345
0.1305;0.030479843
0.1304;0.10410893
0.128;0.06235268
0.1295;0.07802112
0.1311;0.07473467
0.1325;0.09231241
0.1372;0.09657783
0.1406;0.07150865
0.1418;0.075712964
0.1389;0.07357432
0.141;0.10203582
0.1404;0.054919306
0.1371;0.08917543
0.1382;0.06404511
0.1331;0.054102268
0.1347;0.06577127
0.1322;0.102509245
0.1305;0.061516512
0.1281;0.09530301
0.1244;0.065877154
0.1183;0.09783099
0.1174;0.0647212
0.1177;0.078068
0.1203;0.058730185
0.124;0.08534868
0.1253;0.06290602
0.128;0.05790455
0.1306;0.07542949
0.136;0.09806125
0.1429;0.08686663
0.1403;0.07968582
0.1444;0.07708512
0.1417;0.075999826
0.1432;0.08864743
0.144;0.085041225
0.1452;0.05315312
0.1458;0.08450875
0.1424;0.05703298
0.1439;0.03333971
0.1447;0.09520326
0.1455;0.06676827
0.1445;0.08712363
0.1436;0.09380186
0.1397;0.072666004
0.1342;0.052989148
0.129;0.063660115
0.1234;0.035559658
0.1074;0.046254873
0.1044;0.05508267
0.0959;0.024816616
0.0879;0.06119793
0.0751;0.0726996
0.0706;0.067330524
0.0653;0.02708482
0.058;0.03945621
0.0595;0.072628684
0.0606;0.07981993
0.0572;0.033498984
0.0579;0.01750488
0.066;0.06348273
0.0671;0.06502432
0.0712;0.08214747
0.0722;0.064452104
0.0709;0.039462097
0.0693;0.087401405
0.0646;0.043293107
0.0624;0.07475394
0.0603;0.052226774
0.0491;0.06677689
0.0407;0.06354274
0.0374;0.031578146
0.0316;0.04289993
0.029;0.011871664
0.0279;0.0453116
0.0294;0.046320744
0.0253;0.034577876
0.0213;0.041237384
0.0204;0.028737776
0.0204;0.0491572
0.0149;0.031363916
0.0154;0.062194817
0.0121;0.04705718
-0.0045;0.015899597
-0.0103;0.011207018
-0.0141;-0.0047053425
-0.012;-0.027183093
-0.0207;-0.0059920214
-0.0284;-0.0636254
-0.0381;-0.023912935
-0.0431;-0.042028815
-0.0448;-0.0046825344
-0.0468;-0.045842357
-0.0442;-0.019604119
-0.0456;-0.009472826
-0.0452;-0.0017690118
-0.0418;-0.0122915935
-0.0433;-0.035409864
-0.0414;0.00839676
-0.0277;-0.042011086
-0.035;-0.013175942
-0.0332;0.0036890171
-0.0269;0.011387277
-0.0237;-0.017660359
-0.0202;0.004287369
-0.0181;0.010943666
-0.0167;0.012556232
-0.0104;0.018338617
-0.0064;-0.030839678
-0.002;-0.026518866
0.0016;-0.011640867
0.0094;0.028927494
0.0119;0.068062685
0.0123;0.021628508
0.0167;-0.005240294
0.0162;-0.03231488
0.0194;-0.021983119
0.0361;0.032384384
0.0376;0.015272207
0.0399;0.072238155
0.0448;0.0631487
0.0487;0.09130636
0.0475;0.014095932
0.0455;0.013875866
0.0373;0.064365715
0.0432;0.06127809
0.0464;0.042983674
0.0468;0.06461282
0.0473;-0.0005635116
0.0471;0.00078865874
0.0454;0.043811444
0.0484;0.019493777
0.0459;0.043515727
0.051;0.059271052
0.0508;0.037014395
0.0426;0.048545465
0.0407;0.06154107
0.0402;0.043060996
0.0332;0.050602227
0.034;0.059598465
0.0358;0.064851664
0.0363;0.042494055
0.0413;0.010228368
0.0421;0.011191891
0.0455;-0.014318128
0.0451;0.03386333
0.0432;0.042420823
0.0439;0.026490921
0.0447;0.014976736
0.0397;0.029260203
0.0391;0.04515017
0.037;0.017847192
0.0371;0.025503896
0.0247;-0.016005328
0.017;-0.012354992
0.0143;0.016255863
0.0077;-0.017523587
0.0045;0.010211255
-0.0033;0.015522999
-0.0022;-0.019736335
-0.0067;-0.03644208
-0.0065;-0.07093477
-0.0048;-0.050594337
-0.006;-0.0044337036
-0.0052;-0.02615611
-0.0039;-0.011303809
-0.0038;-0.034753066
-0.0049;0.0007674694
-0.0037;-0.02778503
-0.0085;0.022970572
-0.0086;-0.021089118
-0.0088;-0.031452157
-0.0169;-0.047845062
-0.0163;-0.049537398
-0.0204;-0.0050805407
-0.0276;0.019978173
-0.0325;-0.020804672
-0.0342;-0.004534483
-0.0397;-0.03533675
-0.0509;0.010275938
-0.0574;-0.08366105
-0.0657;-0.07168111
-0.0709;-0.05900062
-0.0747;-0.025298432
-0.0797;-0.023192983
-0.0804;-0.057021365
-0.0795;-0.05517327
-0.0755;-0.071048275
-0.0708;-0.06513569
-0.0686;-0.07445464
-0.0681;-0.032508153
-0.0653;-0.033914473
-0.0522;-0.05283933
-0.0527;-0.044612836
-0.0498;-0.03418291
-0.0468;-0.06685305
-0.044;-0.028518975
-0.0426;-0.026902094
-0.0406;-0.02268488
-0.0422;0.0043784184
-0.0454;-0.054283537
-0.0478;-0.039585147
-0.0527;-0.07105145
-0.0564;-0.03334834
-0.0531;-0.04381001
-0.0455;-0.022650113
-0.0441;-0.02889461
-0.0431;-0.022399686
-0.0372;-0.055258002
-0.0307;-0.055624127
-0.0257;-0.03784117
-0.0186;-0.0550901
-0.0112;-0.025566088
-0.0056;-0.013629638
-0.0022;-0.02593452
0.0017;0.030140616
0.0078;0.011976683
0.0082;0.021661831
0.0061;-0.028669642
0.0102;0.0327444
0.0075;0.007609355
0.001;-0.046800453
0.0001;0.0062694065
0.0018;0.023386844
0.0014;-0.026712332
0.0005;-0.02719146
-0.0043;0.0044763135
-0.0065;0.018585224
-0.0043;-0.027093701
-0.004;0.019749807
-0.0024;0.016666211
-0.0005;-0.029872596
0.0014;-0.0013526196
0.0035;0.022982609
0.0054;0.0068942024
0.004;-0.074517086
0.0115;-0.022145487
0.0087;-0.015820593
0.0112;-0.0029838474
0.0145;0.006910421
0.0149;0.015421333
0.0201;-0.011583395
0.0247;-0.01977364
0.0328;0.005951301
0.0319;-0.00772895
0.036;-0.0032278243
0.04;-0.0050845207
0.0417;0.039057523
0.0417;-0.0050660903
0.0421;0.03709261
0.0424;0.018188404
0.0443;0.080018274
0.0456;0.04380829
0.0552;0.051413007
0.0594;0.033723522
0.068;0.044819348
0.0746;0.052209802
0.0778;0.028794058
0.0753;0.014758536
0.0747;0.039603118
0.0734;0.05626385
0.067;0.04470037
0.0629;0.05522984
0.0584;0.043197952
0.0566;0.048210092
0.0554;0.07597277
0.0536;0.026070157
0.0514;0.031190736
0.0507;0.040152222
0.0495;0.042309858
0.0444;0.02238102
0.0452;0.039802283
0.0427;0.005384753
0.0432;0.05861192
0.0529;0.060680494
0.0573;0.04405187
0.0573;0.0636372
0.0624;0.06338777
0.0719;0.03587649
0.0763;0.0063898936
0.0829;0.05025406
0.0872;0.063409284
0.0968;0.05069133
0.0994;0.0546055
0.1038;0.078981325
0.1105;0.06864533
0.1147;0.040140938
0.1146;0.049807344
0.1163;0.05364938
0.1145;0.099899635
0.1078;0.09570432
0.1046;0.07887922
0.1057;0.08734937
0.1103;0.09279601
0.1053;0.09001265
0.0979;0.015036757
0.0962;0.07881035
0.101;0.058845513
0.0941;0.08912562
0.092;0.059648745
0.0953;0.0566383
0.0951;0.10596959
0.0984;0.056676395
0.0994;0.07388798
0.1022;0.09809099
0.1026;0.057217106
0.1078;0.04728756
0.1095;0.052422255
0.1139;0.065612964
0.1101;0.089551665
0.1119;0.098255605
0.1104;0.11223961
0.1066;0.036762983
0.0971;0.09576398
0.0898;0.061689716
0.0919;0.061797597
0.0902;0.063474834
0.0878;0.042189687
0.1006;0.080261104
0.1059;0.06696942
0.1088;0.07251497
0.1152;0.08750518
0.1219;0.12662807
0.1255;0.08873035
0.1314;0.0645525
0.1397;0.052301127
0.142;0.088985935
0.1413;0.06948286
0.1553;0.0795161
0.1544;0.06105932
0.1491;0.084390596
0.1554;0.100858025
0.1583;0.10114248
0.1577;0.047294743
0.1597;0.095080905
0.16;0.06484909
0.1582;0.085892156
0.1599;0.09233801
0.1583;0.039993607
0.161;0.09364458
0.1614;0.070730865
0.1535;0.07388641
0.1572;0.09744218
0.1685;0.059866674
0.1572;0.09626007
0.1507;0.059896287
0.1526;0.07800074
0.1534;0.04406105
0.1469;0.06354509
0.1419;0.06546322
0.1418;0.08754623
0.1397;0.090690814
0.1344;0.0634823
0.133;0.057570685
0.1312;0.07744622
0.1348;0.10014243
0.1359;0.08681191
0.1466;0.06300843
0.1513;0.05666259
0.156;0.091803074
0.1627;0.073392935
0.1722;0.08668748
0.1791;0.04878439
0.1788;0.123280786
0.1816;0.051731437
0.1894;0.086537346
0.1936;0.08033146
0.1976;0.094959624
0.2005;0.07207158
0.1999;0.08424392
0.2004;0.05957435
0.2041;0.0625269
0.1984;0.087306365
0.1918;0.10184038
0.1908;0.07580304
0.1869;0.08117714
0.1709;0.05134561
0.1744;0.09535893
0.1618;0.09567726
0.1527;0.095664464
0.1479;0.09637484
0.1416;0.08714386
0.1385;0.08878644
0.1214;0.060206596
0.1201;0.06596105
0.1247;0.08627032
0.1262;0.063159056
0.1228;0.06754631
0.1223;0.05334355
0.1287;0.07521406
0.1268;0.064944685
0.1276;0.033322547
0.1265;0.042853955
0.128;0.04536339
0.125;0.07797733
0.1231;0.050149567
0.1278;0.027361538
0.1231;0.05026879
0.1143;0.050603904
0.1096;0.05470336
0.0976;0.03959453
0.0907;0.04200694
0.0842;0.07588786
0.0786;-0.0006534662
0.0714;0.046127636
0.0622;0.036172844
0.0548;0.05174434
0.0403;0.012624593
0.0317;0.039102633
0.0281;-0.0065074833
0.017;0.028392565
0.008;0.014339662
0.0017;0.035950497
-0.0034;-0.041211866
-0.0083;-0.044422522
-0.0188;-0.0027624788
-0.0205;0.0039063003
-0.0231;-0.045285605
-0.0276;0.019092474
-0.0347;-0.03406732
-0.0367;-0.06413311
-0.0437;-0.07334644
-0.0466;-0.03660535
-0.0483;-0.029666632
-0.0538;-0.036500007
-0.0565;-0.04520236
-0.0541;-0.04704214
-0.0557;-0.06398334
-0.0531;-0.032194052
-0.0448;-0.007673675
-0.0393;-0.08363946
-0.0328;0.0042185886
-0.0306;-0.028258251
-0.0262;-0.022223378
-0.0159;-0.04944169
-0.0076;-0.030859595
-0.004;-0.019454977
0.0026;0.024930928
0.0087;-0.022012763
0.0075;0.014884065
0.013;-0.03501758
0.0174;0.018633584
0.0193;-0.007415583
0.0182;-0.0129760485
0.0211;-0.0017291745
0.0184;-0.0015990913
0.0198;-0.014748026
0.0197;-0.015249489
0.0187;-0.03515532
0.0161;0.013284566
0.0187;-0.016515011
0.0167;-0.049228698
0.0209;0.028251726
0.0125;0.0050383694
0.0146;0.029777125
0.0182;-0.01877537
0.0201;-0.0062063057
0.0217;-0.040686388
0.0226;-0.008084452
0.0237;0.02779622
0.0226;0.06402484
0.0226;0.004829511
0.0206;-0.024186993
0.0204;0.020198721
0.0226;0.020104002
0.0251;-0.0020739993
0.0251;0.016469337
0.0168;0.044413764
0.0235;0.053537358
0.0241;-0.025518015
0.0238;0.01695614
0.023;0.011699079
0.0175;-0.0062719136
0.0192;-0.0016527848
0.0196;0.016227342
0.0159;0.02718314
0.0154;0.0110520115
0.0101;0.0049940357
0.0155;0.0076714884
0.018;0.0039958023
0.0252;0.031165
0.026;0.016363716
0.0293;-0.018085988
0.0345;0.02380489
0.0427;0.008903904
0.0457;0.008968336
0.048;0.022410627
0.0448;0.022504048
0.0438;0.0043502706
0.0364;0.030827211
0.0291;0.038323253
0.028;0.010843864
0.0275;0.02944425
0.0232;0.045839712
0.0178;0.037349977
0.0154;-0.013722694
0.0119;0.020454666
0.0085;0.013078216
0.0065;-0.019304957
0.0064;0.048878416
0.0045;0.016837599
0.0022;0.0121965315
0.0021;-0.03526842
-0.0078;-0.0139038
-0.0126;0.0018563168
-0.0224;0.003947939
-0.0285;-0.022914795
-0.0434;-0.062324576
-0.0464;-0.045090403
-0.048;-0.024429314
-0.0486;-0.038390897
-0.0515;-0.070322216
-0.0542;-0.037571266
-0.0528;-0.049252003
-0.0513;-0.039081134
-0.0487;-0.03392089
-0.0478;0.002930155
-0.0412;-0.0107181175
-0.0398;-0.04412985
-0.0419;-0.0507595
-0.0401;-0.022075739
-0.041;-0.04146795
-0.0414;-0.040524285
-0.0369;-0.059704013
-0.0355;-0.07219848
-0.0389;-0.03859871
-0.0424;-0.06371933
-0.0481;-0.034074396
-0.0494;-0.016040733
-0.0543;-0.05263254
-0.0575;-0.031523492
-0.0571;-0.011313532
-0.0576;-0.015917769
-0.0564;-0.040416203
-0.0541;-0.017054778
-0.0543;-0.031410426
-0.0572;-0.023342177
-0.054;-0.022353318
-0.0558;-0.020809012
-0.0561;-0.02641605
-0.0575;-0.027805807
-0.0598;-0.037826583
-0.0598;-0.03155792
-0.0692;-0.04354344
-0.0752;-0.028407212
-0.0778;-0.017682746
-0.0848;-0.042669803
-0.0882;-0.020192027
-0.0887;-0.059569024
-0.0918;-0.033402145
-0.0918;-0.04974091
-0.0879;-0.042037472
-0.082;-0.05572307
-0.0765;-0.070736125
-0.0702;-0.0849215
-0.0676;-0.0429918
-0.0633;-0.033380322
-0.0601;-0.039468125
-0.0567;0.008178871
-0.0514;-0.0014555678
-0.0464;-0.072478466
-0.0437;-0.022244148
-0.0418;-0.016225934
-0.0302;-0.037425097
-0.029;-0.02081766
-0.0278;-0.014178351
-0.0207;-0.021669224
-0.0179;-0.029448457
-0.0188;-0.011476895
-0.0123;-0.004482627
-0.0073;0.005388271
-0.0039;0.011408099
-0.0042;-0.029925752
-0.0021;-0.009041685
0.0011;-0.033792898
-0.0011;0.0013989828
0.0002;-0.019601211
0.0053;0.035261255
0.0052;-0.0014287941
0.0097;-0.0065322556
0.0133;0.020614132
0.0193;0.021934304
0.0163;0.0017605554
0.0215;0.023419566
0.0265;-0.015817283
0.0323;0.00078068767
0.0378;0.015088659
0.0369;-0.00065456145
0.0383;0.019545792
0.0386;0.052113257
0.0406;0.03433744
0.0392;0.02049115
0.0401;0.024591006
0.0378;0.047154337
0.0364;0.014292302
0.0334;0.012841829
0.0305;0.03548726
0.03;0.03650885
0.0284;0.055881478
0.0299;0.0017702896
0.0321;-0.0014179368
0.0341;0.020650145
0.0347;0.013505296
0.0395;0.018682519
0.038;0.034080975
0.0317;0.028315991
0.0305;0.029473934
0.0344;0.05189463
0.0296;0.03319983
0.0273;-0.0076776184
0.0248;0.025366616
0.0235;0.005764774
0.0196;0.024263991
0.016;0.006798434
0.0091;-0.030644394
0.0023;0.0051317746
-0.0011;-0.018851632
-0.0019;-0.0037170914
-0.0034;-0.0070649013
-0.0044;-0.008576878
-0.0047;-0.002654179
-0.0066;-0.028415576
-0.0038;0.0055820444
-0.0017;0.021820161
0.0011;-0.0013296015
0.0055;0.015272651
0.0057;-0.0013512811
0.0062;0.016473072
0.0116;0.0049981186
0.0144;0.022288907
0.0183;0.037763834
0.0156;0.0036751109
0.0177;0.049543537
0.0178;-0.0006339296
0.0206;0.01846576
0.024;0.035476275
0.0263;0.05648674
0.0336;0.014601037
0.0386;0.046462506
0.044;0.055135366
0.048;0.030324785
0.0507;0.012663569
0.0576;0.06864913
0.0565;0.02119474
0.0532;0.044185758
0.0567;0.041210815
0.0517;0.030041803
0.0463;0.03238363
0.0455;0.07001044
0.0421;0.057409406
0.0409;0.0300167
0.0363;0.008692242
0.0329;0.05629972
0.0304;0.021466248
0.0314;0.04769464
0.0312;-0.011358853
0.0315;0.02582565
0.0333;0.047119748
0.0318;0.04851315
0.0341;-0.013129536
0.0374;0.0390671
0.0358;0.039198156
0.0369;0.04078083
0.0368;0.030693982
0.0348;0.024876278
0.033;-0.00087017566
0.0284;0.027198073
0.0258;0.022993576
0.0243;0.042493492
0.0259;0.055003606
0.0248;0.06059365
0.0246;0.046938077
0.0292;0.04588543
0.0295;0.021814011
0.032;0.002534246
0.0329;0.040482614
0.0312;0.030036457
0.0303;0.052419834
0.0366;0.038668767
0.0377;0.007654043
0.0395;0.05543583
0.0378;0.018694732
0.0408;0.018395029
0.0369;0.034759093
0.0368;0.04116095
0.0392;0.016113624
0.042;0.021353353
0.0429;0.02441347
0.0482;0.0215114
0.0524;0.043874186
0.0547;0.08074937
0.0561;0.036727767
0.0584;0.025548303
0.0585;0.10762536
0.0646;0.056161046
0.0677;0.037027318
0.0687;0.059845224
0.066;0.087680146
0.073;0.06908174
0.0804;0.07139303
0.0892;0.046457764
0.0955;0.04314768
0.1053;0.054558225
0.1137;0.028219717
0.1164;0.11274582
0.1206;0.057938892
0.1234;0.06364338
0.1259;0.06180639
0.1281;0.05704607
0.1275;0.09132004
0.126;0.07946594
0.1231;0.058868088
0.1273;0.09632111
0.1305;0.04270126
0.1122;0.09507248
0.1136;0.04934328
0.1077;0.10643265
0.1006;0.0822657
0.1009;0.03764117
0.1017;0.075609505
0.1059;0.035613846
0.1066;0.0353953
0.1052;0.032391127
0.1062;0.059422202
0.1095;0.07561249
0.1075;0.07521965
0.1092;0.022196662
0.1132;0.03916144
0.1137;0.09162681
0.1106;0.040458977
0.1109;0.066415414
0.1094;0.081745684
0.1116;0.081271335
0.1115;0.09459096
0.1101;0.07992173
0.1062;0.063748054
0.104;0.071146205
0.1015;0.067633316
0.1019;0.054023035
0.1002;0.070585325
0.0965;0.09267096
0.0954;0.044506542
0.0933;0.09912376
0.0884;0.067863375
0.097;0.0946879
0.1055;0.06421519
0.1094;0.066201
0.1112;0.07767991
0.1129;0.098161876
0.1162;0.031750157
0.114;0.051922183
0.1112;0.084290534
0.1151;0.081779264
0.1172;0.10714622
0.1146;0.088484645
0.1169;0.05535548
0.1179;0.1050846
0.1062;0.015256856
0.1003;0.0724064
0.0972;0.064134225
0.0929;0.044618398
0.084;0.020200454
0.0785;0.0670918
0.0794;0.01515878
0.0735;0.03530572
0.0693;0.045630537
0.0664;0.05238166
0.0634;0.07319593
0.0562;0.08419603
0.0513;0.07561669
0.0514;0.05572734
0.056;0.048438404
0.0546;0.029069288
0.0513;0.03951216
0.052;0.050010145
0.0535;0.0674684
0.0541;0.025994198
0.0567;0.057333358
0.0603;0.013311127
0.0615;0.060228866
0.0643;0.03322638
0.0638;0.06872712
0.0708;0.07760573
0.0603;0.044501387
0.0505;0.022495825
0.0438;0.024439082
0.0339;0.08199975
0.0233;0.002177828
0.0114;0.052806385
0.0065;0.0019813385
0.001;0.034385376
-0.0079;0.033782806
-0.0133;0.006494168
-0.0146;0.005533837
-0.0181;-0.028096274
