actual;predicted
-0.0136;-0.025036488
-0.0157;-0.02421075
-0.017;-0.028686697
-0.0198;-0.04829347
-0.0236;-0.038881727
-0.0265;-0.04725972
-0.0287;-0.05126802
-0.0316;-0.053505056
-0.0351;-0.059578665
-0.0383;-0.041983396
-0.0418;-0.06560399
-0.043;-0.06452924
-0.045;-0.065459475
-0.0456;-0.04805494
-0.0444;-0.050936013
-0.0469;-0.040860288
-0.0494;-0.0584758
-0.0507;-0.058868237
-0.0539;-0.06570145
-0.0584;-0.05728862
-0.0579;-0.068919614
-0.0565;-0.06953201
-0.0585;-0.07266532
-0.0593;-0.062311914
-0.0574;-0.07130682
-0.0542;-0.07663788
-0.0541;-0.061911914
-0.0496;-0.06681943
-0.0457;-0.057202503
-0.0407;-0.06854615
-0.0353;-0.05353216
-0.0291;-0.05930525
-0.0234;-0.04974907
-0.0188;-0.037374042
-0.0155;-0.034942094
-0.0118;-0.048665408
-0.009;-0.03629226
-0.0079;-0.062944464
-0.0108;-0.045285717
-0.0166;-0.06493524
-0.027;-0.07058944
-0.0328;-0.06020662
-0.0402;-0.060995955
-0.0469;-0.05133106
-0.0546;-0.05067066
-0.0632;-0.06599671
-0.069;-0.06955742
-0.0692;-0.07073543
-0.0703;-0.07154077
-0.0703;-0.05689908
-0.0667;-0.06363888
-0.0648;-0.04884667
-0.0594;-0.047995143
-0.0549;-0.05878982
-0.0506;-0.04897809
-0.0493;-0.058988538
-0.0462;-0.043820135
-0.0472;-0.05799312
-0.0448;-0.064156815
-0.0457;-0.061598912
-0.0459;-0.046104982
-0.0448;-0.038890395
-0.0431;-0.062241264
-0.0411;-0.06504333
-0.0402;-0.05792336
-0.0389;-0.05107289
-0.0366;-0.063565455
-0.037;-0.07367798
-0.0376;-0.042797573
-0.0393;-0.048421953
-0.0377;-0.0634595
-0.0385;-0.04303045
-0.0433;-0.0463567
-0.0425;-0.036023695
-0.0438;-0.036489367
-0.0458;-0.03686589
-0.0474;-0.044527374
-0.049;-0.03661011
-0.0611;-0.03194683
-0.0661;-0.043062635
-0.0735;-0.04762444
-0.0775;-0.048765965
-0.0827;-0.027446287
-0.0869;-0.020650612
-0.0929;-0.031811416
-0.0967;-0.059622265
-0.1002;-0.029926913
-0.1018;-0.03912178
-0.0984;-0.047296815
-0.0965;-0.034037724
-0.0942;-0.029951584
-0.0921;-0.029649336
-0.0879;-0.02829009
-0.0827;-0.016618058
-0.0754;-0.027182138
-0.0687;-0.020310134
-0.0634;-0.018170565
-0.058;-0.023203643
-0.0524;-0.010775028
-0.0513;-0.02020524
-0.0513;-0.01590557
-0.0524;-0.012484653
-0.0533;-0.029141692
-0.0547;-0.0401818
-0.055;-0.0071360823
-0.0537;-0.0058882493
-0.0531;-0.035825666
-0.0517;-0.015273355
-0.0398;-0.023134548
-0.0338;-0.015705615
-0.0257;-0.007296078
-0.0149;-0.007138786
-0.0056;0.0015985791
0.0051;-0.007777757
0.0169;-0.0048039705
0.0265;-0.009859838
0.0324;-0.007843895
0.037;-0.020588737
0.0432;-0.006991982
0.0437;-0.008380171
0.0431;-0.0066733756
0.042;-0.00534177
0.0411;0.0074767065
0.0392;-0.0064069834
0.0397;0.0015564775
0.0385;-0.004441385
0.0377;0.0035822252
0.033;0.0016122875
0.0294;0.0033045672
0.027;0.02173446
0.023;-0.0009117292
0.016;0.0017119288
0.0077;0.026798893
0.0018;0.009089295
-0.0018;0.010095051
-0.0067;0.0060142605
-0.0088;0.010021333
-0.0101;0.027936472
-0.0114;0.004225093
-0.0099;0.008622695
-0.008;0.023836749
-0.0068;0.0078052045
-0.0033;0.018207658
-0.0017;0.021442877
0.0004;0.035980105
0.0007;0.01611185
0.0015;0.0142536145
0.0059;0.010835864
0.0082;0.024001658
0.0107;0.008611269
0.0157;0.014913447
0.0195;0.016955443
0.0238;0.02460458
0.0236;0.0148974825
0.0265;0.02881037
0.0289;0.007549246
0.0281;0.012681259
0.0294;0.04707092
0.0311;0.025237579
0.0308;0.0014078901
0.0317;0.01636576
0.0326;0.009310168
0.0316;0.008636757
0.0345;0.02218383
0.0389;0.031258825
0.0437;0.031644754
0.0458;0.022255901
0.0503;0.017388906
0.0536;0.017656388
0.0575;0.020525783
0.0589;0.020479452
0.0606;0.017325433
0.0623;0.012273336
0.0653;0.018538062
0.068;0.013132777
0.0713;-0.005128622
0.0746;0.019665053
0.0786;0.01998055
0.0852;0.0015717142
0.0877;0.02487113
0.0914;0.011691786
0.0939;0.00750298
0.0957;0.020655345
0.0973;0.032015342
0.0986;0.020781185
0.0983;0.02305758
0.0997;0.03372436
0.0995;0.03700567
0.1019;0.0222922
0.1027;0.045414835
0.1035;0.034257084
0.106;0.041354556
0.1082;0.040327303
0.1113;0.038403004
0.1129;0.029770335
0.1134;0.050612424
0.1137;0.028622255
0.1126;0.03040067
0.1109;0.04456599
0.106;0.037315022
0.0998;0.05986829
0.0978;0.039531305
0.0949;0.04169187
0.0932;0.033458132
0.0916;0.050444197
0.0911;0.031577982
0.0904;0.034679763
0.0874;0.036729608
0.0848;0.028710192
0.0818;0.033431917
0.0794;0.05057785
0.0743;0.060251936
0.0672;0.044794988
0.0613;0.051799692
0.0527;0.052779533
0.0475;0.054938845
0.0433;0.0592457
0.0363;0.067979686
0.0332;0.047104836
0.0297;0.05056306
0.0225;0.04047651
0.0225;0.045062754
0.0214;0.03969681
0.02;0.04258926
0.0164;0.04540562
0.013;0.042360324
0.01;0.04589102
0.0091;0.06453296
0.0061;0.06249314
0.0048;0.07345329
0.0046;0.07073872
0.0068;0.056231495
0.0102;0.06729109
0.0124;0.06395186
0.0126;0.08181773
0.0142;0.08581275
0.0156;0.072817944
0.0207;0.06713938
0.0224;0.077513896
0.0156;0.08514257
0.017;0.06652771
0.0188;0.080487035
0.0223;0.07431789
0.0295;0.07426304
0.0366;0.076677926
0.047;0.08539453
0.0578;0.08304371
0.0864;0.09322736
0.1083;0.08529337
0.1313;0.10674489
0.1546;0.092658505
0.1701;0.09898061
0.1831;0.08977843
0.2021;0.08881922
0.2196;0.10698238
0.2366;0.102126755
0.2471;0.10067556
0.2566;0.097861186
0.2563;0.098612726
0.2546;0.091386214
0.2507;0.103554726
0.2433;0.0904532
0.2344;0.10948989
0.2229;0.10645345
0.2069;0.1158838
0.1963;0.112984076
0.1814;0.10779343
0.1885;0.11984098
0.1907;0.11262364
0.1959;0.10852824
0.1992;0.108548194
0.2048;0.11596119
0.2086;0.11487593
0.2112;0.12639406
0.211;0.11365688
0.2116;0.11198244
0.2127;0.12243218
0.2097;0.12159831
0.206;0.1233591
0.2005;0.113072835
0.1962;0.12930651
0.1892;0.11493221
0.1835;0.103350036
0.176;0.12092209
0.1718;0.122747764
0.1657;0.11737577
0.1618;0.1208501
0.1636;0.12808411
0.1662;0.115881115
0.1677;0.12407285
0.1674;0.110653065
0.169;0.120171554
0.1695;0.10635423
0.1695;0.10432227
0.17;0.09037778
0.1696;0.109352306
0.1657;0.098099254
0.1644;0.10332765
0.1603;0.08201262
0.1552;0.098321736
0.1494;0.101035
0.1422;0.0905287
0.1357;0.085016325
0.1276;0.07868498
0.1205;0.08970506
0.1133;0.09283569
0.1075;0.08199801
0.1047;0.086570315
0.1029;0.091649234
0.1034;0.09526217
0.1057;0.08504416
0.1083;0.069976084
0.1122;0.09762942
0.1151;0.073508464
0.1193;0.07295218
0.1223;0.06426007
0.1144;0.07806525
0.108;0.07290358
0.1007;0.08000867
0.0902;0.043728337
0.0801;0.042214047
0.066;0.062113166
0.054;0.04166624
0.0427;0.030610757
0.0329;0.023151912
0.0263;0.039755467
0.0135;0.02660532
0.0137;0.02926937
0.0151;0.024502195
0.0155;0.02014809
0.0189;0.038945176
0.0205;0.03178048
0.0231;0.010465866
0.0253;0.029431488
0.0275;0.011276565
0.0277;0.011699466
0.0245;0.002535649
0.0216;-0.004058155
0.0188;0.013347441
0.0154;0.0122602
0.0113;0.0027601093
0.0089;-0.0005693706
0.0068;-0.003928243
0.0034;-0.014461254
0.0003;-0.01611528
-0.0006;-0.008252289
-0.0035;-0.027227506
-0.0036;-0.0112783965
-0.0052;0.00019947486
-0.005;-0.014375639
-0.0057;0.00025602104
-0.0049;-0.012536345
-0.0044;-0.013073787
-0.0033;-0.002912027
-0.0015;-0.005761985
0.0021;-0.0119677
-0.0026;-0.01914574
-0.0054;-0.04124102
-0.008;-0.025530506
-0.0112;-0.021493178
-0.0146;-0.030719545
-0.0179;-0.020964764
-0.0203;-0.018122867
-0.0218;-0.033769708
-0.0231;-0.01835554
-0.0241;-0.02619547
-0.0295;-0.024552416
-0.031;-0.028750278
-0.0334;-0.048277684
-0.0367;-0.03947644
-0.041;-0.047876842
-0.0452;-0.050770596
-0.0492;-0.05378004
-0.0534;-0.059483208
-0.0571;-0.042377837
-0.0595;-0.065861866
-0.0728;-0.06396038
-0.0787;-0.06571268
-0.0853;-0.04902973
-0.0941;-0.05165836
-0.099;-0.04102778
-0.1058;-0.058921427
-0.1118;-0.05895953
-0.1171;-0.06597747
-0.1216;-0.0573483
-0.1236;-0.06908829
-0.1234;-0.069970325
-0.1216;-0.07302159
-0.1217;-0.06308462
-0.1188;-0.07123452
-0.1136;-0.07697902
-0.107;-0.062347528
-0.1009;-0.06689745
-0.093;-0.05716829
-0.087;-0.06876301
-0.0786;-0.05372355
-0.0731;-0.05974049
-0.0738;-0.05026238
-0.0739;-0.037540667
-0.0744;-0.034756277
-0.0726;-0.048348587
-0.0681;-0.037074346
-0.0641;-0.06239809
-0.0582;-0.045603406
-0.0522;-0.06518069
-0.0488;-0.07061152
-0.0475;-0.059584334
-0.0469;-0.060607035
-0.045;-0.05173658
-0.0451;-0.0511146
-0.0438;-0.06665203
-0.0427;-0.06983412
-0.0417;-0.07047969
-0.0412;-0.07164444
-0.0374;-0.056716137
-0.0386;-0.06326693
-0.04;-0.04902494
-0.0389;-0.048351347
-0.04;-0.05876088
-0.0432;-0.04892856
-0.0439;-0.059261464
-0.0445;-0.043889716
-0.0463;-0.057977974
-0.0463;-0.064613104
-0.0461;-0.061851744
-0.0454;-0.046435278
-0.0435;-0.039060406
-0.0431;-0.06293845
-0.0409;-0.06551078
-0.0385;-0.058455594
-0.0359;-0.05132596
-0.0343;-0.06342229
-0.0316;-0.073321
-0.0287;-0.042700283
-0.0237;-0.04851797
-0.0162;-0.06292334
-0.0106;-0.043041114
-0.0055;-0.0462033
-0.0005;-0.036230613
0.0053;-0.036327064
0.011;-0.036729038
0.0158;-0.04482223
0.0202;-0.036695153
0.0265;-0.03203574
0.0328;-0.043519124
0.0391;-0.047692575
0.0446;-0.04935664
0.052;-0.02767602
0.0602;-0.02077936
0.0655;-0.032358903
0.0735;-0.059248377
0.0798;-0.030349031
0.0853;-0.0389052
0.0893;-0.04672917
0.091;-0.034084447
0.0822;-0.02997068
0.0755;-0.030022573
0.0662;-0.028127972
0.0551;-0.017287914
0.0345;-0.026826642
0.0187;-0.020390103
0.0027;-0.018371385
-0.0147;-0.023770116
-0.0294;-0.011077233
-0.0406;-0.02104383
-0.0556;-0.015791748
-0.0553;-0.012932232
-0.0512;-0.028678585
-0.0476;-0.040127084
-0.0421;-0.0071999235
-0.0372;-0.0061278315
-0.0337;-0.035524983
-0.0302;-0.0153757725
-0.0266;-0.023226632
-0.0215;-0.015581323
-0.0176;-0.007701996
-0.0161;-0.007177109
-0.0162;0.0018501147
-0.0171;-0.008359693
-0.0154;-0.00489224
-0.0171;-0.010331023
-0.0196;-0.008093357
-0.018;-0.021018788
-0.016;-0.007149347
-0.0128;-0.009049629
-0.0112;-0.0072646555
-0.0081;-0.005401492
-0.0052;0.0077906447
-0.0016;-0.0066672163
0.0011;0.0016952027
0.002;-0.0045091333
0.0033;0.0033437582
0.0048;0.0009967843
0.0055;0.002781193
0.0041;0.022451026
0.0031;-0.00044434075
0.0018;0.0015585936
0.0016;0.026643861
0.0021;0.008495712
0.0027;0.010238695
0.0067;0.0064457366
0.0121;0.010448492
0.0163;0.02825773
0.0165;0.004975687
0.0198;0.008665368
0.0203;0.023591807
0.0205;0.008066146
0.0187;0.018249305
0.0194;0.021497354
0.0143;0.036243364
0.0131;0.016192133
0.0127;0.014571037
0.014;0.011367224
0.0136;0.024153704
0.0107;0.008776589
0.009;0.015388098
0.0065;0.016055897
0.0066;0.0246564
0.0078;0.015606689
0.0054;0.028687362
0.0016;0.008092364
0.0008;0.012684811
0.0016;0.04666686
0.0002;0.024822474
0.0011;0.0020617878
0.0061;0.016510854
0.0098;0.009495397
0.016;0.008752477
0.0252;0.022177706
0.0277;0.03149127
0.0324;0.031318944
0.0368;0.022144765
0.0437;0.017732764
0.049;0.017665815
0.0517;0.020668283
0.0582;0.020407692
0.0603;0.017021816
0.0611;0.011759139
0.0606;0.018340528
0.0608;0.012639821
0.0602;-0.0048819333
0.0599;0.019703869
0.0595;0.019792251
0.0605;0.0016402411
0.065;0.024377972
0.0713;0.011238897
0.0763;0.007390121
0.0841;0.020984357
0.0892;0.031629518
0.0935;0.0206965
0.101;0.023501396
0.1076;0.03309598
0.1141;0.036714263
0.1157;0.022239313
0.1195;0.04555679
0.1128;0.03426695
0.1054;0.041592073
0.0986;0.040209606
0.0913;0.038357705
0.0842;0.029498203
0.0802;0.05103724
0.0769;0.02814259
0.0744;0.030760733
0.0722;0.044565104
0.0612;0.037729234
0.0553;0.05997182
0.0503;0.03906548
0.0455;0.041424647
0.04;0.032930255
0.0344;0.04988769
0.0277;0.03174243
0.0221;0.034515552
0.0197;0.036606215
0.0186;0.028975774
0.0158;0.033606444
0.0192;0.050241556
0.0232;0.060525417
0.0278;0.044664387
0.0313;0.05199506
0.0345;0.05241857
0.0398;0.05529585
0.0462;0.059339363
0.0503;0.06719455
0.0523;0.04767874
0.0601;0.050018985
0.064;0.040518206
0.0688;0.044945583
0.075;0.040642224
0.0796;0.042459346
0.085;0.04535688
0.0922;0.042711318
0.0994;0.045864724
0.1069;0.064130165
0.1158;0.06231176
0.1245;0.07311179
0.1299;0.07057667
0.1345;0.05685022
0.1394;0.06697396
0.1419;0.06385589
0.1422;0.08167018
0.1413;0.08617544
0.1412;0.07309065
0.1387;0.06757392
0.1357;0.07773402
0.131;0.08495429
0.127;0.06690273
0.1232;0.08000423
0.1196;0.07478523
0.1159;0.07439152
0.1138;0.07725811
0.11;0.08573731
0.1057;0.082847685
0.1048;0.09287675
0.1067;0.085556254
0.1185;0.10629263
0.128;0.092507616
0.139;0.09873839
0.1455;0.08995739
0.157;0.088641815
0.1671;0.10650986
0.1782;0.101768315
0.1896;0.10066228
0.1994;0.09854874
0.2112;0.09831628
0.2177;0.091854244
0.2235;0.10351963
0.2288;0.09053523
0.2348;0.10911204
0.239;0.10658566
0.2435;0.11549322
0.2472;0.11280376
0.2487;0.10756792
0.2483;0.119436
0.2469;0.11195285
0.2492;0.10821839
0.2478;0.109208964
0.247;0.11576974
0.2435;0.11483862
0.2386;0.12639399
0.2328;0.11377932
0.229;0.11219732
0.2217;0.12270465
0.2173;0.12164435
0.2024;0.12316059
0.1981;0.11294096
0.1928;0.12903382
0.1881;0.11470742
0.1818;0.103542365
0.1755;0.12133344
0.1712;0.12241546
0.1631;0.116550975
0.1556;0.12053976
0.1492;0.12832119
0.1464;0.116626546
0.1488;0.123301685
0.1525;0.11057791
0.1563;0.12028999
0.1622;0.10605805
0.1685;0.10396077
0.1717;0.09045559
0.1766;0.10902359
0.1791;0.0990422
0.1829;0.10339098
0.183;0.08126699
0.1812;0.09816177
0.1766;0.10132527
0.171;0.090586945
0.1632;0.08505141
0.1556;0.079251684
0.1429;0.08987135
0.1389;0.09185238
0.135;0.08238662
0.1304;0.08644069
0.1344;0.09112201
0.1409;0.09455208
0.1496;0.084933035
0.1632;0.07028834
0.176;0.09709894
0.1896;0.07340531
0.2016;0.07337446
0.2117;0.06451402
0.2217;0.077915505
0.2286;0.07245721
0.2355;0.07978572
0.2372;0.043715164
0.2354;0.042375676
0.2326;0.06210631
0.2261;0.04102394
0.2179;0.030951547
0.2095;0.023502998
0.2003;0.039483957
0.193;0.026631206
0.1855;0.02932219
0.1716;0.024230067
0.1622;0.019747153
0.1547;0.03911175
0.1447;0.031323157
0.1347;0.010668809
0.1247;0.029245779
0.1123;0.01101163
0.1013;0.011567775
0.0907;0.0022874689
0.0828;-0.004297867
0.0672;0.013073922
0.0588;0.011920359
0.0505;0.0024206673
0.0449;-0.00092998846
0.04;-0.0037237362
0.0331;-0.014668761
0.0249;-0.01594895
0.0198;-0.007947098
0.013;-0.027369384
0.0081;-0.01169337
0.0011;-0.0006318628
-0.0024;-0.0141392965
-0.0084;-3.745919e-05
-0.0095;-0.01286248
-0.0131;-0.01314603
-0.0153;-0.0029795957
-0.0157;-0.0057537644
-0.018;-0.012626256
-0.0171;-0.01919134
-0.0129;-0.041730657
-0.0119;-0.025518712
-0.0106;-0.02118079
-0.0093;-0.030551158
-0.0039;-0.020742971
-0.0013;-0.01827887
0.0044;-0.033655297
0.0123;-0.01879283
0.0162;-0.020797312
0.0149;-0.021733433
0.0091;-0.027344147
-0.0002;-0.04624631
-0.0123;-0.035155572
-0.0226;-0.04427712
-0.0371;-0.049242593
-0.0497;-0.05007779
-0.0603;-0.058025293
-0.0731;-0.038451232
-0.0805;-0.06266412
-0.0846;-0.06399407
-0.087;-0.06279507
-0.0862;-0.044769578
-0.0823;-0.048282053
-0.0775;-0.038460374
-0.0723;-0.05691793
-0.0665;-0.05552002
-0.0594;-0.06338049
-0.0534;-0.05441884
-0.0458;-0.06653877
-0.0383;-0.06725775
-0.0326;-0.07055104
-0.0259;-0.05903357
-0.0226;-0.068564236
-0.0206;-0.07401226
-0.0186;-0.059703916
-0.0133;-0.06517288
-0.0121;-0.055960037
-0.0146;-0.06525728
-0.0195;-0.05189702
-0.0239;-0.056660686
-0.0289;-0.047148645
-0.0342;-0.03464237
-0.0377;-0.034654725
-0.045;-0.047594845
-0.0503;-0.032835644
-0.0565;-0.06157362
-0.0593;-0.04374761
-0.0644;-0.062424794
-0.0705;-0.06800754
-0.0754;-0.057848785
-0.0828;-0.05967612
-0.0836;-0.047436673
-0.0836;-0.048436947
-0.083;-0.063045844
-0.0845;-0.06723894
-0.0867;-0.068703935
-0.0853;-0.07010428
-0.0858;-0.05636774
-0.0854;-0.062747374
-0.0813;-0.047825433
-0.0783;-0.046858266
-0.0769;-0.05553728
-0.0749;-0.0479494
-0.0746;-0.057958763
-0.0739;-0.03979537
-0.0722;-0.05595263
-0.0719;-0.06105984
-0.0743;-0.060857907
-0.0762;-0.042578883
-0.0798;-0.037775565
-0.0827;-0.059825808
-0.0876;-0.061804578
-0.0889;-0.05592364
-0.0927;-0.04946853
-0.0975;-0.06090127
-0.1009;-0.07271073
-0.1037;-0.042742684
-0.1011;-0.047365833
-0.0993;-0.06232535
-0.0982;-0.042696025
-0.0961;-0.04605207
-0.0963;-0.034259867
-0.0941;-0.0369873
-0.0942;-0.036491297
-0.0948;-0.042767648
-0.0965;-0.03606518
-0.098;-0.030959588
-0.0973;-0.040289044
-0.0969;-0.047630675
-0.0942;-0.045839716
-0.0935;-0.026831204
-0.09;-0.020441199
-0.0867;-0.028086582
-0.0811;-0.058730565
-0.0761;-0.028307993
-0.0697;-0.038982235
-0.069;-0.046502568
-0.0647;-0.03300176
-0.0617;-0.028884295
-0.0611;-0.026628982
-0.0569;-0.029058766
-0.0575;-0.015563298
-0.0575;-0.02724456
-0.0571;-0.019715339
-0.0564;-0.01697195
-0.0558;-0.021626825
-0.0512;-0.011319909
-0.0465;-0.017835535
-0.0424;-0.015009045
-0.0384;-0.011449956
-0.032;-0.027956652
-0.0279;-0.04040917
-0.0241;-0.0070179515
-0.019;-0.0062026745
-0.018;-0.035964876
-0.0155;-0.013463171
-0.0139;-0.022466056
-0.0139;-0.015973087
-0.0135;-0.0058789114
-0.0152;-0.006824805
-0.0182;0.0010670013
-0.0202;-0.0066340156
-0.0224;-0.004098515
-0.0254;-0.009893257
-0.0285;-0.007570763
-0.0364;-0.020343443
-0.042;-0.007110419
-0.0457;-0.0062791593
-0.0488;-0.005137006
-0.0551;-0.0042131045
-0.0563;0.007681042
-0.0555;-0.005849597
-0.0516;0.0022102436
-0.0463;-0.0032687802
-0.0448;0.0042971605
-0.0409;0.0027816556
-0.0369;0.004606652
-0.033;0.021038642
-0.028;-0.002349432
-0.0237;0.0013974465
-0.0173;0.027238999
-0.0151;0.011404242
-0.01;0.010495443
-0.003;0.006203671
0.003;0.009021364
0.005;0.028000297
0.0073;0.003314706
0.0089;0.007664396
0.0098;0.023779228
0.0131;0.007701617
0.0189;0.017590132
0.0228;0.02141087
0.0275;0.0352545
0.028;0.015102476
0.0297;0.013484048
0.0305;0.010565182
0.0306;0.023271814
0.0307;0.008069463
0.0336;0.012648519
0.0388;0.019080294
0.0462;0.024704635
0.0521;0.01324535
0.0602;0.027786437
0.0699;0.0077260816
0.0796;0.013536502
0.088;0.047087155
0.0954;0.027173195
0.1012;-0.0005393424
0.1048;0.01614543
0.1107;0.0077037984
0.1099;0.008678084
0.1099;0.022100827
0.1088;0.03072056
0.1058;0.030690733
0.1013;0.022578303
0.0984;0.016042762
0.0953;0.018613469
0.0921;0.020906232
0.0882;0.020020105
0.0868;0.019282311
0.09;0.013600484
0.0912;0.017933853
0.0937;0.013809736
0.0972;-0.005014755
0.1005;0.020417212
0.1029;0.019925222
0.1058;0.0013486496
0.106;0.026998516
0.1088;0.0133212665
0.1182;0.007673594
0.1201;0.02062897
0.1246;0.0321666
0.1321;0.020291222
0.1388;0.023357846
0.1439;0.03420785
0.1503;0.037780996
0.156;0.02164668
0.1584;0.0456098
0.1619;0.034348026
0.1626;0.04095647
0.1623;0.039739147
0.1607;0.037572794
0.1576;0.030730778
0.151;0.049421296
0.1455;0.028512202
0.1415;0.030486844
0.136;0.0448436
0.1319;0.036562346
0.1285;0.058794025
0.1269;0.04083755
0.1264;0.04212861
0.1261;0.03420716
0.1262;0.050591588
0.1271;0.03216058
0.1284;0.03344964
0.127;0.036197588
0.1262;0.028441822
0.1226;0.034123328
0.1183;0.05090003
0.1149;0.059844375
0.1117;0.044167407
0.1076;0.050517187
0.1041;0.051641446
0.1011;0.05314181
0.0978;0.058863968
0.0926;0.06816055
0.0938;0.04564534
0.0997;0.04962626
0.1057;0.03889566
0.1132;0.044000525
0.1214;0.037166454
0.1295;0.041123863
0.1363;0.04465176
0.1413;0.039942052
0.1481;0.046097543
0.1499;0.06289844
0.1529;0.061109275
0.1542;0.07237783
0.1538;0.068801805
0.1543;0.05269444
0.1526;0.06730457
0.149;0.0622892
0.1483;0.080268785
0.1468;0.08295746
0.1459;0.07035071
0.1489;0.0656544
0.1492;0.075811505
0.1513;0.083068505
0.1573;0.06389283
0.1651;0.07994242
0.1696;0.071696565
0.1737;0.07260014
0.1757;0.074482836
0.1786;0.08232794
0.1818;0.08046889
0.1854;0.09134503
0.1866;0.08300635
0.1894;0.10376766
0.1914;0.09109205
0.1924;0.09821127
0.1928;0.08572964
0.1926;0.08571819
0.1927;0.10664676
0.1939;0.10135576
0.1906;0.09683449
0.1918;0.09493151
0.1937;0.09692576
0.1963;0.08704999
0.1951;0.100227416
0.1955;0.08763781
0.1999;0.10905054
0.2035;0.1024636
0.2094;0.11400084
0.2156;0.11129215
0.2214;0.10586746
0.2245;0.11708867
0.2274;0.11165506
0.2245;0.107181035
0.2172;0.10482176
0.2051;0.11234213
0.1925;0.11167741
0.1761;0.12333365
0.161;0.11146386
0.1462;0.110135406
0.1289;0.11963738
0.1157;0.118372396
0.1026;0.12238491
0.0924;0.11169416
0.0823;0.12658754
0.0803;0.112773284
0.0844;0.10030369
0.0894;0.1177995
0.0926;0.120948054
0.0959;0.11524942
0.0975;0.11815855
0.0995;0.12488243
0.0996;0.1130849
0.0982;0.12290055
0.1003;0.1076496
0.101;0.11739675
0.1021;0.104119144
0.1033;0.10295669
0.1034;0.08707211
0.1044;0.107777536
0.1053;0.092668906
0.1054;0.10117457
0.1064;0.081745304
0.1062;0.0957557
0.0976;0.09793554
0.0881;0.08728327
0.0767;0.08052629
0.0649;0.074646674
0.0559;0.08868218
0.0453;0.09093184
0.0333;0.08078017
0.0248;0.08418914
0.0154;0.08899362
0.0083;0.09482518
0.0017;0.08308641
0.004;0.06846518
0.008;0.09504019
0.0156;0.07257737
0.0197;0.07043414
0.0267;0.060835425
0.0364;0.076796696
0.0497;0.07214956
0.0628;0.0781323
0.077;0.041517287
0.0924;0.043187432
0.1079;0.06148877
0.122;0.0429714
0.133;0.030085238
0.1442;0.021660727
0.1567;0.039991304
0.1624;0.025341015
0.1651;0.028543105
0.168;0.024969094
0.1668;0.019892687
0.1464;0.039295197
0.1313;0.033211578
0.1144;0.00910108
0.0941;0.029074077
0.0768;0.011377665
0.062;0.011300888
0.0442;0.0025571226
0.0248;-0.0032934127
0.0075;0.015658002
-0.0074;0.014389174
-0.0242;0.0048652226
-0.0293;-9.272713e-06
-0.0332;-0.0038821013
-0.0353;-0.014558779
-0.0345;-0.016231291
-0.033;-0.008929411
-0.037;-0.026685894
-0.0421;-0.010481695
-0.0475;0.0014592456
-0.0536;-0.015243452
-0.0595;-7.616542e-05
-0.0645;-0.012706583
-0.0696;-0.01335671
-0.0747;-0.0036480112
-0.078;-0.006022139
-0.0775;-0.01091983
-0.0779;-0.019827439
-0.0747;-0.039748356
-0.0729;-0.025759632
-0.0699;-0.021246992
-0.0711;-0.030609563
-0.0719;-0.022313043
-0.0742;-0.017938811
-0.077;-0.034032185
-0.0819;-0.018266944
-0.0831;-0.037433147
-0.0848;-0.031244557
-0.082;-0.03236994
-0.0801;-0.053817756
-0.0776;-0.049479805
-0.0797;-0.05583321
-0.0829;-0.05633083
-0.0847;-0.062992886
-0.0876;-0.06371095
-0.0918;-0.051814158
-0.0936;-0.073729485
-0.0968;-0.06549288
-0.0984;-0.07276356
-0.1023;-0.057731934
-0.1071;-0.058747754
-0.1114;-0.047536492
-0.1138;-0.063004896
-0.1159;-0.06791746
-0.1185;-0.072150186
-0.1208;-0.06511068
-0.1223;-0.07544234
-0.121;-0.076043025
-0.1208;-0.07860572
-0.1195;-0.07179782
-0.1192;-0.07858214
-0.1236;-0.08401862
-0.1225;-0.06824078
-0.1229;-0.07128901
-0.1231;-0.060514897
-0.1248;-0.077631876
-0.1243;-0.058066547
-0.1235;-0.06679316
-0.1208;-0.05722621
-0.1167;-0.04484468
-0.1168;-0.035596404
-0.1152;-0.051300704
-0.1197;-0.046288293
-0.1187;-0.06619414
-0.1219;-0.04974552
-0.121;-0.07189586
-0.1215;-0.077557415
-0.1206;-0.06601383
-0.1195;-0.06427247
-0.1202;-0.062115375
-0.1198;-0.057056915
-0.1173;-0.07452991
-0.1157;-0.07604327
-0.1119;-0.07599056
-0.1085;-0.0754693
-0.1065;-0.058117382
-0.1034;-0.06570223
-0.1019;-0.051762894
-0.0987;-0.051348373
-0.0939;-0.0674641
-0.0862;-0.051742163
-0.0831;-0.061996475
-0.0757;-0.05470626
-0.0677;-0.06350515
-0.0598;-0.072841495
-0.0556;-0.063859515
-0.0458;-0.05587697
-0.0386;-0.042027406
-0.0284;-0.069370784
-0.0198;-0.07418406
-0.0161;-0.06376264
-0.0075;-0.055632785
-0.0023;-0.07059141
0.0011;-0.07601109
0.002;-0.042770937
-0.0002;-0.05137027
0.0008;-0.06598673
-0.0002;-0.043932702
-0.0006;-0.04710315
-0.0028;-0.040980235
-0.0089;-0.035021286
-0.0129;-0.03774596
-0.0196;-0.049499344
-0.0253;-0.03807795
-0.0308;-0.034702763
-0.0357;-0.050837297
-0.0395;-0.04765682
-0.0442;-0.057179824
-0.0468;-0.029347667
-0.0489;-0.021350598
-0.0525;-0.042356715
-0.054;-0.061726455
-0.0553;-0.034729287
-0.0592;-0.039344355
-0.0545;-0.048997737
-0.0549;-0.036862366
-0.0553;-0.032819375
-0.0579;-0.03808417
-0.0595;-0.026141614
-0.0617;-0.019995037
-0.0658;-0.026769456
-0.0698;-0.022013078
-0.0705;-0.021539394
-0.0703;-0.027952146
-0.0713;-0.009588974
-0.0699;-0.02729569
-0.0701;-0.018260315
-0.0666;-0.01563284
-0.0636;-0.031856388
-0.0617;-0.0394777
-0.0628;-0.007513012
-0.0638;-0.0052872677
-0.0644;-0.035186917
-0.0662;-0.020263901
-0.068;-0.024969058
-0.0709;-0.014857082
-0.0715;-0.011425648
-0.0707;-0.008048718
-0.0687;0.0032779225
-0.0699;-0.011290648
-0.0609;-0.006764022
-0.0579;-0.010233688
-0.0507;-0.008748607
-0.0454;-0.021676447
-0.0373;-0.006833684
-0.03;-0.014576929
-0.025;-0.011321321
-0.023;-0.008421913
-0.02;0.007193951
-0.0123;-0.008163144
-0.0131;-7.5765885e-05
-0.0157;-0.0076378356
-0.0187;0.0015060911
-0.0179;-0.0020567458
-0.0193;-0.0005987198
-0.0225;0.024246214
-0.0227;0.0033448613
-0.0205;0.00246125
-0.0186;0.025404872
-0.0098;0.0023351917
-0.0056;0.009133006
0.001;0.005872067
0.0061;0.013091253
0.0121;0.028003044
0.0178;0.0073433504
0.0221;0.011196715
0.0247;0.023781916
0.0308;0.008307133
0.0338;0.019920403
0.0394;0.02161076
0.0414;0.03816224
0.0439;0.018907096
0.0465;0.016633488
0.0503;0.0120026795
0.0526;0.026101124
0.0538;0.010164668
0.0538;0.02144006
0.0554;0.010454615
0.0556;0.02442313
0.0524;0.020010576
0.0553;0.03154991
0.0561;0.0075683426
0.0575;0.01035128
0.058;0.046702962
0.0587;0.019708455
0.0597;0.0071977456
0.0615;0.017089428
0.0612;0.013802741
0.0613;0.00865793
0.0621;0.022372967
0.0602;0.032918867
0.0593;0.033915073
0.0571;0.021274377
0.0575;0.021333128
0.056;0.015126232
0.055;0.019559674
0.0526;0.021649433
0.0496;0.011832767
0.0457;0.008207739
0.0488;0.019980522
0.0525;0.010866197
0.0613;-0.0052371565
0.0674;0.017637413
0.0767;0.019953169
0.0865;0.0022003285
0.0893;0.01869249
0.0944;0.0069436324
0.0986;0.0069752345
0.0995;0.02103879
0.1026;0.031247098
0.0994;0.022006562
0.0968;0.022592496
0.093;0.031831052
0.0908;0.034706086
0.0925;0.023988374
0.0932;0.04496497
0.0969;0.03400243
0.0992;0.042626083
0.1023;0.041808154
0.1114;0.040607587
0.1173;0.026994832
0.1194;0.054187726
0.1229;0.028443284
0.1256;0.030445792
0.1289;0.04379441
0.1329;0.039673038
0.133;0.062849365
0.1352;0.03558137
0.136;0.04025176
0.1349;0.03091247
0.1311;0.04965026
0.1271;0.03011249
0.1245;0.037829094
0.1184;0.038062517
0.1162;0.029646829
0.1151;0.0317373
0.1156;0.049436446
0.1159;0.06158808
0.1169;0.046342943
0.1156;0.05542495
0.1171;0.055508062
0.1168;0.06008367
0.1183;0.06031477
0.1194;0.06678587
0.121;0.05149266
0.1179;0.05256707
0.1134;0.044784214
0.1089;0.047784798
0.1051;0.047349904
0.0992;0.046473555
0.0949;0.04741095
0.0901;0.04925242
0.0851;0.04534301
0.0899;0.068571195
0.0887;0.066069774
0.0885;0.076070756
0.0906;0.07578685
0.0909;0.06625969
0.0909;0.0669999
0.0909;0.06833135
0.086;0.08586311
0.0846;0.09379388
0.0834;0.07975312
0.0793;0.071471974
0.0781;0.08229193
0.0788;0.09057823
0.0813;0.073897675
0.0831;0.08146566
0.0882;0.08171774
0.095;0.078891665
0.1006;0.083006874
0.1066;0.09390777
0.1142;0.08975986
0.1226;0.09790993
0.1309;0.09162316
0.1433;0.114393145
0.1533;0.09668474
0.1648;0.10081112
0.1685;0.100806445
0.1677;0.0970334
0.165;0.10745517
0.1583;0.10383687
0.1499;0.111015104
0.1367;0.1063603
0.1253;0.10284993
0.1062;0.10341464
0.097;0.11240262
0.0894;0.098110855
0.0767;0.110331625
0.0821;0.117284514
0.0934;0.12052557
0.1042;0.117352545
0.1173;0.11275857
0.1274;0.1268524
0.1349;0.11459655
0.1424;0.111868404
0.1454;0.119134255
0.1487;0.12557738
0.1471;0.12342714
0.1405;0.13458346
0.1343;0.11969197
0.1204;0.11706505
0.1093;0.1301634
0.1048;0.13026628
0.0962;0.1258255
0.0888;0.11658388
0.0862;0.1363429
0.086;0.120530024
0.0868;0.11171953
0.0913;0.1296587
0.0958;0.1272641
0.1002;0.12236914
0.1051;0.1277958
0.1099;0.13687462
0.1173;0.12402426
0.1227;0.1265769
0.1256;0.11864712
0.1263;0.12774898
0.1297;0.1120927
0.1254;0.10771711
0.121;0.0993875
0.1143;0.1132717
0.1085;0.11354992
0.0983;0.109148026
0.0886;0.082063496
0.0792;0.105048105
0.0701;0.10963526
0.063;0.09935399
0.0578;0.097146
0.0503;0.090041526
0.0445;0.09254662
0.0429;0.09708198
0.0423;0.08556509
0.0423;0.09287269
0.0422;0.09831046
0.044;0.09584568
0.0459;0.090220064
0.0494;0.07433291
0.0575;0.104133256
0.0648;0.075958215
0.0729;0.08008423
0.0841;0.073673084
0.0917;0.0813938
0.1006;0.07455067
0.1143;0.08488186
0.1245;0.049644977
0.1347;0.039737858
0.1462;0.06379685
0.1591;0.037610274
0.1654;0.03233025
0.1709;0.027405212
0.1753;0.038914032
0.1758;0.030037552
0.177;0.031274233
0.175;0.023042414
0.1709;0.020485722
0.1658;0.03812991
0.1584;0.02753003
0.1511;0.014309268
0.1424;0.03020224
0.1316;0.010717086
0.1239;0.012605632
0.1125;0.0023032657
0.1081;-0.006342136
0.0977;0.00690311
0.0886;0.0062519535
0.0779;-0.0032392628
0.0681;-0.0023573353
0.0622;-0.0038684087
0.0536;-0.014384648
0.0485;-0.015687762
0.044;-0.0061734654
0.0385;-0.028808778
0.0397;-0.013808513
0.043;-0.0039432826
0.047;-0.011831268
0.0525;0.000913932
0.0588;-0.012303181
0.0667;-0.012410474
0.076;-0.00091826543
0.0841;-0.005061916
0.0916;-0.015391231
0.0976;-0.017411254
0.1015;-0.04567578
0.1042;-0.02486206
0.1056;-0.021852704
0.1062;-0.03088576
0.1027;-0.017196184
0.0951;-0.018835818
0.0859;-0.032987215
0.0724;-0.019005561
0.0576;-0.005705004
0.0435;-0.011942235
0.0284;-0.021979555
0.0133;-0.037797123
-0.0015;-0.02083245
-0.0166;-0.0331872
-0.0266;-0.040037073
-0.0367;-0.036667965
-0.0408;-0.051434383
-0.0429;-0.024936454
-0.0412;-0.051263675
-0.0344;-0.060728706
-0.0307;-0.052893028
-0.0254;-0.033201113
-0.0176;-0.038590964
-0.0123;-0.028754752
-0.0056;-0.051645853
-0.0044;-0.042381328
-0.0049;-0.054685812
-0.0065;-0.04267954
-0.009;-0.057396676
-0.011;-0.05871192
-0.0128;-0.06295745
-0.0136;-0.0471175
-0.0144;-0.057582863
-0.0146;-0.063933656
-0.0168;-0.051449288
-0.0158;-0.058868106
-0.016;-0.050941475
-0.017;-0.052116327
-0.0169;-0.04578071
-0.0187;-0.04677183
-0.0202;-0.037327234
-0.022;-0.024016937
-0.0246;-0.03293619
-0.029;-0.042587463
-0.036;-0.020128062
-0.0398;-0.05493219
-0.0449;-0.037821535
-0.0493;-0.052782938
-0.0526;-0.057637203
-0.0567;-0.04730271
-0.0635;-0.05344102
-0.0654;-0.03268639
-0.0667;-0.040220983
-0.0668;-0.05206085
-0.0656;-0.058304787
-0.0618;-0.060076468
-0.0575;-0.06464732
-0.0525;-0.05417995
-0.0467;-0.05859154
-0.0401;-0.04394778
-0.0336;-0.04294184
-0.0275;-0.04265537
-0.0234;-0.0434883
-0.0212;-0.054226365
-0.0176;-0.023670394
-0.0176;-0.047546003
-0.0203;-0.049557786
-0.0243;-0.058052607
-0.0268;-0.02893016
-0.0304;-0.03364837
-0.0346;-0.051090576
-0.0378;-0.04943889
-0.0372;-0.048720025
-0.0356;-0.04331906
-0.031;-0.04995999
-0.0243;-0.06806471
-0.0174;-0.042872645
-0.0088;-0.04316976
-0.0019;-0.057179235
0.0078;-0.04145547
0.0149;-0.044266738
0.0206;-0.027343493
0.0246;-0.03864854
0.0259;-0.03477799
0.0283;-0.036288552
0.026;-0.03430476
0.0242;-0.027023079
0.0239;-0.030290108
0.0231;-0.047827967
0.0231;-0.034851953
0.0246;-0.024527844
0.0226;-0.01967258
0.0209;-0.013741899
0.0193;-0.054346055
0.0185;-0.02209147
0.0164;-0.037895642
0.0143;-0.042107593
0.0139;-0.028939618
0.014;-0.024685742
0.0138;-0.015166616
0.0138;-0.031623438
0.0138;-0.012648246
0.0166;-0.026607426
0.02;-0.01728332
0.024;-0.012593819
0.0287;-0.016107615
0.0354;-0.013906114
0.0415;-0.009695075
0.0461;-0.01095639
0.0504;-0.008105151
0.054;-0.022757528
0.0571;-0.041444317
0.0581;-0.0066575482
0.0586;-0.007682589
0.0575;-0.036078073
0.0544;-0.0062004323
0.0519;-0.020084983
0.0485;-0.01698833
0.0459;-0.0010100678
0.043;-0.0054827337
0.0402;-0.00085354113
0.0357;-0.0032958905
0.0339;-0.0014555668
0.0291;-0.010526253
0.0287;-0.0071351975
0.0306;-0.01984472
0.0297;-0.0077256258
0.0276;0.0008999305
0.0248;0.00011200775
0.0254;0.00022879988
0.0318;0.009067008
0.0348;-0.0038058423
0.0411;0.0050420742
0.0476;0.0012752991
0.0556;0.006515839
0.0628;0.0064264396
0.069;0.008727212
0.0753;0.019329634
0.081;-0.007281537
0.0856;-0.0002913091
0.0881;0.02913255
0.0894;0.01982992
0.0897;0.012383655
0.0858;0.0076611945
0.0782;0.005700319
0.0707;0.029000167
0.065;0.0007850444
0.06;0.0040701227
0.0532;0.023148235
0.0466;0.007756617
0.0424;0.015070807
0.0383;0.021211669
0.0346;0.032754596
0.031;0.011082238
0.0319;0.010721447
0.0348;0.0104478225
0.0388;0.020561008
0.042;0.0063968976
0.0483;0.004220281
0.0534;0.026187774
0.0581;0.024985768
0.0609;0.0074922284
0.0654;0.022982115
0.071;0.009250142
0.0733;0.017165214
0.0736;0.046334743
0.0745;0.034096677
0.0759;-0.0072048497
0.0753;0.0154528525
0.0738;0.0014973083
0.0722;0.008910461
0.069;0.021892557
0.0664;0.02890674
0.0744;0.026378924
0.0795;0.023777338
0.0861;0.0110820765
0.0945;0.02230184
0.1025;0.022988182
0.1119;0.018009814
0.1211;0.026493112
0.1322;0.018359985
0.1406;0.015250755
0.1494;0.015855718
0.1634;-0.0041040713
0.1674;0.023687026
0.1708;0.019413702
0.1769;0.0007103998
0.1831;0.034884598
0.1873;0.018944059
0.1909;0.007996547
0.1943;0.020931724
0.1958;0.032254234
0.1949;0.018346785
0.193;0.025482118
0.1896;0.035361055
0.1851;0.040196545
0.1787;0.018920746
0.1723;0.046896555
0.164;0.03483739
0.156;0.039829187
0.1471;0.03716413
0.1391;0.03411887
0.1354;0.033937834
0.13;0.045341708
0.1271;0.027578138
0.1227;0.031582713
0.1245;0.046097424
0.1225;0.034362048
0.1229;0.054621376
0.1226;0.045497797
0.1253;0.04364324
0.1289;0.036732562
0.1366;0.04978712
0.1451;0.034957137
0.1521;0.028349444
0.1585;0.033791937
0.167;0.027829751
0.1722;0.037100013
0.1762;0.051535033
0.1794;0.058648832
0.1823;0.0415892
0.1839;0.045638412
0.1837;0.046576712
0.1811;0.04645648
0.178;0.05767856
0.1744;0.06776617
0.1703;0.04085581
0.1672;0.04521782
0.1626;0.032524858
0.1599;0.039729342
0.1561;0.028364614
0.1519;0.034740098
0.1497;0.041420266
0.1497;0.030369177
0.1497;0.046742328
0.1498;0.055681616
0.1517;0.055167876
0.1529;0.067360535
0.1534;0.060877547
0.1543;0.039572265
0.1567;0.06673007
0.1577;0.05546897
0.1619;0.07378103
0.1664;0.07208661
0.1707;0.060564063
0.1761;0.060611315
0.1846;0.06932407
0.1941;0.07428329
0.2009;0.05415878
0.2073;0.07733625
0.2107;0.06221409
0.2127;0.06591974
0.2155;0.066960104
0.2134;0.07076179
0.2105;0.06996782
0.2059;0.083598554
0.2046;0.07450326
0.2031;0.09084041
0.2015;0.08483669
0.2016;0.09493198
0.2036;0.06979243
0.203;0.072766654
0.2051;0.10459927
0.2045;0.09794368
0.2046;0.08132051
0.2051;0.084156096
0.2053;0.08988312
0.2027;0.07055553
0.1987;0.0871273
0.193;0.076351225
0.1866;0.106720015
0.181;0.08669977
0.1748;0.10618113
0.168;0.10436313
0.1643;0.09782976
0.1584;0.10555189
0.155;0.10690904
0.1528;0.101351105
0.1501;0.090978876
0.1478;0.09725223
0.1458;0.098833434
0.1443;0.11125268
0.1428;0.10269989
0.1417;0.10345206
0.1411;0.10894064
0.137;0.10564382
0.1321;0.11808687
0.129;0.1063667
0.1256;0.11544619
0.1218;0.103775725
0.1193;0.08828723
0.1165;0.10602334
0.1158;0.113355786
0.1168;0.10535542
0.1183;0.10693801
0.1209;0.112590015
0.1244;0.10318674
0.129;0.1168275
0.1333;0.09557356
0.136;0.106425196
0.1402;0.09475852
0.1419;0.096645944
0.1451;0.07364056
0.1457;0.10107351
0.1453;0.07231394
0.1475;0.09278595
0.1453;0.07956162
0.1413;0.08536026
0.1372;0.08585076
0.1294;0.07409086
0.1206;0.06238448
0.1096;0.059329823
0.1005;0.08515756
0.0918;0.081789516
0.0864;0.07675794
0.0812;0.074318185
0.0761;0.07753011
0.0748;0.09178331
0.0753;0.07497361
0.0785;0.062763266
0.0852;0.08377888
0.0934;0.06849071
0.102;0.061065305
0.11;0.04759359
0.1142;0.07122453
0.1197;0.06835933
0.122;0.07013437
0.126;0.03272084
0.1278;0.04735916
0.1296;0.058929376
0.1328;0.047100604
0.1348;0.02843028
0.1395;0.016606007
0.1433;0.04033681
0.1503;0.020249957
0.1553;0.025710125
0.1618;0.026282199
0.1673;0.01818055
0.1734;0.04110268
0.1796;0.038239952
0.1844;0.00396159
0.1882;0.02750656
0.1906;0.011614938
0.1908;0.009719228
0.191;0.0019820025
0.1887;-0.00051638065
0.1846;0.024491914
0.1798;0.022334548
0.1757;0.013057488
0.1712;0.0014908975
0.168;-0.0033836327
0.1571;-0.015297336
0.1456;-0.016302519
0.1379;-0.011099961
0.1276;-0.024664715
0.1139;-0.007810568
0.1019;0.0053154374
0.089;-0.018408153
0.0777;-0.0019598906
0.0657;-0.0142469015
0.0547;-0.01444288
0.0399;-0.0070812753
0.0328;-0.007040534
0.0306;-0.007581819
0.0293;-0.022331424
0.0265;-0.034601144
0.0248;-0.026809618
0.0232;-0.01993968
0.0211;-0.029837646
0.0201;-0.027122566
0.0192;-0.017006183
0.0119;-0.034824688
0.0063;-0.018438011
0.0014;-0.019752411
-0.0034;-0.020607848
-0.0094;-0.026589502
-0.0144;-0.044959977
-0.0152;-0.0336109
-0.0174;-0.043264147
-0.0205;-0.047346883
-0.0189;-0.048347708
-0.0197;-0.056933865
-0.0162;-0.036866143
-0.0144;-0.061245427
-0.0136;-0.06290364
-0.011;-0.061649196
-0.0063;-0.04404918
-0.0018;-0.047563888
0.0026;-0.037152067
0.0073;-0.056618117
0.0115;-0.053718485
0.0194;-0.06241473
0.0201;-0.052721463
0.0183;-0.06538249
0.0182;-0.06643881
0.0167;-0.06983446
0.017;-0.058069866
0.0148;-0.06689375
0.0142;-0.07285947
0.0122;-0.05892893
0.0095;-0.06434016
0.0088;-0.055163763
0.0069;-0.06352391
0.0045;-0.05121254
0.0074;-0.05562534
0.0054;-0.046188783
0.007;-0.033258736
0.008;-0.03419535
0.0101;-0.046504933
0.0109;-0.03173766
0.011;-0.05999862
0.011;-0.043162037
0.008;-0.06126452
0.0056;-0.066484146
0.0011;-0.055649314
0.0006;-0.058301043
-0.0027;-0.045701306
-0.0035;-0.047673292
-0.0069;-0.062075146
-0.0087;-0.06617265
-0.01;-0.06716393
-0.0149;-0.06941435
-0.0199;-0.055872157
-0.0251;-0.06175353
-0.0323;-0.04742518
-0.0393;-0.04664471
-0.0522;-0.053628363
-0.0618;-0.047203224
-0.0709;-0.05768413
-0.0785;-0.037483327
-0.0832;-0.054660007
-0.0938;-0.059865452
-0.0985;-0.060669646
-0.1022;-0.040910415
-0.1049;-0.037343092
-0.1064;-0.05922433
-0.1057;-0.060449664
-0.1054;-0.055404074
-0.1016;-0.048803754
-0.0984;-0.059156455
-0.0858;-0.07163637
-0.0675;-0.042722292
-0.0507;-0.046831056
-0.0362;-0.061056502
-0.0159;-0.042537916
-0.0008;-0.045602806
0.0194;-0.03343248
0.0389;-0.03704874
0.0586;-0.03610637
0.0706;-0.04212348
0.0787;-0.0359476
0.0842;-0.03044786
0.0772;-0.03933481
0.069;-0.04776176
0.0574;-0.044800743
0.0463;-0.02669587
0.0359;-0.02044044
0.0238;-0.02650147
0.0161;-0.057674263
0.0107;-0.027774217
0.006;-0.038586594
0.0044;-0.04524661
0.0001;-0.032448664
0.0114;-0.028293453
0.0153;-0.02533444
0.0189;-0.029234234
0.0213;-0.015832786
0.0259;-0.026751509
0.0305;-0.019411275
0.0403;-0.016558902
0.0471;-0.02137069
0.0488;-0.011987132
0.0456;-0.017503778
0.0425;-0.014260386
0.0402;-0.011434566
0.039;-0.026774505
0.0366;-0.040526904
0.0342;-0.007030611
0.0311;-0.00663687
0.0273;-0.03566602
0.024;-0.012472283
0.0206;-0.022245044
0.0207;-0.016005225
0.0202;-0.005600064
0.0181;-0.0066447486
0.0198;0.0010085907
0.0237;-0.006793741
0.0274;-0.0038060485
0.0324;-0.010407604
0.0347;-0.0077919792
0.0392;-0.020684527
0.0441;-0.0073590893
0.049;-0.005930499
0.0538;-0.004962633
0.0583;-0.0036264248
0.0633;0.0082152
0.068;-0.0058016605
0.0693;0.0027673868
0.0675;-0.0026808353
0.0647;0.0043399557
0.0605;0.0026797364
0.0556;0.0046247905
0.0497;0.021520702
0.0414;-0.0025938647
0.033;0.0009794455
0.0277;0.027416237
0.0236;0.012060082
0.0208;0.010923479
0.019;0.006856855
0.0186;0.008958727
0.0233;0.028497338
0.0296;0.0036897669
0.0361;0.007210739
0.0418;0.02341427
0.0494;0.007978435
0.0557;0.017258031
0.0607;0.02142493
0.066;0.035150692
0.0705;0.01458471
0.0752;0.013352927
0.081;0.01110239
0.0848;0.023034886
0.0862;0.007998624
0.0853;0.011865439
0.085;0.019221608
0.088;0.024768073
0.0845;0.013089021
0.0835;0.026898356
0.0793;0.008502251
0.0742;0.01410355
0.0686;0.04654132
0.0646;0.027745122
0.0622;-0.0008527618
0.0595;0.016184011
0.0579;0.0069714272
0.0562;0.008799154
0.0538;0.022078674
0.0522;0.030654911
0.0501;0.029737622
0.0498;0.02264176
0.0481;0.015628198
0.0488;0.019136501
0.0479;0.021401808
0.0474;0.019655498
0.046;0.020000964
0.0463;0.013788579
0.0456;0.017346878
0.0458;0.013605561
0.0473;-0.0046107527
0.059;0.020967025
0.0732;0.01967576
0.0848;0.0013162864
0.0979;0.027678668
0.1112;0.013659065
0.1263;0.007606175
0.1368;0.020988025
0.1501;0.031788424
0.1591;0.019932099
0.1655;0.024141788
0.1713;0.033761203
0.1768;0.037799656
0.1719;0.021190945
0.1658;0.045973666
0.1582;0.034432255
0.1493;0.04103014
0.1405;0.039225534
0.1298;0.03700439
0.1237;0.030900327
0.1221;0.04923735
0.1195;0.027903933
0.1145;0.03104466
0.1165;0.045047946
0.1179;0.03667849
0.1193;0.058289576
0.1228;0.041063324
0.1296;0.04210364
0.1342;0.034084793
0.1378;0.049855944
0.1411;0.032782834
0.1424;0.032520838
0.1388;0.035696615
0.1379;0.028655823
0.1357;0.03471866
0.1355;0.050631355
0.1301;0.05994206
0.125;0.043668382
0.1183;0.049994417
0.1138;0.050535064
0.106;0.052512553
0.0969;0.05879583
0.0929;0.06730544
0.0899;0.045521237
0.0899;0.04845091
0.0898;0.037986677
0.0915;0.04328395
0.0951;0.036814824
0.097;0.04002071
0.1018;0.044132173
0.1058;0.038853757
0.1141;0.046135552
0.1229;0.061424915
0.1293;0.0600347
0.1391;0.07124398
0.1421;0.06746581
0.1475;0.051412087
0.1526;0.06687076
0.1576;0.06117609
0.1639;0.079170674
0.1686;0.081730984
0.1768;0.069139324
0.1815;0.065365784
0.1834;0.07506724
0.1859;0.081574574
0.1881;0.06284607
0.1888;0.079107374
0.1893;0.07080558
0.1889;0.07173098
0.1878;0.074005134
0.1865;0.0809832
0.1833;0.07874394
0.1818;0.0898937
0.1807;0.082049504
0.179;0.10138449
0.1764;0.09004238
0.174;0.097473726
0.1659;0.08356696
0.1602;0.083611
0.1577;0.10586728
0.1524;0.100508
0.1449;0.09453854
0.1425;0.094035625
0.1379;0.09559592
0.1332;0.08511998
0.1305;0.09829898
0.1283;0.08603934
0.1289;0.10831159
0.1291;0.10028445
0.1307;0.11249332
0.1371;0.11009976
0.1428;0.10445008
0.1523;0.11499111
0.16;0.110295296
0.1697;0.10600643
0.1773;0.10345076
0.1824;0.10987513
0.1868;0.10975304
0.1922;0.121591955
0.1947;0.110290766
0.197;0.10940141
0.1971;0.11835017
0.1979;0.11658502
0.1964;0.12151581
0.1928;0.110831395
0.1902;0.12468733
0.1862;0.11121379
0.181;0.09872096
0.1746;0.116476476
0.1711;0.11951528
0.167;0.112950794
0.1657;0.116198525
0.1658;0.1233255
0.1649;0.11238414
0.1652;0.12119329
0.1689;0.10579983
0.1673;0.11588743
0.1684;0.10243074
0.1668;0.10162841
0.1679;0.08514455
0.1685;0.10646039
0.1706;0.09060249
0.1706;0.10000747
0.1718;0.08065672
0.1742;0.094072044
0.1735;0.09642519
0.1775;0.0853581
0.1818;0.0778922
0.1883;0.07296265
0.1924;0.08836146
0.1978;0.08860412
0.2002;0.08060385
0.2015;0.08260311
0.201;0.08678213
0.1994;0.09363616
0.1961;0.081759244
0.1922;0.06793609
0.1864;0.09283768
0.1817;0.07183307
0.178;0.06948326
0.1727;0.059145097
0.1815;0.07578283
0.1857;0.07112798
0.1923;0.07672992
0.2026;0.04022239
0.2098;0.043940384
0.2165;0.061102316
0.2221;0.04291641
0.2255;0.030177917
0.2252;0.021316811
0.2226;0.039745517
0.2154;0.024611667
0.2104;0.02816519
0.2018;0.024856094
0.1923;0.019233137
0.1819;0.039754808
0.1716;0.033488035
0.1611;0.008566633
0.1516;0.028647646
0.1455;0.01118211
0.1424;0.010962526
0.1411;0.002201816
0.1391;-0.0031115534
0.1371;0.016679153
0.1343;0.015203406
0.1325;0.0057579847
0.1327;-0.00017577456
0.1291;-0.0035924807
0.1238;-0.014871119
0.1189;-0.016054694
0.1115;-0.0089181
0.1072;-0.026551701
0.1032;-0.010508854
0.0987;0.0011805231
0.0944;-0.015474101
0.091;-0.0006692284
0.0857;-0.013311639
0.0793;-0.013564281
0.0726;-0.0042578224
0.0668;-0.00614887
0.0592;-0.011069625
0.052;-0.020207454
0.0455;-0.03948076
0.0376;-0.025913697
0.0314;-0.020746592
0.0262;-0.030316666
0.0215;-0.022767851
0.0183;-0.017902773
0.0161;-0.034019604
0.0155;-0.018713063
0.0101;-0.018542554
0.0093;-0.01996202
0.0075;-0.02621865
0.0033;-0.044399664
-0.0007;-0.0325977
-0.0046;-0.042430833
-0.0095;-0.04679478
-0.0114;-0.047384463
-0.0154;-0.056517273
-0.0176;-0.035847064
-0.0246;-0.06040038
-0.0271;-0.0627643
-0.0304;-0.060820125
-0.0327;-0.043115355
-0.0355;-0.046850454
-0.0407;-0.036522318
-0.0448;-0.056137152
-0.0492;-0.052721225
-0.0535;-0.061721776
-0.0566;-0.051940527
-0.0595;-0.064672016
-0.0617;-0.06580587
-0.0624;-0.06917777
-0.0619;-0.05713821
-0.0594;-0.06607018
-0.0582;-0.07212427
-0.0563;-0.05831159
-0.0547;-0.06383744
-0.0534;-0.0548051
-0.0522;-0.062620625
-0.0511;-0.050719112
-0.0509;-0.0548733
-0.0503;-0.045481842
-0.0501;-0.032458235
-0.049;-0.034147225
-0.0481;-0.04622333
-0.0476;-0.030772083
-0.0449;-0.059627756
-0.0432;-0.042769033
-0.0416;-0.06053866
-0.0458;-0.06574784
-0.047;-0.054966237
-0.0476;-0.057969637
-0.05;-0.044546593
-0.0526;-0.04703327
-0.0554;-0.06126701
-0.0586;-0.06552121
-0.0589;-0.066579215
-0.0588;-0.0689788
-0.0572;-0.055675305
-0.0564;-0.061481368
-0.0528;-0.04714629
-0.0485;-0.046315238
-0.0434;-0.052651547
-0.038;-0.04694649
-0.0325;-0.057397414
-0.0268;-0.036329217
-0.0225;-0.054105528
-0.0186;-0.058943134
-0.0153;-0.060504083
-0.0175;-0.039901502
-0.0198;-0.03701663
-0.0219;-0.058567636
-0.0257;-0.059540555
-0.0297;-0.05483985
-0.0331;-0.048367005
-0.0376;-0.05837904
-0.0429;-0.07138084
-0.048;-0.042623848
-0.0508;-0.046547182
-0.0579;-0.060670048
-0.0633;-0.042429954
-0.0676;-0.045560814
-0.0718;-0.03295136
-0.0781;-0.037199423
-0.0807;-0.03599277
-0.0814;-0.041603655
-0.0823;-0.035738103
-0.0811;-0.030186698
-0.0782;-0.03847453
-0.0759;-0.04775149
-0.0726;-0.043994777
-0.0695;-0.026558232
-0.0664;-0.020406177
-0.0642;-0.025481153
-0.0621;-0.057437576
-0.0605;-0.027382651
-0.0592;-0.038571447
-0.0589;-0.04505326
-0.0578;-0.03215224
-0.0557;-0.027973363
-0.0521;-0.024457779
-0.0509;-0.029500168
-0.0478;-0.015504399
-0.0444;-0.026817042
-0.0394;-0.019267596
-0.0352;-0.016193066
-0.0302;-0.02093973
-0.0255;-0.01216917
-0.0209;-0.01682821
-0.0146;-0.014042146
-0.012;-0.011127239
-0.011;-0.026362423
-0.0067;-0.04055865
-0.0046;-0.006998078
-0.0027;-0.006764276
-0.0017;-0.035699174
-0.001;-0.0119778495
-0.0013;-0.022020042
-0.0019;-0.016057516
-0.0016;-0.0051687714
-0.0022;-0.006582564
-0.0023;0.0008892432
-0.0003;-0.006416891
-0.0017;-0.0035922537
-0.0016;-0.010474997
-0.0013;-0.007677829
-0.0027;-0.020661106
-0.001;-0.007412676
0.0032;-0.0053062057
0.0094;-0.0045372276
0.0173;-0.0032996363
0.0252;0.0082746465
0.0322;-0.005678131
0.0414;0.0029608258
0.0507;-0.002331498
0.0597;0.00458966
0.069;0.0030141538
0.0777;0.0050334474
0.0848;0.021346455
0.0916;-0.0030147731
0.0973;0.0009156581
0.1029;0.02747712
0.1048;0.012698997
0.1049;0.011035158
0.1056;0.0069171046
0.1039;0.008683818
0.1001;0.02848621
0.0972;0.0034580175
0.0925;0.0069001643
0.0879;0.023396246
0.0826;0.007946712
0.0777;0.017094739
0.0722;0.021444881
0.0653;0.034947414
0.0595;0.014307151
0.06;0.013169294
0.0603;0.011013116
0.0619;0.022828082
0.0642;0.007811453
0.0657;0.01123973
0.0689;0.019811748
0.0709;0.024831243
0.0747;0.0126678925
0.0749;0.0266819
0.073;0.0085766595
0.0743;0.014321606
0.0751;0.046562485
0.0764;0.028327145
0.078;-0.0014172276
0.082;0.016128277
0.0862;0.0065232925
0.0916;0.008837476
0.097;0.022025796
0.1046;0.030514587
0.1092;0.029446002
0.1146;0.022719722
0.1186;0.015268076
0.1213;0.019442882
0.1222;0.0214594
0.1221;0.019523114
0.1195;0.020589791
0.1157;0.014122425
0.111;0.017158726
0.107;0.01377405
0.1033;-0.0045855
0.1002;0.021151658
0.096;0.019646224
0.0926;0.0012309109
0.0849;0.02826026
0.0797;0.0141519625
0.0743;0.0076772654
0.0695;0.021009909
0.0656;0.03180562
0.0624;0.01976715
0.0597;0.02420577
0.0597;0.0338483
0.0638;0.038056076
0.0665;0.021008195
0.0717;0.04599151
0.0741;0.034441575
0.0764;0.04090929
0.0778;0.0390575
0.0778;0.03677421
0.0775;0.031207193
0.0769;0.04890386
0.0739;0.027814452
0.0717;0.031046756
0.0667;0.045104116
0.0573;0.036447447
0.051;0.05798332
0.0456;0.041405693
0.0397;0.04219354
0.0335;0.034226842
0.0291;0.04996217
0.0256;0.03292342
0.0253;0.032147594
0.0235;0.035551183
0.0272;0.028573062
0.024;0.034938052
0.0231;0.05073548
0.0233;0.059834197
0.0227;0.043460317
0.0215;0.049637333
0.0239;0.050183024
0.0274;0.052007236
0.0251;0.058655646
0.024;0.067323156
0.0226;0.04508615
0.0247;0.048129763
0.0264;0.03754568
0.0308;0.042942673
0.0371;0.03613185
0.0418;0.039642636
0.0496;0.04393008
0.0576;0.038230292
0.0672;0.046222758
0.0769;0.06094267
0.0807;0.05964555
0.0835;0.07095159
0.0872;0.066886276
0.0889;0.05038635
0.0887;0.06688943
0.0845;0.060693353
0.0791;0.078725144
0.0804;0.08091011
0.0819;0.068486765
0.0856;0.06491575
0.0932;0.07458328
0.1002;0.08099276
0.1099;0.06205969
0.1191;0.078879714
0.1326;0.07001238
0.1483;0.07128909
0.1604;0.07332186
0.1727;0.08007585
0.1848;0.07796846
0.1912;0.0892784
0.1984;0.081353456
0.1956;0.10054941
0.1898;0.08954312
0.1823;0.097220644
0.1762;0.08239434
0.168;0.082740456
0.1622;0.10574814
0.1589;0.10023442
0.1558;0.093439795
0.154;0.093223214
0.1528;0.09506811
0.1555;0.08384708
0.1564;0.097282514
0.1615;0.085244805
0.1656;0.10816993
0.1676;0.09912353
0.1696;0.11187501
0.1714;0.10958347
0.1741;0.10387971
0.1756;0.114158906
0.1764;0.10996383
0.1759;0.105599366
0.176;0.102381706
0.1792;0.10887084
0.1785;0.108816214
0.1783;0.12067336
0.1776;0.10968517
0.1748;0.10881258
0.1735;0.11753528
0.1727;0.11562038
0.1707;0.121248744
0.1684;0.11036162
0.1656;0.12385842
0.1637;0.110578544
0.1624;0.097861245
0.1581;0.11557006
0.1566;0.11896005
0.1556;0.112318
0.155;0.1153971
0.1566;0.12237838
0.1566;0.11157122
0.1582;0.120857246
0.1599;0.10491681
0.1625;0.11509573
0.1614;0.1017659
0.1586;0.10126792
0.1565;0.08423653
0.1538;0.10598041
0.1527;0.08907234
0.1507;0.099363945
0.1438;0.08055276
0.1408;0.09329845
0.1385;0.09555434
0.1365;0.08446299
0.1323;0.07661752
0.1289;0.071812764
0.1267;0.08801861
0.1236;0.08801429
0.1183;0.080221206
0.1141;0.081926696
0.1089;0.08599234
0.1055;0.0935189
0.1007;0.0812047
0.0998;0.06752747
0.0989;0.0920786
0.0981;0.07159278
0.0988;0.0687566
0.1008;0.058146
0.1016;0.07545512
0.1012;0.070907116
0.1033;0.07619754
0.1068;0.039563663
0.1069;0.044230204
0.1076;0.06092956
0.1084;0.04329211
0.108;0.030043855
0.1077;0.020833343
0.107;0.039834015
0.1065;0.024253093
0.1041;0.027959352
0.0995;0.025008356
0.0948;0.019155055
0.0897;0.039840095
0.083;0.033888664
0.0769;0.008173171
0.0715;0.028516823
0.0657;0.011163057
0.0597;0.010804018
0.0602;0.0022410706
0.0623;-0.0029140934
0.0692;0.017345335
0.0765;0.015823022
0.0851;0.006313598
0.0941;8.911826e-06
0.1044;-0.003571268
0.1118;-0.014903427
0.1197;-0.016109183
0.1277;-0.009118441
0.1354;-0.026402457
0.1434;-0.010307591
0.1438;0.0015050257
0.142;-0.015710177
0.1377;-0.0007576817
0.1315;-0.013312828
0.1252;-0.013677724
0.1185;-0.004412256
0.1111;-0.0062308596
0.1041;-0.010813698
0.0982;-0.02045742
0.0944;-0.03905352
0.0911;-0.025952794
0.0883;-0.020643556
0.0845;-0.030296925
0.0853;-0.023194076
0.084;-0.017926332
0.0824;-0.034108702
0.0799;-0.018726064
