actual;predicted
0.0193;0.017150331
0.0188;0.014079786
0.0193;0.019835481
0.0191;0.020170009
0.0199;0.0227331
0.0224;0.015857048
0.0283;0.019443518
0.0266;0.0148192905
0.025;0.007717558
0.0272;0.020333115
0.0298;0.010885657
0.0232;0.014310016
0.0251;0.014120747
0.0273;0.0153533025
0.028;0.016213186
0.027;0.021097329
0.0285;0.014727557
0.0261;0.012233922
0.0259;0.009157686
0.0263;0.017982556
0.0278;0.018949877
0.027;0.013153326
0.0247;0.008994759
0.0245;0.008590585
0.0235;0.016639534
0.0211;0.0063773524
0.0218;0.017452395
0.0206;0.015219338
0.0227;0.014792863
0.0207;0.00055682065
0.0193;0.007249785
0.0184;0.001926168
0.0196;0.015049863
0.0178;0.009882192
0.0192;0.009282146
0.0189;0.014806843
0.0164;0.00826209
0.0151;0.011334698
0.0131;0.013820432
0.0107;0.0003170136
0.0116;0.015849585
0.009;0.011161299
0.0101;0.0046547554
0.0075;0.017436294
0.0099;0.020832561
0.0097;0.009720436
0.0081;0.022566747
0.0082;0.019376878
0.0085;0.016215688
0.0084;0.008489374
0.0096;0.0079967715
0.0086;0.002472256
0.0092;0.014469712
0.0077;0.020185322
0.0068;0.01022865
0.0052;0.021078954
0.0018;0.0044214875
0.0024;-0.0046110637
0.0018;0.010328449
-0.0008;0.011769517
0.0011;0.019341145
0.0016;0.009106932
0.0008;0.018871207
-0.0036;-0.012113745
-0.0048;-0.007002985
-0.0034;0.008934242
-0.004;0.0078679165
-0.0057;-0.005556337
-0.0046;0.00065859384
-0.0038;-0.005943493
-0.0046;-0.012790426
-0.0032;-0.008965639
-0.005;-0.014780712
-0.003;0.011178791
-0.0044;-0.014029797
-0.0051;0.0014492972
-0.0052;-0.005741931
-0.0064;-0.01990032
-0.0086;-0.0059619704
-0.0043;-0.011373804
-0.0051;-0.0057708416
-0.0068;-0.020056617
-0.0067;-0.0013937869
-0.0068;-0.017051306
-0.0048;-0.020498896
-0.0067;-0.019807553
-0.0083;-0.006895338
-0.0088;-0.018288637
-0.0093;-0.024190674
-0.0089;-0.019484943
-0.0097;-0.022176545
-0.0126;-0.012054023
-0.0135;-0.018479133
-0.015;-0.012391895
-0.0166;-0.020866586
-0.02;-0.01719012
-0.0212;-0.015104778
-0.0214;-0.018560361
-0.0212;-0.012052222
-0.0199;-0.014330322
-0.0212;-0.0146880075
-0.0232;-0.019121516
-0.0205;-0.020291476
-0.0201;-0.008717999
-0.0205;-0.013120205
-0.0215;-0.019212635
-0.0218;-0.019070419
-0.0193;-0.0155414855
-0.0192;-0.0071641407
-0.0176;-0.010903009
-0.0165;-0.01625717
-0.0136;-0.019438505
-0.0125;-0.0033936119
-0.013;-0.014253653
-0.0128;-0.011938467
-0.0126;-0.023568533
-0.0103;-0.022205872
-0.0081;-0.012674508
-0.0072;-0.017719943
-0.007;-0.022119256
-0.0055;-0.017553085
-0.0049;-0.01521819
-0.0043;-0.017578742
-0.0054;-0.021554552
-0.0061;-0.013563743
-0.0057;-0.01578958
-0.005;-0.010964674
-0.0036;-0.016195852
-0.0039;-0.011844128
-0.0043;-0.012363557
-0.0034;-0.009243906
-0.0032;-0.02112403
-0.0031;-0.00941677
-0.0011;-0.012643803
-0.005;-0.012944906
-0.0067;-0.01150791
-0.0054;-0.014220265
-0.0041;-0.00987756
-0.0075;-0.007482275
-0.0077;-0.015811889
-0.0066;-0.016376007
-0.0075;-0.022231765
-0.0068;-0.0028091467
-0.0085;-0.018883053
-0.0073;-0.015948286
-0.0074;-0.005885233
-0.0049;-0.008406278
-0.0038;-0.012390512
-0.0011;-0.009090777
-0.0025;-0.014859806
-0.0043;-0.015402243
-0.0045;-0.01709759
-0.0029;-0.0196372
-0.0034;-0.014131439
-0.0039;-0.018299028
-0.0025;-0.008698346
-0.0022;-0.020929925
-0.0013;-0.007537637
-0.0006;-0.013603968
-0.0012;-0.01550922
-0.0005;-0.012643453
-0.0012;-0.014157207
-0.0017;-0.015151233
-0.003;-0.012101874
-0.0011;-0.0070409495
-0.0012;-0.007928197
-0.0031;-0.013869824
-0.0039;-0.012915609
-0.0068;-0.0064779804
-0.0059;-0.018952327
-0.0041;-0.021389278
-0.0051;-0.012335306
-0.0053;-0.004082132
-0.0066;-0.014323069
-0.0066;-0.017021127
-0.0062;-0.0051419437
-0.0065;-0.019935595
-0.0072;0.0006585177
-0.0071;-0.015017509
-0.0056;0.0132719595
-0.0058;-0.01487644
-0.0036;0.00900991
-0.0031;0.0008091091
0.0003;-0.005896912
0.0001;0.013441241
0.0019;0.0111173205
0.0047;-0.0042881
0.0055;0.009360689
0.0052;0.014528467
0.0067;0.0021054964
0.0081;0.0023055123
0.009;0.017338652
0.0097;0.002624658
0.0115;0.013380468
0.0124;0.01607801
0.0118;0.018593756
0.013;0.018710127
0.0134;0.017630046
0.0133;0.0060279234
0.0158;0.008328843
0.0187;0.013335781
0.0188;0.015229758
0.0202;0.003831414
0.0203;0.017554462
0.0221;0.01490414
0.0195;0.004153434
0.0232;0.010131785
0.023;0.022376582
0.0231;0.020800408
0.0246;0.008780918
0.0243;0.016036943
0.0255;0.018342955
0.0238;0.006316218
0.0229;0.015561775
0.0236;0.017346809
0.0226;0.014958668
0.0226;0.01623352
0.0236;0.021321265
0.0208;0.017012399
0.0194;0.010602929
0.0217;0.01494574
0.0226;0.01595692
0.0219;0.013285767
0.0204;0.015886074
0.0202;0.017738476
0.0169;0.017244194
0.0171;0.017110845
0.0174;0.017906869
0.0172;0.0140223745
0.0154;0.019494524
0.0154;0.021966495
0.0163;0.018112853
0.0172;0.018512059
0.0169;0.01820608
0.0169;0.019748628
0.0155;0.015742583
0.0164;0.022963753
0.0187;0.013509624
0.0174;0.015092675
0.019;0.0072307605
0.0211;0.019152524
0.0209;0.013525505
0.0221;0.019749586
0.0217;0.014521187
0.0229;0.0118944375
0.0245;0.012985336
0.0256;0.017154668
0.0251;0.016944297
0.0271;0.018430833
0.028;0.016956339
0.0262;0.02107048
0.0285;0.015763545
0.0288;0.019104838
0.0319;0.023092391
0.0304;0.014794169
0.0332;0.01676052
0.0344;0.02108339
0.0331;0.016537745
0.0322;0.01623141
0.0332;0.018716471
0.0352;0.020690355
0.0348;0.022823114
0.0349;0.021405928
0.0349;0.014175018
0.0336;0.010962854
0.0328;0.017980747
0.0335;0.019749302
0.0326;0.01944027
0.0312;0.021437356
0.0303;0.02064155
0.0316;0.018313257
0.0305;0.016863015
0.0311;0.011113634
0.0321;0.021721976
0.0345;0.018387817
0.0328;0.022156164
0.0338;0.0155721875
0.0353;0.018085748
0.0365;0.016610108
0.0373;0.022147499
0.0388;0.018597933
0.0396;0.016939772
0.0408;0.017696336
0.0434;0.014873383
0.0441;0.016299188
0.0452;0.015820976
0.0471;0.012988113
0.0482;0.018649135
0.048;0.013889743
0.048;0.023047155
0.0458;0.020962808
0.0485;0.0129119335
0.0493;0.017034288
0.0496;0.018489534
0.0495;0.017621018
0.052;0.010892188
0.0533;0.018420167
0.0521;0.019037163
0.0521;0.01196887
0.0496;0.011386411
0.0492;0.018018715
0.0481;0.016935302
0.0479;0.014549022
0.0454;0.015608609
0.0422;0.01803423
0.0408;0.018166548
0.0397;0.018792521
0.0357;0.017732782
0.0357;0.022655305
0.0326;0.014885234
0.0282;0.014300116
0.0264;0.014625764
0.024;0.022734815
0.0179;0.016306784
0.0162;0.012431273
0.0139;0.020210702
0.011;0.019643709
0.0102;0.023077257
0.0078;0.0076018474
0.0044;0.022767179
0.0015;0.016190456
-0.0006;0.013157158
-0.0013;0.016853966
-0.0038;0.020050578
-0.007;0.009435562
-0.0088;0.014493103
-0.01;0.022053162
-0.0102;0.01686711
-0.0111;0.010179925
-0.0134;0.008209597
-0.0133;0.0072138705
-0.0149;0.02021656
-0.0159;0.0092351
-0.016;0.018673258
-0.0172;0.018488849
-0.0174;0.0017114198
-0.0178;0.013735002
-0.0201;0.011368883
-0.0208;0.017948799
-0.0207;0.009434402
-0.02;0.0039549395
-0.0226;0.021807631
-0.0225;0.018054808
-0.0211;0.006139262
-0.0188;0.018832916
-0.018;0.017718578
-0.0184;0.022890424
-0.0172;0.011334329
-0.0171;0.0076739397
-0.0174;0.01814547
-0.0146;0.012371491
-0.0152;0.016813431
-0.0144;0.014360486
-0.0151;0.015182815
-0.0143;0.013769009
-0.0127;0.018996295
-0.0109;0.009797989
-0.01;0.012343613
-0.0051;0.017991643
-0.0049;0.017869921
-0.003;0.020409951
0.0002;0.021610139
0.0003;0.018369757
0.0015;0.017461153
0.0026;0.013354603
0.0052;0.01711407
0.0073;0.018350968
0.0073;0.019635879
0.0091;0.015580198
0.0114;0.019142909
0.0124;0.019280167
0.0111;0.01580255
0.0109;0.014131676
0.0122;0.00904492
0.0136;0.017818589
0.0158;0.011717128
0.0152;0.015600926
0.0172;0.017219547
0.0174;0.016218655
0.0179;0.018320078
0.0192;0.01548864
0.0179;0.012989994
0.0166;0.014580496
0.0154;0.015525952
0.0151;0.020577952
0.0149;0.017194124
0.0147;0.021361653
0.0172;0.018686987
0.019;0.016098296
0.0194;0.020614006
0.0191;0.014791885
0.0188;0.016835995
0.017;0.020569876
0.0173;0.018526811
0.018;0.011754456
0.0179;0.020790618
0.0168;0.016587613
0.018;0.020883705
0.0192;0.016824858
0.0182;0.01470006
0.0177;0.020331522
0.0164;0.020752056
0.0142;0.016782697
0.0122;0.019732712
0.0113;0.015714467
0.0104;0.008733252
0.0094;0.019436752
0.0114;0.013021296
0.0112;0.017409764
0.0103;0.017243136
0.0083;0.019769643
0.0058;0.019343745
0.0034;0.015265921
0.0049;0.006548538
0.0045;0.018921506
0.003;0.015133154
-0.0009;0.0022326738
-0.0009;0.013775662
-0.0016;0.015702732
-0.0008;0.018753361
-0.0011;0.010810882
-0.0007;0.021214474
-0.0004;0.013118649
-0.0016;0.0013028452
-0.0028;0.0071799057
-0.0022;-0.0050304453
-0.002;0.01365823
0.0011;0.011499434
0.0002;-0.018564694
0.0017;0.01291158
0.0017;-0.010907754
-0.0004;0.0028448214
-0.0014;0.011940892
0.0005;-0.015843675
0.0013;0.003409991
0.0025;-0.001464685
0.0029;0.0047337166
0.0014;-0.014191024
0.0026;-0.016648771
0.003;-0.022895666
0.0045;-0.008079633
0.0021;-0.0091357315
0.0015;-0.0144976005
0.0027;-0.020138755
0.0041;-0.008364832
0.0001;-0.002411615
0.0;-0.007446484
-0.0008;-0.001030912
-0.0012;-0.012132979
-0.0025;-0.00029907894
-0.0036;-0.016587425
-0.0037;-0.014100704
-0.0055;-0.0043263435
-0.0061;-0.005980351
-0.0066;-0.0033808753
-0.0069;-0.018878073
-0.0064;-0.0010645936
-0.0069;-0.018515307
-0.0086;-0.013488289
-0.0076;-0.02368916
-0.0097;-0.018963546
-0.0095;-0.015941128
-0.0088;-0.020371638
-0.0093;-0.012398317
-0.0092;-0.01032374
-0.0076;-0.016817767
-0.0079;-0.01141694
-0.0082;-0.011815364
-0.0082;-0.018039353
-0.0072;-0.018138234
-0.0085;-0.020851556
-0.008;-0.0174134
-0.0092;-0.014152234
-0.0104;-0.019165363
-0.011;-0.020279648
-0.0125;-0.017274078
-0.0115;-0.016831305
-0.0136;-0.013629259
-0.0138;-0.02053557
-0.0136;-0.021613939
-0.012;-0.021102913
-0.0119;-0.01969446
-0.0105;-0.014724536
-0.0148;-0.019467348
-0.0136;-0.018588087
-0.0132;-0.02180413
-0.0112;-0.016295055
-0.0127;-0.02136878
-0.0081;-0.020479904
-0.0074;-0.017966893
-0.0059;-0.016745701
-0.0032;-0.009482161
-0.0017;-0.021668384
-0.0003;-0.017955748
0.0014;-0.01694052
0.0045;-0.017183263
0.007;-0.021604458
0.0082;-0.016240954
0.0107;-0.017741118
0.0124;-0.018024124
0.0148;-0.008468181
0.0201;-0.01989345
0.0228;-0.010297236
0.0263;-0.017007122
0.0305;-0.018487642
0.0313;-0.019417468
0.0338;-0.018730568
0.0365;-0.008189171
0.0387;-0.0033943644
0.0412;-0.015452915
0.0423;-0.024905112
0.0415;-0.0242854
0.0436;0.0076461146
0.0452;-0.018886887
0.0495;0.009720826
0.0548;-0.011771704
0.0544;0.011359587
0.0568;0.013436037
0.0598;0.010344107
0.0594;0.0005249302
0.0626;0.00860887
0.062;0.017455481
0.0627;0.0069219684
0.062;0.015484723
0.0635;0.0056807497
0.0633;0.010146361
0.0621;0.0028408961
0.0622;0.01562551
0.0625;0.016220475
0.0618;0.013763329
0.0644;0.0118783275
0.0647;0.019640073
0.0641;0.010467795
0.0651;0.013320309
0.0656;0.01773494
0.0653;0.020590072
0.066;0.013605003
0.0661;0.018757029
0.0635;0.017019939
0.0639;0.020751683
0.0636;0.013676425
0.0629;0.018728565
0.0637;0.01903924
0.0651;0.008776079
0.0666;0.009923642
0.0653;0.020226393
0.0636;0.019088866
0.0621;0.020296168
0.0619;0.013984066
0.0637;0.009722283
0.0637;0.0136030335
0.0629;0.020199507
0.0649;0.017462242
0.0655;0.019875903
0.0671;0.014182911
0.0675;0.018124245
0.068;0.007665087
0.0705;0.018701382
0.0731;0.01749382
0.0748;0.019861206
0.0781;0.016843652
0.0798;0.019083342
0.0826;0.021517891
0.0855;0.016610095
0.0875;0.023277618
0.093;0.018503465
0.096;0.015787607
0.0987;0.022617616
0.0972;0.020700956
0.1002;0.021675207
0.1075;0.019685436
0.1072;0.016194867
0.1088;0.017305959
0.1095;0.01906582
0.1165;0.018919785
0.1159;0.023026535
0.1184;0.018380089
0.1216;0.020496666
0.1232;0.022039674
0.123;0.022572462
0.126;0.019652879
0.1291;0.02060632
0.1275;0.018690687
0.1257;0.016638318
0.1279;0.021418711
0.1318;0.01950393
0.1299;0.020744778
0.1299;0.02026378
0.1283;0.020919183
0.1283;0.016512292
0.1285;0.021649553
0.1202;0.019395106
0.1197;0.0202736
0.1192;0.020270858
0.1199;0.021137048
0.1213;0.018841485
0.123;0.0197107
0.124;0.018051416
0.1239;0.02283254
0.1255;0.018923875
0.1281;0.018117765
0.1306;0.024193302
0.1323;0.019118015
0.1316;0.01973679
0.1329;0.020073647
0.1346;0.01998699
0.1358;0.020899046
0.1343;0.020435404
0.135;0.020350343
0.1378;0.01846348
0.1393;0.020168053
0.1414;0.017998012
0.1423;0.017050393
0.1438;0.02176778
0.1463;0.021200662
0.1473;0.024014223
0.1485;0.023247171
0.1526;0.021198474
0.1553;0.019882388
0.1576;0.022119304
0.1581;0.019031277
0.16;0.023619212
0.1625;0.020904161
0.1626;0.02044124
0.1632;0.023407515
0.1632;0.023136027
0.1619;0.017271228
0.1619;0.019646013
0.1634;0.018182633
0.1653;0.019644296
0.1685;0.022009691
0.1713;0.020747254
0.1707;0.021477427
0.1728;0.019856483
0.1733;0.021676013
0.1733;0.01919239
0.1744;0.020381348
0.1746;0.018056337
0.1742;0.018334288
0.1745;0.020628063
0.174;0.021524591
0.1747;0.021336518
0.1756;0.021703076
0.1756;0.018028922
0.1777;0.018250719
0.1788;0.021343049
0.178;0.021298211
0.1784;0.022710148
0.1789;0.02183239
0.1783;0.021006137
0.1808;0.023583379
0.1785;0.020457039
0.1759;0.020211902
0.1751;0.02176919
0.1749;0.02037473
0.173;0.022843273
0.1711;0.022075908
0.1687;0.023233756
0.1707;0.018736564
0.1739;0.020597981
0.1723;0.019429151
0.1759;0.019158797
0.1745;0.02149961
0.1704;0.01927222
0.1704;0.020221008
0.1678;0.02008025
0.1666;0.018388227
0.1672;0.019307498
0.1676;0.019308433
0.1668;0.023083808
0.1699;0.022294767
0.1716;0.019914495
0.1728;0.020486945
0.1742;0.021859407
0.1747;0.022074474
0.1743;0.02247076
0.1722;0.021835761
0.1719;0.023195183
0.1748;0.023001598
0.1746;0.021549989
0.174;0.020475123
0.1732;0.0204271
0.1733;0.019063078
0.1727;0.019803375
0.1707;0.02060033
0.1717;0.020894708
0.1705;0.022058668
0.1667;0.02110471
0.1659;0.021059277
0.1651;0.020933762
0.1635;0.018232869
0.1619;0.021304252
0.1615;0.019334031
0.1615;0.020111712
0.1606;0.022264542
0.1592;0.020928577
0.154;0.014247867
0.1541;0.020087508
0.1528;0.017361052
0.1529;0.017363522
0.1533;0.017175129
0.1538;0.021448985
0.1552;0.021367766
0.1563;0.020044021
0.1545;0.024463756
0.1564;0.017337872
0.1542;0.019526897
0.1567;0.021921352
0.1614;0.019068941
0.1636;0.02112685
0.1631;0.021381984
0.164;0.015833417
0.1675;0.018989407
0.1696;0.0185492
0.1694;0.022445928
0.1686;0.022916643
0.1688;0.022606941
0.1708;0.017039582
0.1732;0.021616612
0.1748;0.01913803
0.1754;0.01957008
0.1748;0.020089272
0.1762;0.017684724
0.1769;0.021145962
0.1758;0.021068385
0.1746;0.02254866
0.1722;0.021269703
0.1705;0.020022515
0.1675;0.018208798
0.1671;0.022664111
0.1652;0.013765039
0.1647;0.019778451
0.1634;0.02106372
0.1626;0.015592167
0.1605;0.022016363
0.1587;0.016711745
0.156;0.01907291
0.153;0.021062778
0.1512;0.017890973
0.1487;0.022512155
0.1454;0.015749902
0.1429;0.018240474
0.1408;0.0198517
0.1363;0.021415878
0.1357;0.018570239
0.132;0.021028722
0.128;0.018716397
0.125;0.017126825
0.1222;0.021960251
0.1197;0.020781755
0.1172;0.015182415
0.1156;0.013426725
0.1129;0.02088978
0.1128;0.021717682
0.1091;0.022038516
0.108;0.019134171
0.1047;0.020264557
0.1036;0.020376386
0.1016;0.019668292
0.0983;0.014937725
0.0947;0.019999932
0.0948;0.015712224
0.0906;0.018192645
0.0894;0.013740289
0.0891;0.020163173
0.0868;0.019923978
0.0844;0.015473863
0.0826;0.019297501
0.0795;0.016683953
0.0784;0.017916666
0.077;0.00977513
0.0755;0.019978628
0.0733;0.015391347
0.0727;0.015035275
0.0704;0.0149483625
0.0684;0.013995207
0.0664;0.012103594
0.0649;0.010369242
0.0607;0.0069213063
0.0581;0.017784895
0.056;0.0076949606
0.0535;0.016654842
0.0525;0.014676192
0.0526;0.0061056525
0.0516;0.0039935526
0.0495;0.010506913
0.0488;0.015496619
0.0472;0.0012838535
0.045;0.014443491
0.0443;0.011447086
0.0439;0.012751448
0.0423;0.010351312
0.043;0.015120575
0.0436;0.015059854
0.0435;0.0151334405
0.0428;-0.00062014174
0.0431;0.016444463
0.0431;0.01959745
0.0459;0.001027267
0.0461;0.01123928
0.0473;0.0009842428
0.0488;0.021158576
0.0476;0.01338338
0.0484;0.017704021
0.0487;-0.00068754796
0.0485;0.022979014
0.0492;-0.00021567423
0.0487;0.011070217
0.0503;0.008927163
0.052;0.018496504
0.0523;0.010538725
0.0532;0.023426397
0.0522;0.017907852
0.048;0.01874612
0.0471;0.0037624855
0.0448;0.012472897
0.0476;0.018398607
0.0485;0.014795865
0.0446;0.015652662
0.043;0.019645186
0.0396;0.017206678
0.0368;-0.019398402
0.0315;0.005945483
0.0311;-0.016760403
0.03;0.004726071
0.032;-0.017130882
0.0315;-0.0012699841
0.0282;-0.018113432
0.025;-0.021664325
0.0228;-0.0016953386
0.0199;-0.014570287
0.0185;-0.017476005
0.0142;-0.018484835
0.0119;-0.01059472
0.0088;-0.012123071
0.0063;-0.019468667
0.0064;-0.016704708
0.0042;-0.016184162
0.0005;-0.018734448
-0.0003;-0.018957445
0.0007;-0.013725508
0.0012;-0.008518305
-0.0025;-0.0064083813
-0.0017;-0.015204739
-0.0028;-0.021469053
-0.0027;-0.016588898
-0.0029;-0.018487819
-0.0026;-0.017580703
-0.0053;-0.01601772
-0.0037;-0.016584944
-0.0025;-0.008414194
0.0006;-0.022688631
0.0009;-0.020279152
0.0042;-0.017094346
0.0061;-0.016799092
0.0095;-0.010368939
0.0101;-0.022793712
0.0109;-0.013350657
0.0132;-0.009216215
0.0154;-0.019312127
0.0163;-0.014963715
0.0168;-0.017917234
0.0178;-0.012577589
0.0203;-0.02367478
0.0215;-0.005689999
0.0247;-0.012409053
0.0254;-0.019410592
0.0279;-0.017929995
0.0313;-0.00094470236
0.0325;0.002583287
0.0345;-0.0029820632
0.0353;0.008110234
0.0337;-0.010108234
0.0327;0.012409367
0.033;0.007611025
0.0342;0.009589337
0.0347;0.01456451
0.0363;-0.01287669
0.0381;0.0016403028
0.0371;0.011774742
0.0379;0.00075669197
0.0392;0.013808686
0.0381;0.005341792
0.0368;0.0003553198
0.0359;-0.001577687
0.0344;0.0031246997
0.0347;0.004381982
0.0331;0.0054053636
0.033;0.015581117
0.0327;0.009208407
0.0348;0.0050075157
0.0343;-0.00038592593
0.0331;-0.0014530551
0.0328;0.016625218
0.0331;0.0059483377
0.0319;0.017838463
0.0293;0.011688134
0.031;0.017386893
0.0309;0.01265501
0.0322;0.014267375
0.0335;0.011296203
0.0346;-0.00012570457
0.0349;0.013411626
0.039;-0.0052737314
0.0419;6.588688e-05
0.0451;0.020498574
0.0466;-0.0011553708
0.0482;0.020335
0.0469;0.023324039
0.0488;0.0014638334
0.0494;0.004577265
0.0504;0.01633004
0.0525;0.019095108
0.054;0.017760234
0.0574;0.022058118
0.059;0.022004325
0.0612;0.010334519
0.0642;0.023145534
0.067;0.009204173
0.0694;0.012594199
0.0699;0.018010028
0.0723;0.016731119
0.0716;0.01805616
0.0724;0.02111614
0.0736;0.015171238
0.077;0.020460906
0.0794;0.011936114
0.0788;0.02028726
0.0787;0.007850938
0.0783;0.01544693
0.0784;0.013320087
0.0786;0.019230435
0.0791;0.014054026
0.0781;0.014867436
0.0815;0.018130828
0.0805;0.02123237
0.08;0.015425033
0.0805;0.02094937
0.0808;0.014257749
0.0788;0.021981893
0.0785;0.011979556
0.0781;0.019703468
0.0776;0.019296672
0.0763;0.010276897
0.0787;0.013156055
0.0776;0.01955915
0.076;0.018106967
0.0742;0.010532239
0.0741;0.021342542
0.0731;0.013726618
0.0745;0.013980342
0.0725;0.016470062
0.072;0.01989745
0.0721;0.019525386
0.0701;0.018541798
0.0697;0.013567769
0.0667;0.017416865
0.0671;0.01251181
0.0667;0.019597173
0.0689;0.020027887
0.0693;0.010065253
0.0701;0.020676281
0.0696;0.015963353
0.0695;0.009083207
0.074;0.019088209
0.0739;0.019761873
0.0744;0.020066237
0.0748;0.016470091
0.0765;0.012105465
0.077;0.016381003
0.076;0.014274106
0.0762;0.016888143
0.0761;0.022522395
0.073;0.019765258
0.0746;0.013815977
0.0748;0.018912854
0.0756;0.019335473
0.077;0.014122086
0.0765;0.02061189
0.0772;0.021242104
0.0762;0.024676254
0.0759;0.01720272
0.0748;0.018581169
0.0751;0.019772332
0.0765;0.018255204
0.0791;0.023178177
0.0804;0.022221478
0.0793;0.018872032
0.0772;0.01696866
0.0776;0.021028081
0.0765;0.019956531
0.0732;0.020911314
0.0726;0.016316708
0.0735;0.021023037
0.0692;0.021569291
0.0658;0.01906749
0.0642;0.02076309
0.0623;0.020654537
0.0608;0.01977477
0.0607;0.024500377
0.058;0.019019755
0.0575;0.014561942
0.0547;0.021554096
0.0531;0.017682044
0.0516;0.021326033
0.052;0.018124769
0.0511;0.018213084
0.0494;0.02021375
0.0469;0.016474964
0.0461;0.020716144
0.0438;0.023082213
0.0398;0.017971577
0.0399;0.015432863
0.039;0.012918779
0.037;0.013432735
0.0373;0.024032801
0.0345;0.022417624
0.0337;0.01902507
0.0339;0.012272354
0.0331;0.020272564
0.0328;0.017312316
0.0326;0.020084998
0.0333;0.016643452
0.0323;0.02214013
0.0308;0.014447925
0.0314;0.014119289
0.0305;0.009176655
0.0306;0.01653878
0.0309;0.017765015
0.0312;0.018476088
0.0299;0.019645203
0.0297;0.022135252
0.03;0.012679825
0.0289;0.018563246
0.0286;0.018898083
0.0276;0.016499247
0.0256;0.021595953
0.0245;0.019266576
0.0239;0.02039382
0.0234;0.01866752
0.0209;0.019041529
0.0197;0.016056532
0.018;0.0210035
0.0181;0.013833702
0.0168;0.021326382
0.0149;0.017399503
0.0119;0.02027506
0.0112;0.024608528
0.011;0.019654773
0.011;0.018915182
0.0107;0.0129283145
0.0108;0.023127051
0.0106;0.013205098
0.0066;0.019516595
0.0051;0.022229603
0.0036;0.015066605
0.0006;0.014368095
-0.0003;0.018720627
0.0016;0.013096914
-0.003;0.018440219
-0.0044;0.020707682
-0.0055;0.016263304
-0.0066;0.015885377
-0.0098;0.019240895
-0.0132;0.021292826
-0.0124;0.00821942
-0.0139;0.019912126
-0.0136;0.016987998
-0.0132;0.017875263
-0.0135;0.018323904
-0.0143;0.01843585
-0.0173;0.0038158689
-0.0172;0.017113218
-0.017;0.015645552
-0.0173;0.012618973
-0.0173;0.016774187
-0.017;0.014927832
-0.0166;0.018657058
-0.014;0.016739951
-0.01;0.021293918
-0.0086;0.008321388
-0.0052;0.015812691
-0.0021;0.019528978
-0.0021;0.015152351
-0.0003;0.019994821
0.0011;0.022568638
0.0022;0.013191267
0.0043;0.0150028225
0.0054;0.021870948
0.0063;0.016681392
0.0069;0.021173239
0.0094;0.016471952
0.0102;0.023469687
0.0078;0.015780155
0.0094;0.019114073
0.0056;0.017401222
0.0034;0.013926812
0.0032;0.020617852
0.002;0.020161249
-0.0028;0.022299513
-0.0053;0.015204136
-0.0078;0.019331891
-0.0094;0.014875197
-0.0107;0.007264405
-0.011;0.020397305
-0.0137;0.011562375
-0.0165;0.014322973
-0.0178;0.013045169
-0.0191;0.015728338
-0.0199;0.01628336
-0.0187;0.021511998
-0.0193;0.014815774
-0.0209;0.012335646
-0.0208;0.009146837
-0.0218;0.017554827
-0.0209;0.01886011
-0.0223;0.013127653
-0.0235;0.00976112
-0.0231;0.008959697
-0.0243;0.016516473
-0.0243;0.00618714
-0.0258;0.017733134
-0.0257;0.01462289
-0.0249;0.015097085
-0.0232;0.00022501592
-0.0212;0.007036108
-0.0183;0.0013971354
-0.0192;0.014784821
-0.0192;0.010234685
-0.015;0.00944581
-0.015;0.0144697325
-0.0153;0.0075846505
-0.0127;0.011272004
-0.01;0.014470088
-0.0107;0.0009940316
-0.0104;0.016293347
-0.0102;0.0112812035
-0.0093;0.0046670926
-0.0097;0.016539898
-0.0111;0.020459842
-0.0103;0.009836296
-0.0088;0.02284665
-0.0112;0.019783331
-0.0108;0.016280642
-0.0118;0.008933665
-0.0123;0.0074857874
-0.0131;0.0024757262
-0.0136;0.014350951
-0.0138;0.019776955
-0.0176;0.009467445
-0.017;0.021109806
-0.0162;0.0051111802
-0.0154;-0.004385667
-0.0157;0.011657425
-0.0164;0.012298445
-0.0162;0.019707717
-0.0165;0.00930784
-0.0163;0.018294873
-0.017;-0.011125893
-0.0179;-0.0072390116
-0.0197;0.009196468
-0.0221;0.008239899
-0.0217;-0.004914856
-0.0224;0.00012679596
-0.0224;-0.0059748925
-0.0238;-0.012432683
-0.0254;-0.008386297
-0.0278;-0.015638975
-0.0286;0.010882743
-0.0319;-0.0143648805
-0.0336;0.0022306477
-0.0344;-0.0065004453
-0.036;-0.020005798
-0.0364;-0.00570863
-0.0397;-0.01188808
-0.0419;-0.005801471
-0.0422;-0.019832684
-0.0447;-0.0016543285
-0.0448;-0.016945677
-0.0457;-0.020685732
-0.0488;-0.020005703
-0.0466;-0.006105896
-0.05;-0.017749643
-0.0486;-0.023300577
-0.049;-0.018819014
-0.0473;-0.022620594
-0.0469;-0.011861403
-0.0456;-0.01778783
-0.0459;-0.012744326
-0.0442;-0.020905053
-0.0435;-0.017772285
-0.0434;-0.015459504
-0.0434;-0.018072365
-0.042;-0.011872178
-0.0404;-0.014475355
-0.0398;-0.014833676
-0.035;-0.01902151
-0.0337;-0.020332586
-0.0311;-0.007893554
-0.034;-0.014044335
-0.0326;-0.01815687
-0.0338;-0.018764054
-0.0337;-0.015779661
-0.0317;-0.0064778035
-0.0302;-0.011143052
-0.0297;-0.015745258
-0.0323;-0.01939154
-0.0353;-0.0035506065
-0.0349;-0.014529739
-0.0349;-0.012760599
-0.0312;-0.023055304
-0.0321;-0.022080535
-0.0347;-0.012959517
-0.0351;-0.01774326
-0.0355;-0.021962017
-0.0354;-0.017610032
-0.0352;-0.014417006
-0.0363;-0.01779445
-0.0342;-0.021107003
-0.0356;-0.012825008
-0.0352;-0.015899826
-0.0358;-0.0120463045
-0.0355;-0.015652051
-0.035;-0.012219314
-0.034;-0.012804721
-0.0338;-0.009467587
-0.0373;-0.02067714
-0.0381;-0.008758715
-0.0374;-0.012387286
-0.0378;-0.012966171
-0.0344;-0.011973952
-0.0342;-0.013807132
-0.0337;-0.010440237
-0.0322;-0.0070393966
-0.0336;-0.016550675
-0.0333;-0.016935293
-0.034;-0.02181343
-0.0356;-0.0020814706
-0.0346;-0.019093191
-0.0331;-0.015496113
-0.0355;-0.0062355953
-0.0367;-0.009492509
-0.0365;-0.012132708
-0.0365;-0.009317331
-0.0369;-0.014169843
-0.0367;-0.015327793
-0.0328;-0.017102106
-0.0334;-0.018741535
-0.0327;-0.013703539
-0.031;-0.01830391
-0.0303;-0.008623233
-0.0306;-0.02090639
-0.0288;-0.0074416175
-0.0287;-0.013981619
-0.0287;-0.016005225
-0.0271;-0.013215562
-0.0274;-0.014025233
-0.026;-0.014937677
-0.0225;-0.011917604
-0.0221;-0.0064463927
-0.0196;-0.0072780643
-0.02;-0.013520449
-0.0158;-0.012570412
-0.0128;-0.00692073
-0.0118;-0.018700074
-0.0082;-0.021419384
-0.0041;-0.012334937
-0.0015;-0.0033049574
0.0024;-0.013658678
0.0008;-0.016727764
0.0014;-0.005318851
0.0063;-0.0188417
0.0082;0.00026617863
0.0104;-0.015009791
0.0135;0.013096681
0.0127;-0.014582669
0.014;0.009261446
0.015;0.002113532
0.017;-0.005252039
0.0188;0.0132175805
0.0215;0.011034857
0.0249;-0.004116201
0.0279;0.009061798
0.027;0.014446915
0.0285;0.0016195653
0.0284;0.0026594321
0.0287;0.018068768
0.0276;0.0019346401
0.028;0.013290305
0.0239;0.01673607
0.0226;0.018455354
0.0228;0.019252561
0.0204;0.018145278
0.0174;0.00619268
0.0144;0.008184783
0.0126;0.01357306
0.0103;0.0156564
0.009;0.003631129
0.0083;0.01690659
0.0059;0.014893143
0.004;0.004847135
0.0029;0.010091781
0.0033;0.02156225
0.0016;0.020483768
0.0014;0.008606045
-0.0009;0.016333988
-0.0011;0.018800441
-0.0022;0.0061254106
-0.0009;0.015278128
0.0011;0.018033978
0.0029;0.013917466
0.004;0.016162293
0.0043;0.021061098
0.0053;0.016508043
0.0059;0.010726132
0.0062;0.014941398
0.0071;0.016105931
0.0061;0.0134868575
0.0091;0.015415886
0.0126;0.018134467
0.0112;0.017316453
0.0135;0.017160034
0.0144;0.0180595
0.0154;0.012928911
0.016;0.020367937
0.016;0.021279966
0.0168;0.019078571
0.0171;0.018866118
0.0173;0.017267002
0.0159;0.019124266
0.0149;0.0155811515
0.0167;0.022505796
0.0163;0.013685569
0.0156;0.014699782
0.014;0.0073838932
0.0128;0.019407693
0.0132;0.013990689
0.0125;0.020355815
0.0124;0.0143904695
0.01;0.01258835
0.0089;0.01288077
0.0099;0.016286768
0.0073;0.017321954
0.0048;0.018272629
0.0049;0.016310984
0.0033;0.020121064
0.0026;0.015417603
0.0007;0.018693296
-0.0001;0.022495594
-0.0007;0.015054686
-0.0005;0.017101021
0.0011;0.02145785
0.0009;0.017389515
0.0019;0.016413633
0.0033;0.018846018
0.0032;0.020511338
0.0024;0.023067039
0.0049;0.022088155
0.0054;0.014279773
0.006;0.010980183
0.0071;0.01841695
0.0079;0.019394796
0.0081;0.019896915
0.0095;0.02135886
0.0114;0.020740002
0.0141;0.018413091
0.0156;0.017433798
0.0162;0.010531757
0.016;0.021791296
0.0154;0.018701743
0.015;0.021528885
0.0152;0.015621217
0.0161;0.017776214
0.0175;0.016522525
0.0192;0.022354119
0.0212;0.019223347
0.0209;0.01659737
0.0214;0.017232548
0.0193;0.015387342
0.0185;0.016335137
0.0211;0.015980871
0.0202;0.013082923
0.02;0.019149974
0.0203;0.014666729
0.0194;0.022982394
0.0188;0.021192966
0.0169;0.012871783
0.0157;0.016793031
0.0144;0.018759912
0.0137;0.017788686
0.0131;0.011241296
0.0114;0.01776003
0.0104;0.019042242
0.006;0.012028906
0.0052;0.011392562
0.0065;0.0184207
0.0062;0.01711384
0.0079;0.0145514
0.0085;0.01644333
0.0078;0.017673936
0.0068;0.018972363
0.0057;0.018473197
0.0049;0.01760937
0.0042;0.022498032
0.0055;0.015156745
0.005;0.013447705
0.0056;0.0155179035
0.0049;0.022633681
0.0065;0.016481513
0.0057;0.012434304
0.0063;0.020579036
0.0082;0.019549854
0.0108;0.023000974
0.0113;0.00769234
0.0118;0.022838239
0.0113;0.015611028
0.0128;0.012653824
0.0145;0.016796043
0.0169;0.020090995
0.0182;0.00996583
0.0185;0.014609778
0.017;0.022007495
0.0181;0.016328719
0.0181;0.009408216
0.0215;0.008563658
0.0203;0.0069898264
0.0203;0.020421972
0.0205;0.00986876
0.019;0.018810851
0.0179;0.018779568
0.0182;0.0014332711
0.0193;0.014070255
0.0199;0.012105526
0.0197;0.01821579
0.0173;0.009662086
0.0169;0.0045851674
0.0157;0.022036908
0.0162;0.017789802
0.0147;0.0065700486
0.0136;0.018589828
0.0146;0.01798696
0.0141;0.022290684
0.0122;0.010994723
0.0101;0.007767423
0.0139;0.01930783
0.0126;0.012388095
0.0127;0.016741604
0.009;0.014202448
0.0077;0.0146536045
0.0053;0.014796532
0.0042;0.019443767
0.0031;0.010243486
0.0004;0.012961114
-0.0015;0.017686317
-0.0018;0.01785801
-0.0025;0.020607302
-0.0028;0.021399522
-0.005;0.018728541
-0.0048;0.017491516
-0.0058;0.013635496
-0.0065;0.018693507
-0.0062;0.019197967
-0.0056;0.01952047
-0.0045;0.016237272
-0.0034;0.019422814
0.0019;0.019593216
0.0015;0.016097717
0.0007;0.014741884
0.0028;0.009300943
0.0035;0.017747933
0.0045;0.012235082
0.0056;0.015807757
0.0064;0.017680183
0.0068;0.016089452
0.0076;0.019784426
0.0083;0.016197732
0.009;0.013758308
0.0113;0.014839327
0.0084;0.015761785
0.0069;0.021190662
0.0077;0.016473284
0.0086;0.020695888
0.0104;0.019009432
0.0122;0.016273238
0.0106;0.019971013
0.0119;0.014422952
0.0114;0.01675372
0.012;0.02070039
0.0119;0.018528797
0.0117;0.011170638
0.0128;0.02085561
0.0124;0.016811887
0.0126;0.021483395
0.0135;0.017032575
0.0146;0.014612239
0.0152;0.02036849
0.014;0.020504218
0.0129;0.016856013
0.0141;0.01976043
0.0124;0.015226183
0.0135;0.009259658
0.0108;0.019193392
0.0088;0.012547624
0.0068;0.018058607
0.004;0.017009916
-0.0003;0.019459933
-0.002;0.019365754
-0.0058;0.015264229
-0.0066;0.006090408
-0.0095;0.019010222
-0.0102;0.014835938
-0.0158;0.0019450642
-0.0185;0.013277006
-0.0193;0.015961107
-0.023;0.018909782
-0.0273;0.011238255
-0.0314;0.019907983
-0.0275;0.0135817
-0.0306;0.0014482747
-0.0303;0.007388361
-0.0301;-0.0044325083
-0.0283;0.013576849
-0.0272;0.011519678
-0.0262;-0.017792895
-0.026;0.012918423
-0.0218;-0.011303789
-0.0156;0.0026341572
-0.0125;0.01105068
-0.0103;-0.0156114455
-0.0074;0.0037999272
-0.0047;-0.0010815298
-0.0018;0.0040629306
-0.0021;-0.014360898
0.001;-0.01623362
0.0007;-0.022367371
0.0009;-0.007643197
0.0027;-0.009018204
0.004;-0.014504649
0.0063;-0.019248653
0.0087;-0.007673011
0.0095;-0.001868174
0.0107;-0.006600853
0.0119;-0.0005482432
0.0103;-0.012136371
0.0111;1.506554e-05
0.0047;-0.015910475
0.0057;-0.013816329
0.0044;-0.004113955
0.0043;-0.0062973606
0.0025;-0.0038832459
0.0011;-0.019422505
-0.0008;-0.0016437883
-0.0023;-0.018480586
-0.0065;-0.014217271
-0.0091;-0.023491431
-0.0098;-0.018421315
-0.0136;-0.016425818
-0.0159;-0.02049839
-0.0182;-0.011238074
-0.0193;-0.010819837
-0.0221;-0.016882174
-0.0269;-0.012028027
-0.0323;-0.012082301
-0.0344;-0.018417144
-0.0367;-0.018336851
-0.0406;-0.021022346
-0.0433;-0.018277094
-0.0463;-0.013838954
-0.0531;-0.018675266
-0.0547;-0.02051764
-0.0573;-0.017063737
-0.059;-0.017351747
-0.0625;-0.014013325
-0.0633;-0.020496294
-0.0627;-0.02193068
-0.0634;-0.021199536
-0.0632;-0.020583894
-0.0625;-0.014993234
-0.0632;-0.019374046
-0.0631;-0.018549532
-0.0604;-0.02254213
-0.0589;-0.016430402
-0.0588;-0.022030402
-0.0568;-0.020475851
-0.0551;-0.018249784
-0.0531;-0.016709726
-0.05;-0.009593304
-0.0498;-0.021606972
-0.0462;-0.017278953
-0.0437;-0.017046377
-0.0441;-0.01748683
-0.043;-0.022182958
-0.0427;-0.0168707
-0.0425;-0.017753916
-0.0421;-0.017630368
-0.0406;-0.008689684
-0.0404;-0.020062577
-0.0409;-0.009399357
-0.0396;-0.01692712
-0.0372;-0.018149912
-0.0375;-0.018998582
-0.0365;-0.018436491
-0.0351;-0.008020037
-0.0351;-0.0036594567
-0.0347;-0.015120842
-0.0307;-0.024177937
-0.0322;-0.024059542
-0.031;0.008065771
-0.0281;-0.01890722
-0.0248;0.009140694
-0.0225;-0.011878825
-0.0188;0.011171016
-0.0136;0.01380773
-0.0111;0.010044449
-0.009;0.00020459166
-0.0063;0.008748921
-0.0022;0.016534068
0.0018;0.0062371613
0.0069;0.015808025
0.0068;0.0058111837
0.0086;0.009825045
0.0126;0.0023410446
0.0165;0.01599948
0.0182;0.016593557
0.0201;0.013665882
0.0227;0.011453113
0.0241;0.019546526
0.0262;0.011210189
0.0298;0.013826817
0.0294;0.017494172
0.0292;0.020746037
0.0332;0.01404415
0.035;0.018896312
0.0349;0.016926175
0.0376;0.02106186
0.039;0.014363186
0.04;0.01886028
0.0425;0.01899677
0.0398;0.008652505
0.0402;0.010246784
0.0433;0.020265454
0.0437;0.019540092
0.0449;0.019987883
0.0523;0.01475023
0.0502;0.010515825
0.0535;0.013478253
0.0541;0.020225052
0.0547;0.018060183
0.0592;0.019490523
0.0598;0.014526705
0.0619;0.018671177
0.065;0.008154955
0.068;0.017877322
0.0654;0.01801064
0.0672;0.019490415
0.0678;0.01695742
0.0698;0.01845708
0.0705;0.02185692
0.0713;0.017095003
0.0728;0.023628343
0.0724;0.0181773
0.0733;0.015619038
0.0714;0.022666397
0.0698;0.01975765
0.0701;0.021718029
0.0702;0.019823456
0.069;0.017107053
0.0699;0.017110942
0.0701;0.018707115
0.0685;0.018948179
0.0675;0.023776123
0.0668;0.01892975
0.0682;0.021334125
0.0695;0.022446193
0.0667;0.021640012
0.0654;0.01966194
0.066;0.021509334
0.0669;0.018776642
0.0707;0.017114349
0.072;0.02154183
0.0698;0.020130556
0.0694;0.02108564
0.0729;0.020741608
0.0748;0.021418922
0.0754;0.017192459
0.0759;0.020768398
0.0774;0.019642744
0.0791;0.021230087
0.0786;0.020561483
0.08;0.021788036
0.081;0.019056873
0.079;0.020240013
0.0793;0.018009821
0.081;0.0229059
0.0775;0.019466866
0.0763;0.018685717
0.0757;0.024204442
0.0762;0.01970067
0.0741;0.019773396
0.0715;0.02062994
0.0709;0.01983524
0.0707;0.021976192
0.0688;0.020547448
0.0684;0.020271126
0.0664;0.01872373
0.0652;0.019613078
0.0648;0.018309651
0.0625;0.016858665
0.0618;0.021538507
0.0628;0.020839378
0.062;0.02382757
0.0623;0.022299368
0.0613;0.021066958
0.0603;0.021167021
0.0588;0.0218859
0.0574;0.018845484
0.0572;0.023141488
0.0555;0.020935861
0.0566;0.02075869
0.0593;0.02399341
0.0605;0.023191756
0.0614;0.017754186
0.0618;0.020018948
0.0625;0.018861737
0.0639;0.01902135
0.0638;0.021817472
0.0649;0.021260014
0.0637;0.021758158
0.0633;0.019846808
0.0613;0.021923682
0.0619;0.019404156
0.0613;0.0211364
0.0633;0.01826909
0.0647;0.017817782
0.0646;0.021038733
0.0658;0.021301078
0.066;0.021410286
0.0647;0.022366624
0.064;0.018839968
0.0655;0.019013269
0.0655;0.02181161
0.0633;0.02097736
0.0622;0.022191525
0.0627;0.021813586
0.061;0.020462954
0.0585;0.024015957
0.0576;0.020670086
0.0566;0.020346396
0.055;0.022400733
0.0528;0.02021455
0.052;0.022891296
0.05;0.021846162
0.0492;0.023583386
0.0467;0.019716037
0.0443;0.020495003
0.0433;0.018962724
0.0423;0.019993972
0.0413;0.02140878
0.0396;0.01946675
0.0362;0.0207087
0.0333;0.021014526
0.0328;0.01936831
0.0338;0.020006856
0.0308;0.020026488
0.0282;0.023019232
0.0284;0.022065453
0.0274;0.019586317
0.0266;0.020752462
0.0249;0.0226467
0.0253;0.022243738
0.0236;0.022573182
0.0236;0.02183032
0.0238;0.02281508
0.0234;0.023311395
0.0222;0.021406086
0.0193;0.02085057
0.0185;0.019669864
0.0199;0.019914124
0.022;0.020206798
0.0188;0.020169973
0.0164;0.020764733
0.0162;0.022254786
0.0134;0.021463633
0.0153;0.020633241
0.0167;0.02139407
0.0168;0.018369935
0.0153;0.021415178
0.0127;0.019303078
0.0127;0.020815112
0.0137;0.02215552
0.0119;0.02117027
0.0168;0.015294543
0.0155;0.020335628
0.016;0.017937021
0.0154;0.017762948
0.0176;0.017972106
0.0169;0.021502754
0.0134;0.021226384
0.0137;0.020225499
0.0141;0.023994222
0.0154;0.018345367
0.0125;0.019701669
0.012;0.02280041
0.0131;0.020369656
0.0127;0.021496136
0.0143;0.021540131
0.0136;0.015981896
0.0121;0.019114723
0.0136;0.018550703
0.0136;0.022484064
0.0139;0.02319454
0.0157;0.023084955
0.015;0.01737893
0.0174;0.021891704
0.0164;0.019372696
0.0147;0.019346349
0.0172;0.021030754
0.0157;0.017896274
0.0159;0.021307092
0.0155;0.021318384
0.0163;0.022627356
0.0176;0.021152498
0.0191;0.02051859
0.02;0.018419847
0.0191;0.022260295
0.0222;0.014434337
0.0228;0.020023182
0.0232;0.02138098
0.0255;0.015381565
0.0272;0.022423295
0.0262;0.01656546
0.0269;0.019269621
0.0271;0.020640735
0.0277;0.017938256
0.0286;0.022304485
0.0273;0.016359558
0.0272;0.01862481
0.0275;0.019829508
0.0271;0.020759707
0.0272;0.018359374
0.0274;0.020990117
0.0294;0.019320125
0.0291;0.01780885
0.0283;0.021342995
0.0271;0.020398086
0.0274;0.015439653
0.0264;0.012886194
0.0238;0.020816863
0.0209;0.02128388
0.0199;0.022309374
0.0174;0.020132357
0.0145;0.020345656
0.0133;0.020478792
0.01;0.01944818
0.0078;0.015268755
0.0078;0.019471064
0.0058;0.016135655
0.0047;0.018037522
0.0039;0.013449857
0.0004;0.019990016
-0.002;0.019165462
-0.0037;0.016249117
-0.0057;0.01992771
-0.0077;0.016417533
-0.0098;0.018318413
-0.0107;0.009832456
-0.0144;0.020773863
-0.0166;0.015898373
-0.0179;0.015603735
-0.0202;0.015524112
-0.0226;0.012955621
-0.0236;0.012060407
-0.0234;0.010944986
-0.0237;0.0069389744
-0.0255;0.018058434
-0.0286;0.00819583
-0.0289;0.017412387
-0.0285;0.014271187
-0.0293;0.0070504113
-0.0287;0.0045882287
-0.0259;0.009899647
-0.0248;0.015984429
-0.023;0.0014902224
-0.0213;0.013733135
-0.0195;0.011996428
-0.0215;0.01273589
-0.0182;0.010256253
-0.0174;0.015030267
-0.0154;0.014993855
-0.0145;0.015905667
-0.0136;-0.0010187896
-0.0121;0.015684888
-0.0119;0.01989251
-0.0105;0.00072750426
-0.0089;0.011599286
-0.0095;0.00092408905
-0.0082;0.020867618
-0.0094;0.013965091
-0.0101;0.01753754
-0.0113;-0.00059756706
-0.0104;0.023788793
-0.0105;-0.0004324391
-0.0116;0.010378146
-0.013;0.008998831
-0.013;0.018152531
-0.0127;0.010552209
-0.0125;0.023808628
-0.0136;0.01759164
-0.0148;0.018676953
-0.019;0.0030461703
-0.0212;0.012673977
-0.0227;0.018427262
-0.025;0.014527695
-0.0268;0.015473533
-0.0284;0.018919172
-0.0298;0.016390517
-0.0301;-0.01933266
-0.031;0.006431079
-0.033;-0.016574476
-0.0318;0.005010075
-0.0326;-0.017626066
-0.0343;-0.0008328259
-0.0351;-0.018192343
-0.0354;-0.02189702
-0.0349;-0.0008623898
-0.0342;-0.014761062
-0.0343;-0.017857574
-0.0341;-0.018711844
-0.0365;-0.01045668
-0.0373;-0.012616952
-0.0359;-0.01966491
-0.0361;-0.016499417
-0.0363;-0.015816156
-0.0395;-0.01863232
-0.0387;-0.019328477
-0.0375;-0.013441976
-0.0374;-0.009139036
-0.0374;-0.00625027
-0.0372;-0.015449261
-0.0378;-0.020897351
-0.0373;-0.016645337
-0.0375;-0.019256432
-0.0372;-0.018139154
-0.0372;-0.016109964
-0.0351;-0.0167701
-0.0345;-0.009335252
-0.0331;-0.022645766
-0.0323;-0.021241836
-0.0313;-0.01755632
-0.0298;-0.016904267
-0.0294;-0.010245941
-0.0278;-0.022396885
-0.0254;-0.013358338
-0.0256;-0.008589402
-0.0254;-0.019483812
-0.0214;-0.014637544
-0.0206;-0.0178951
-0.0209;-0.012925977
-0.0198;-0.023354998
-0.0189;-0.0061975988
-0.0184;-0.012626296
-0.0168;-0.01976636
-0.0147;-0.018006485
-0.0128;-0.0009009606
-0.0114;0.002618882
-0.0097;-0.0030539914
-0.008;0.00727104
-0.0073;-0.009641118
-0.0084;0.012412566
-0.0102;0.007926169
-0.0107;0.009310716
-0.0094;0.014776347
-0.0092;-0.013565432
-0.0094;0.002224702
-0.0083;0.012088187
-0.0086;0.00028267642
-0.009;0.013176274
-0.007;0.0057822866
-0.0075;-0.00083655847
-0.0091;-0.0016689042
-0.0082;0.0023317602
-0.0069;0.0042129755
-0.0051;0.0054327273
-0.0043;0.0151008405
-0.0059;0.009204475
-0.0049;0.0050441995
-0.003;-0.0007914291
-0.0023;-0.0012882059
0.0012;0.0167038
0.0014;0.005749538
0.0026;0.017735459
0.0045;0.011907058
0.0046;0.017099652
0.0057;0.012578244
0.006;0.0144253895
0.007;0.011380142
0.007;0.0003719941
0.0082;0.01385299
0.0095;-0.0050102626
0.0114;-1.4675083e-05
0.012;0.020693865
0.0138;-0.0009502645
0.015;0.020847823
0.017;0.02336068
0.0147;0.0019046579
0.0164;0.00408206
0.0203;0.01637476
0.0207;0.018828364
0.021;0.017146483
0.0223;0.022063617
0.0213;0.021978408
0.022;0.010144309
0.0224;0.022760244
0.0219;0.009193119
0.0218;0.012665829
0.0241;0.018053098
0.0237;0.017246407
0.0233;0.018139288
0.0232;0.02097821
0.0227;0.015169401
0.0229;0.020688038
0.0238;0.011760484
0.0256;0.020184303
0.0272;0.0072781034
0.0263;0.015611959
0.0297;0.01285401
0.0296;0.019436194
0.0296;0.014247099
0.0322;0.01576165
0.0341;0.01818476
0.0328;0.021258729
0.0328;0.015570399
0.032;0.020876767
0.0314;0.013439578
0.0317;0.021872882
0.0345;0.012353312
0.0344;0.020535287
0.0346;0.019438965
0.0355;0.011279896
0.0362;0.013680731
0.0347;0.019557806
0.0378;0.01773557
0.0388;0.010523116
0.0398;0.021861587
0.04;0.014209328
0.0414;0.0142986765
0.041;0.016349921
0.0421;0.019424012
0.0411;0.019400375
0.0376;0.018505013
0.035;0.014322846
0.0369;0.017508412
0.0378;0.012781843
0.0364;0.019054858
0.0356;0.019931348
0.0355;0.010016341
0.034;0.01964274
0.0341;0.015830465
0.034;0.009030236
0.0313;0.018907549
0.0337;0.019945282
0.0345;0.020455752
0.0342;0.016592668
0.0333;0.0126869995
0.036;0.01651572
0.0377;0.014512659
0.0388;0.016362747
0.0409;0.022918994
0.0411;0.019573962
0.042;0.013459847
0.0454;0.018944878
0.0463;0.019587578
0.0461;0.0143001545
0.0486;0.020553319
0.0481;0.021516323
0.0511;0.024135267
0.0513;0.01768046
0.0514;0.018359592
0.0524;0.019588623
0.0516;0.01844308
0.0535;0.023177018
0.0518;0.021982454
0.051;0.019146541
0.0526;0.016342517
0.057;0.020566233
0.0571;0.02015061
0.0606;0.021226713
0.0609;0.015791472
0.0619;0.02103648
0.0654;0.021205612
0.0668;0.018587999
0.07;0.020368798
0.0703;0.020609025
0.074;0.020723222
0.0763;0.024195869
0.079;0.020037249
0.0762;0.014642249
0.0758;0.02189951
0.0776;0.017957248
0.0773;0.021039221
0.0787;0.018077863
0.0769;0.018241903
0.0771;0.020303104
0.0789;0.016614718
0.0794;0.019921662
0.0787;0.022674173
0.0765;0.017504707
0.0746;0.015003328
0.0732;0.013892392
0.0745;0.014719046
0.074;0.024290672
0.0731;0.022201864
0.0729;0.019327141
0.0708;0.012961664
0.0697;0.018814096
0.0713;0.01725188
0.0682;0.020207146
0.0681;0.017175363
0.067;0.021952769
0.0667;0.01577092
0.0663;0.0135292765
0.0666;0.00878392
0.0643;0.016494393
0.0649;0.018253047
0.0685;0.019228702
0.0696;0.019886713
0.0703;0.021854661
0.0724;0.012986484
0.0683;0.01819883
0.0674;0.01864444
0.069;0.0166398
0.0721;0.021048313
0.0708;0.019470206
0.0705;0.02062808
0.0716;0.018761309
0.0717;0.018786674
0.0724;0.015715223
0.0714;0.02162548
0.0724;0.014187834
0.0696;0.021091718
0.0675;0.018186823
0.0648;0.020005956
0.0665;0.023845635
0.0672;0.01983488
0.0671;0.019031933
0.0666;0.013567063
0.0654;0.023677424
0.0633;0.013531235
0.0611;0.020262113
0.0594;0.022786956
0.0566;0.015994657
0.0539;0.014618493
0.0522;0.018966027
0.0489;0.013975538
0.0471;0.019270925
0.0449;0.020870177
0.0427;0.01710897
0.0407;0.015915973
0.0376;0.019391045
0.0354;0.021170175
0.0319;0.008314523
0.0294;0.019929169
0.0288;0.01715176
0.0245;0.017889088
0.023;0.019591004
0.0224;0.018346965
0.0211;0.0029302505
0.0205;0.017331103
0.0214;0.015960494
0.0206;0.012707173
0.0213;0.016498616
0.0216;0.014704021
0.0212;0.019252084
0.0208;0.016866675
0.0204;0.021737434
0.0212;0.008748474
0.021;0.01552207
0.0224;0.019861983
0.0209;0.015835311
0.0205;0.020602535
0.0205;0.022734249
0.0187;0.013953428
0.0174;0.015893653
0.0169;0.022129657
0.0172;0.016771484
0.02;0.02061146
0.0216;0.016816312
0.021;0.023129078
0.0208;0.01596168
0.0229;0.019425197
0.0221;0.017249888
0.0205;0.014112525
0.0199;0.019819714
0.0188;0.020114373
0.0183;0.022842696
0.0177;0.015892448
0.0165;0.019447528
0.0164;0.014818402
0.0156;0.007821744
0.015;0.020370152
0.0129;0.01089401
0.0147;0.014282156
0.0138;0.01412379
0.0126;0.0153127825
0.0131;0.016184006
0.0106;0.02117073
0.0101;0.01472553
0.0089;0.012094596
0.0087;0.009145754
0.0055;0.018033283
0.0059;0.019017525
0.0067;0.013121312
0.0064;0.0089878235
0.0056;0.0085399505
0.0068;0.016622465
0.0058;0.006409768
-0.0001;0.01738199
0.0004;0.015232436
0.0;0.014823573
-0.0021;0.0005820532
-0.0038;0.007325396
-0.0046;0.0020423173
-0.0055;0.01520046
-0.0069;0.009822217
-0.0074;0.0092885
-0.0094;0.014948985
-0.0111;0.008254242
-0.0127;0.011394395
-0.0142;0.0138064185
-0.0159;0.00037830917
-0.0187;0.01592385
-0.0193;0.011066214
-0.0199;0.004692752
-0.0215;0.017470706
-0.0222;0.020803194
-0.0206;0.009600508
-0.0207;0.022481125
-0.0196;0.019358017
-0.0184;0.016219389
-0.0169;0.008450509
-0.0152;0.008015122
-0.0146;0.0025130778
-0.014;0.0145151485
-0.0112;0.020269671
-0.0108;0.010371169
-0.0076;0.021194959
-0.0082;0.0043237326
-0.0071;-0.004514119
-0.0052;0.010382786
-0.0041;0.011670297
-0.0037;0.019569
-0.0019;0.00919528
-0.0011;0.018980077
-0.0012;-0.012186962
-0.0007;-0.007087313
-0.0013;0.008944416
-0.0011;0.00795477
-0.0013;-0.005602245
-0.001;0.00060356717
-0.002;-0.0059761824
-0.0028;-0.012730598
-0.0053;-0.009104276
-0.0051;-0.014663391
-0.0062;0.011160812
-0.0098;-0.0141176665
-0.0128;0.0012786686
-0.0162;-0.005570461
-0.0194;-0.019905197
-0.0219;-0.0059356214
-0.0246;-0.011315547
-0.0298;-0.005673421
-0.0297;-0.020092346
-0.0334;-0.0013505965
-0.0363;-0.017081313
-0.038;-0.020450031
-0.0404;-0.019784618
-0.0431;-0.0069261994
-0.0475;-0.018105092
-0.0495;-0.024242017
-0.0532;-0.019498779
-0.0556;-0.022213105
-0.0563;-0.01192651
-0.0581;-0.018589236
-0.0604;-0.012429288
-0.0634;-0.020863103
-0.0655;-0.017153937
-0.0649;-0.015188466
-0.0678;-0.018567255
-0.0705;-0.012048388
-0.0707;-0.014339482
-0.0721;-0.014656181
-0.0722;-0.019208737
-0.0726;-0.020354232
-0.0745;-0.0087458175
-0.0765;-0.013118081
-0.0748;-0.019336998
-0.0729;-0.019148247
-0.0743;-0.015627164
-0.0726;-0.0071283965
-0.0731;-0.010816702
-0.071;-0.01625718
-0.0698;-0.01942577
-0.0667;-0.003372455
-0.0637;-0.0141946
-0.0626;-0.011820775
-0.0617;-0.023611056
-0.0613;-0.022148905
-0.0592;-0.012630551
-0.0578;-0.017806945
-0.0578;-0.022117112
-0.0571;-0.017502185
-0.0547;-0.0152253
-0.0565;-0.017690273
-0.0546;-0.021536384
-0.054;-0.013658416
-0.0526;-0.01581131
-0.0524;-0.010973837
-0.0512;-0.016014958
-0.0497;-0.01173152
-0.0493;-0.012271068
-0.0484;-0.009210282
-0.0466;-0.02123292
-0.044;-0.0094393445
-0.0438;-0.012684943
-0.0416;-0.012968508
-0.0417;-0.01150554
-0.0427;-0.014190423
-0.041;-0.009818733
-0.0387;-0.0075906874
-0.0394;-0.01574656
-0.0395;-0.016254062
-0.0378;-0.022242155
-0.0327;-0.0028097602
-0.0327;-0.018907428
-0.0306;-0.015919318
-0.0309;-0.0058606085
-0.0318;-0.008230821
-0.0339;-0.012301251
-0.0346;-0.009007055
-0.035;-0.014855854
-0.0354;-0.015437381
-0.035;-0.017168336
-0.0328;-0.019553114
-0.0313;-0.014197597
-0.0288;-0.01824687
-0.0289;-0.008776702
-0.026;-0.021042302
-0.0229;-0.00756323
-0.0207;-0.013587967
-0.0174;-0.015682533
-0.0146;-0.0126728555
-0.0125;-0.014120888
-0.0106;-0.015220896
-0.0088;-0.012134601
-0.0048;-0.007090438
-0.0034;-0.007803761
-0.0024;-0.013773254
-0.0015;-0.013029569
-0.0006;-0.0065856343
0.0002;-0.018883359
0.0009;-0.021534493
0.0002;-0.012336413
0.0005;-0.004218508
0.0026;-0.01429109
0.0024;-0.01701616
0.0015;-0.0050426526
0.0045;-0.019936627
0.0045;0.00061854674
0.0064;-0.015040069
0.0084;0.013272284
0.0096;-0.014818691
0.0085;0.0090682395
0.0107;0.00073026423
0.0116;-0.0058086766
0.0121;0.013454443
0.0109;0.01116656
0.0131;-0.0041920324
0.013;0.009417138
0.0149;0.014633674
0.0167;0.0021325145
0.019;0.0023280666
0.0196;0.017198635
0.0208;0.0025433083
0.0212;0.013517258
0.0217;0.016134886
0.0254;0.018629335
0.0287;0.01869078
0.0309;0.017558508
0.0352;0.0060334043
0.0365;0.008437972
0.04;0.01332695
0.0435;0.0152646545
0.0446;0.0038588694
0.0462;0.017570771
0.0472;0.015005621
0.0482;0.0041542896
0.0496;0.010168557
0.0503;0.022391971
0.0511;0.02085984
0.0527;0.008641481
0.0545;0.015968952
0.0563;0.01830496
0.0573;0.0062939352
0.0586;0.015666353
0.0612;0.01729463
0.0603;0.015024271
0.0614;0.016280048
0.0614;0.021363
0.0607;0.0170317
0.0604;0.010440756
0.0609;0.014830015
0.0599;0.01606039
0.0587;0.013371266
0.0554;0.015848389
0.0554;0.017686304
0.0538;0.01705123
0.0535;0.017003564
0.0515;0.017842587
0.049;0.01402613
0.0465;0.019475903
0.0439;0.021986444
0.0422;0.01807329
0.042;0.018497303
0.0414;0.018232422
0.0392;0.019832807
0.0373;0.015697274
0.0366;0.022921354
0.0373;0.013465125
0.0386;0.0151150655
0.0379;0.0071886703
0.0395;0.019224053
0.0404;0.013463249
0.0402;0.019733787
0.0399;0.014418003
0.0378;0.011825133
0.0379;0.012913477
0.037;0.01727239
0.0379;0.016968394
0.0393;0.018499028
0.0426;0.01702773
0.0415;0.021158991
0.043;0.015667869
0.0448;0.019160205
0.0506;0.023138292
0.0529;0.014812354
0.0541;0.0167888
0.0564;0.021031834
0.0582;0.016551748
0.061;0.0162905
0.0591;0.018729111
0.0597;0.02064205
0.0598;0.022809414
0.0614;0.021442018
0.0614;0.0142086325
0.0614;0.01104847
0.0605;0.017924068
0.0593;0.019790739
0.0586;0.019401763
0.0589;0.021471674
0.0583;0.020596629
0.0571;0.018463908
0.0559;0.01677063
0.0553;0.011147457
0.0547;0.021852544
0.0539;0.018376624
0.0553;0.022106227
0.0538;0.015624093
0.0542;0.018021865
0.0513;0.016609339
0.0512;0.022279525
0.0503;0.018647082
0.0478;0.016919294
0.0473;0.017668873
0.0459;0.014847954
0.0442;0.016356127
0.0441;0.01581424
0.0448;0.012893227
0.0434;0.018744769
0.0432;0.013837098
0.0444;0.022988841
0.0467;0.020980028
0.0478;0.012774591
0.0475;0.017197993
0.0479;0.01831101
0.051;0.017629752
0.0536;0.0109049035
0.057;0.018454894
0.0601;0.018947417
0.0609;0.011982592
0.0621;0.011387411
0.0659;0.017950797
0.0688;0.017098822
0.0709;0.014523987
0.0724;0.015625002
0.0751;0.018148191
0.0764;0.018144283
0.0772;0.018749291
0.0801;0.017658837
0.0816;0.022702195
0.0859;0.014887881
0.0873;0.014136753
0.0865;0.014444919
0.0869;0.022783484
0.0872;0.016168417
0.0866;0.012355905
0.0877;0.020188501
0.0866;0.01956805
0.0874;0.02309527
0.086;0.007625521
0.0853;0.022749731
0.0854;0.016279118
0.0848;0.013175263
0.0831;0.016933845
0.082;0.020078516
0.0797;0.009386344
0.0775;0.014355293
0.0761;0.022070237
0.0741;0.016873509
0.0733;0.010301742
0.0725;0.008271028
0.0713;0.0071685542
0.0718;0.020213204
0.0698;0.009245469
0.0683;0.01865385
0.0697;0.018476175
0.07;0.0017445735
0.0712;0.013856652
0.0709;0.011516752
0.071;0.017959073
0.0728;0.009405971
0.0737;0.0038364131
0.0753;0.021811223
0.0768;0.018116092
0.0785;0.0060981
0.0784;0.018836457
0.082;0.017764665
0.0865;0.022929374
0.0892;0.011489013
0.0904;0.0076792454
0.0942;0.018126668
0.095;0.012365688
0.0976;0.016891204
0.0992;0.014321918
0.1015;0.015143158
0.1033;0.013764049
0.1052;0.018865734
0.108;0.009785868
0.1094;0.012409737
0.1073;0.017967375
0.1088;0.01780916
0.1091;0.020395331
0.1097;0.021647435
0.1092;0.018323977
0.1079;0.017579304
0.1087;0.013274493
0.1076;0.017166425
0.107;0.018477332
0.1057;0.019677073
0.1025;0.015633235
0.1005;0.019072577
0.0987;0.019425005
0.0979;0.015884375
0.0952;0.014233
0.0909;0.008940421
0.0915;0.017739004
0.0911;0.011815534
0.0875;0.015518546
0.0867;0.017212318
0.0855;0.016238432
0.0847;0.018437132
0.0834;0.015404727
0.0798;0.012933351
0.0786;0.014471833
0.0762;0.015608133
0.0774;0.020525238
0.0757;0.017317409
0.0739;0.02135562
0.0727;0.018735131
0.0736;0.015961826
0.0736;0.02065652
0.0731;0.0149051435
0.0721;0.016743071
0.0713;0.020463472
0.0708;0.018592611
0.0695;0.011677871
0.0687;0.020861052
0.068;0.016733596
0.0674;0.020873582
0.0664;0.01691623
0.065;0.014665138
0.0638;0.020237446
0.0634;0.02081577
0.0636;0.016897356
0.0642;0.019734234
0.0631;0.015673133
0.0617;0.008720046
0.0618;0.019462228
0.0608;0.013042124
0.0604;0.017389018
0.0627;0.017245606
0.0619;0.019764766
0.0616;0.019313928
0.0601;0.015389133
0.06;0.0066250036
0.0593;0.018831482
0.0602;0.015149548
0.0591;0.0022147978
0.0578;0.013719901
0.0574;0.01568003
0.0547;0.018740961
0.0528;0.01078938
0.0503;0.021326484
0.0488;0.013220808
0.0478;0.0013932077
0.0451;0.007310103
0.0432;-0.0050411625
0.0404;0.01362106
0.0382;0.011453617
0.0355;-0.018535618
0.0312;0.012927114
0.0268;-0.0107897725
0.0243;0.0027086185
0.0195;0.012168865
0.0162;-0.015796911
0.0134;0.003245567
0.0096;-0.00143532
0.0054;0.0046790685
0.0013;-0.014236687
-0.0027;-0.016675651
-0.0064;-0.022784863
-0.0096;-0.008144773
-0.0118;-0.009105828
-0.0157;-0.014546096
-0.0181;-0.020236265
-0.0191;-0.008465501
-0.0188;-0.0025174909
-0.0199;-0.0074555124
-0.0213;-0.0010106745
-0.0232;-0.012267729
-0.0234;-0.00024279975
-0.0241;-0.016646013
-0.0267;-0.014079697
-0.0273;-0.004411979
-0.0274;-0.0058884495
-0.0291;-0.0034674793
-0.0321;-0.01879768
-0.0304;-0.0010377988
-0.0299;-0.01852219
-0.0313;-0.013566954
-0.0303;-0.023698248
-0.0314;-0.019017221
-0.0315;-0.015996449
-0.0317;-0.020415632
-0.0319;-0.012347425
-0.0331;-0.010367698
-0.0355;-0.016837848
-0.0374;-0.011407688
-0.0373;-0.01177088
-0.0387;-0.018091094
-0.0384;-0.01821658
-0.0407;-0.020824483
-0.0423;-0.0172519
-0.0441;-0.014188108
-0.0466;-0.0192041
-0.0493;-0.02030214
-0.0516;-0.017355157
-0.0532;-0.016773509
-0.0522;-0.013607707
-0.0533;-0.020459455
-0.0551;-0.021647826
-0.058;-0.02113543
-0.0604;-0.019629885
-0.0619;-0.014792385
-0.0628;-0.019503113
-0.0621;-0.018663062
-0.0628;-0.02180533
-0.0623;-0.016298344
-0.0591;-0.021357123
-0.0589;-0.02044202
-0.0578;-0.017982654
-0.0569;-0.016744288
-0.0568;-0.009298012
-0.0554;-0.021709332
-0.0551;-0.017796058
-0.0539;-0.016886562
-0.053;-0.017158046
-0.0516;-0.021655582
-0.0501;-0.016243678
-0.0495;-0.017684324
-0.048;-0.018044604
-0.048;-0.008447529
-0.0461;-0.019941647
-0.0434;-0.01044805
-0.0443;-0.017081585
-0.0426;-0.018479604
-0.0444;-0.019604128
-0.0431;-0.01881295
-0.0425;-0.008070983
-0.0408;-0.0033125302
-0.0364;-0.015536565
-0.0368;-0.024861183
-0.0372;-0.024433477
-0.037;0.0075615253
-0.0358;-0.018763287
-0.0358;0.009750589
-0.0329;-0.011771785
-0.029;0.011451234
-0.0268;0.0132484
-0.0246;0.010484718
-0.024;0.0006219301
-0.0239;0.008609541
-0.023;0.017326646
-0.022;0.0069435695
-0.0223;0.015422421
-0.0211;0.0056797964
-0.0206;0.009993893
-0.0211;0.0028825332
-0.0187;0.015584505
-0.0175;0.016129585
-0.0162;0.013810692
-0.0148;0.011835159
-0.0131;0.019669238
-0.0098;0.010286056
-0.008;0.013261265
-0.0059;0.01763243
-0.0049;0.020474287
-0.0026;0.013549046
0.0016;0.018726634
0.0013;0.01712998
0.0015;0.020719446
-0.0002;0.013573561
0.0031;0.018707538
0.0068;0.019031087
0.0096;0.00882332
0.0114;0.009951027
0.0119;0.02017364
0.0144;0.019254157
0.0174;0.020237686
0.0174;0.013901725
0.018;0.009836398
0.0195;0.013649408
0.0212;0.02024404
0.0218;0.017473362
0.0245;0.019895235
0.0272;0.0141406525
0.0311;0.018007662
0.0321;0.007720831
0.0321;0.01869904
0.0349;0.017430834
0.0343;0.019899884
0.0358;0.016703965
0.0336;0.019063191
0.0342;0.021524522
0.0353;0.016618503
0.0358;0.023367567
0.0353;0.018578803
0.0343;0.015790151
0.0317;0.02269547
0.0325;0.020666502
0.0303;0.021620553
0.0323;0.019592669
0.0337;0.016222287
0.0334;0.017292215
0.0353;0.018993037
0.0374;0.01889744
0.0371;0.02310086
0.0412;0.018452015
0.0424;0.020457152
0.0454;0.021934543
0.047;0.022699347
0.0494;0.019641204
0.0516;0.020625956
0.0534;0.018697007
0.0565;0.01663989
0.0598;0.021480845
0.0637;0.019509483
0.0654;0.020641396
0.0678;0.020286895
0.0684;0.02094651
0.0694;0.016422406
0.07;0.021730155
0.071;0.019365773
0.0703;0.020209005
0.0701;0.020206029
0.0699;0.021207988
0.0693;0.018767847
0.0685;0.019759221
0.0674;0.017983671
0.0668;0.02284643
0.0648;0.018883714
0.0661;0.01813267
0.065;0.02419273
0.0624;0.01906238
0.0609;0.01963994
0.0595;0.020042822
0.0587;0.020154849
0.056;0.0208966
0.0539;0.02043322
0.0524;0.020358374
0.0507;0.018582802
0.0484;0.02024644
0.0472;0.017800875
0.0468;0.017167615
0.0453;0.021774413
0.0452;0.02120446
0.044;0.023935672
0.0427;0.023301713
0.0425;0.02121776
0.0427;0.019900795
0.0417;0.022183701
0.0427;0.018960575
0.0431;0.023672834
0.0447;0.02084951
0.046;0.020520715
0.0455;0.023435865
0.047;0.023171276
0.0503;0.017258203
0.0514;0.019593626
0.0545;0.018208597
0.0546;0.01963557
0.0556;0.022031317
0.0565;0.020679709
0.0588;0.021646604
0.0605;0.019909428
0.0612;0.021642867
0.0633;0.019168
0.0641;0.02037711
0.0644;0.01803859
0.065;0.01841945
0.0665;0.020632362
0.0662;0.02154627
0.0666;0.021282079
0.0691;0.021622162
0.0724;0.018036954
0.0721;0.018254377
0.0739;0.021388633
0.0729;0.021246646
0.0747;0.022693511
0.0772;0.021819375
0.079;0.020941468
0.0789;0.023567664
0.0832;0.020423984
0.0856;0.02027716
0.0886;0.021772867
0.0899;0.020331405
0.0925;0.02288055
0.0939;0.022022115
0.098;0.023297945
0.0994;0.018670244
0.1024;0.020637296
0.104;0.019415932
0.1078;0.019068804
0.1109;0.021550326
0.1125;0.019264657
0.1149;0.020168912
0.116;0.020029463
0.1158;0.01840804
0.1165;0.019322252
0.1171;0.019350912
0.1161;0.02295854
0.1147;0.022308933
0.1131;0.01978521
0.1117;0.02050373
0.1099;0.021809012
0.108;0.022111207
0.1063;0.022447474
0.1053;0.021966614
0.1015;0.023228714
0.0988;0.022945307
0.0968;0.021596739
0.0939;0.020567289
0.0928;0.020611698
0.0894;0.019011881
0.0862;0.019721603
0.0827;0.020520953
0.0824;0.020877864
0.0826;0.022104373
0.0814;0.021099795
0.0816;0.021004504
0.0816;0.021104371
0.0815;0.01816598
0.0818;0.021233669
0.0823;0.019289533
0.0812;0.02000515
0.08;0.022212759
0.0806;0.02090792
0.0799;0.014302038
0.0799;0.020188352
0.0793;0.01738843
0.0777;0.017458988
0.0764;0.017041236
0.0739;0.021452982
0.0739;0.021433745
0.07;0.020098586
0.0669;0.024562111
0.063;0.017476343
0.0603;0.019538702
0.0576;0.021924386
0.0555;0.01902891
0.0536;0.021057593
0.0531;0.02135359
0.0512;0.015765332
0.0494;0.019135153
0.0481;0.01858045
0.0471;0.022442127
0.0471;0.022839326
0.0479;0.022458227
0.0481;0.017075283
0.0489;0.02159089
0.0491;0.019128282
0.0495;0.019499436
0.05;0.020029465
0.0506;0.017845329
0.0506;0.021241065
0.0522;0.021018177
0.0523;0.022506591
0.0531;0.021225426
0.0545;0.020030066
0.0578;0.018134419
0.0617;0.0226949
0.0646;0.0136466725
0.0661;0.019716203
0.0672;0.021085123
0.0691;0.01564927
0.07;0.022008145
0.0706;0.01668889
0.0713;0.019076077
0.0712;0.021060295
0.0724;0.017994637
0.0731;0.022512546
0.0714;0.015745528
0.0719;0.018300768
0.073;0.019922124
0.0722;0.021419069
0.0703;0.01869087
0.0719;0.021055702
0.0717;0.018632865
0.0701;0.01712356
0.067;0.021959519
0.0664;0.02074923
0.0637;0.015254928
0.0639;0.013461905
0.0633;0.021066846
0.064;0.021893818
0.0627;0.021988166
0.0621;0.019128965
0.0589;0.020116253
0.0555;0.020329958
0.0527;0.019517513
0.0509;0.015106854
0.0494;0.020026574
0.0465;0.015735505
0.0444;0.01816051
0.0409;0.013800894
0.0385;0.020155964
0.0361;0.019888831
0.0343;0.015407758
0.0301;0.019307282
0.0287;0.01656313
0.0275;0.017912826
0.0239;0.009865208
0.0224;0.019945428
0.0242;0.0151965795
0.0232;0.015031869
0.0217;0.015050339
0.02;0.014031863
0.0196;0.012200505
0.0183;0.010330414
0.0182;0.0068252683
0.0181;0.01775469
0.0165;0.007656315
0.016;0.01658472
0.0176;0.014625091
0.0167;0.005954007
0.0171;0.0038587032
0.0154;0.010503067
0.0163;0.015611068
0.0165;0.0014794702
0.0178;0.014443572
0.0182;0.011498412
0.0191;0.012910223
0.02;0.010238663
0.0204;0.015104935
0.0231;0.015005982
0.0255;0.015086428
0.0265;-0.0007356064
0.0278;0.016368004
0.0293;0.019467443
0.0318;0.0009876078
0.0325;0.011112183
0.0371;0.00091602793
0.0378;0.02104661
0.0377;0.01344745
0.0392;0.017804231
0.0402;-0.0007796723
0.0401;0.023076022
0.0398;-0.00021248823
0.0399;0.010955783
0.0392;0.008824437
0.0395;0.01866303
0.042;0.010578064
0.0413;0.023451265
0.0387;0.017893784
0.0387;0.018787542
0.0385;0.0038941444
0.0368;0.012427248
0.0368;0.018428506
0.0353;0.014825072
0.0335;0.015604279
0.033;0.019698877
0.0308;0.01728854
0.0282;-0.019330056
0.0258;0.0059405686
0.0246;-0.016760662
0.022;0.0047309683
0.0198;-0.016975544
0.017;-0.00129033
0.0152;-0.018154863
0.0106;-0.021707121
0.0072;-0.0017289543
0.0036;-0.014550883
-0.0002;-0.017492656
-0.0045;-0.018487092
-0.0062;-0.010695767
-0.0071;-0.012073191
-0.0105;-0.019397741
-0.0159;-0.016633457
-0.0181;-0.016257145
-0.0205;-0.01849609
-0.0231;-0.018859565
-0.0254;-0.013670952
-0.0269;-0.008484084
-0.0263;-0.0063900817
-0.0274;-0.015328432
-0.0277;-0.021584138
-0.0288;-0.016481651
-0.0296;-0.018539118
-0.0296;-0.017534183
-0.0282;-0.016081246
-0.0279;-0.016622342
-0.0272;-0.008374501
-0.0275;-0.022721507
-0.0276;-0.020206627
-0.0244;-0.017058779
-0.0228;-0.016822899
-0.0212;-0.010302085
-0.0195;-0.022682944
-0.0176;-0.013279219
-0.0152;-0.009319224
-0.0141;-0.019289315
-0.0132;-0.01507931
-0.0111;-0.017952573
-0.0081;-0.012452878
-0.0066;-0.02383274
-0.0048;-0.0057177255
-0.0025;-0.012360819
-0.0004;-0.019488124
0.0017;-0.017940678
0.0031;-0.0010149649
0.0037;0.0026210174
0.0045;-0.0031222121
0.0062;0.008037797
0.0072;-0.010238568
0.0078;0.012218871
0.0085;0.0076280045
0.0102;0.009541837
0.0092;0.014470201
0.0087;-0.012822558
0.0068;0.0016923456
0.006;0.0116992295
0.0053;0.0006142155
0.0058;0.013715478
0.0034;0.0053938637
0.0021;0.0003183532
0.0013;-0.0015453021
0.0;0.0032490408
0.0;0.004474684
0.0001;0.0053787935
0.0008;0.015552986
0.0019;0.0092773475
0.0012;0.0049657566
0.0018;-0.0003353026
0.0043;-0.0015225763
0.0073;0.016609628
0.0086;0.0058793565
0.0101;0.017876767
0.0115;0.01178631
0.0121;0.017438322
0.013;0.012587188
0.0131;0.014256305
0.0138;0.01130419
0.0157;1.8589199e-05
0.0182;0.013345855
0.0191;-0.005255043
0.0201;0.00016086758
0.0201;0.020561041
0.0207;-0.0011719898
0.0208;0.020354655
0.0206;0.023259144
0.0221;0.001602008
0.0213;0.0045229103
0.0221;0.016380014
0.0218;0.019131396
0.0216;0.017751638
0.0205;0.022077467
0.0217;0.02198212
0.0226;0.0104222465
0.0225;0.0230637
0.0215;0.009221202
0.0211;0.012540955
0.0215;0.018137071
0.0209;0.016681984
0.0197;0.018117433
0.0199;0.021180429
0.0202;0.015127028
0.0206;0.020433271
0.0196;0.011876443
0.0192;0.020197561
0.0185;0.007846251
0.0203;0.015418568
0.021;0.0133917015
0.0205;0.019192569
0.0204;0.013946238
0.0204;0.01494021
0.0197;0.018028853
0.0195;0.021117803
0.0187;0.015365342
0.0197;0.021079693
0.0208;0.014184457
0.0207;0.022133116
0.0208;0.012059275
0.0208;0.019629642
0.0194;0.019279813
0.0191;0.010470699
0.0182;0.013183122
0.0176;0.019627696
0.0178;0.018232688
0.0171;0.010664573
0.0173;0.021401603
0.0168;0.013651936
0.0192;0.013983178
0.0196;0.016617939
0.0193;0.019904466
0.0215;0.019508999
0.0219;0.018649679
0.0241;0.013617147
0.0249;0.01747192
0.0274;0.012491784
0.0287;0.019618548
0.0306;0.020040322
0.0329;0.009960812
0.0368;0.020709435
0.0366;0.016007742
0.0399;0.009145206
0.0423;0.019082125
0.0458;0.019705473
0.0501;0.020056043
0.0538;0.016377507
0.0574;0.012141436
0.0608;0.01633949
0.065;0.014261621
0.0693;0.016902648
0.0723;0.022607153
0.0786;0.019718707
0.0817;0.013807954
0.0867;0.018879857
0.0893;0.019445995
0.0916;0.014290754
0.0936;0.02057436
0.0956;0.021313798
0.0975;0.02460992
0.0997;0.017198017
0.1017;0.018540967
0.104;0.019770352
0.1041;0.018333193
0.1015;0.023242943
0.1016;0.022243686
0.1001;0.018805103
0.0985;0.016993
0.0971;0.021054596
0.0943;0.019943144
0.0915;0.02095405
0.0894;0.01623669
0.0859;0.020984646
0.0847;0.021641094
0.0816;0.018981015
0.0793;0.02083794
0.0773;0.020629983
0.0738;0.019694945
0.0718;0.024551464
0.0697;0.019034324
0.0668;0.014569124
0.0641;0.021509102
0.0586;0.017611027
0.0556;0.021346223
0.0542;0.01812067
0.0522;0.01815406
0.0524;0.020143796
0.0509;0.0165855
0.0498;0.020844974
0.0471;0.02305452
0.0495;0.018024238
0.0488;0.0154323615
0.0473;0.0130207455
0.0462;0.013324771
0.0453;0.024135802
0.0479;0.022499416
0.0482;0.019237975
0.0493;0.012229577
0.0492;0.020303909
0.048;0.01734429
0.05;0.02014493
0.0499;0.016453344
0.0513;0.022101872
0.0515;0.014475853
0.0502;0.014250613
0.0488;0.009217362
0.0512;0.016458359
0.0568;0.017713254
0.0607;0.018585611
0.0647;0.019618312
0.069;0.022165516
0.0708;0.012721722
0.0734;0.018600898
0.0765;0.018947309
0.0784;0.016529702
0.0805;0.021654738
0.0858;0.019257443
0.0889;0.020410623
0.0892;0.018747006
0.095;0.019001316
0.0987;0.01597591
0.0992;0.02099681
0.0991;0.013907746
0.0999;0.021140927
0.1001;0.01739544
0.0993;0.020428305
0.0992;0.024759522
0.0978;0.019701589
0.0967;0.018951375
0.0965;0.012788364
0.0948;0.02324713
0.0955;0.013212072
0.0941;0.019597208
0.0908;0.022158494
0.0869;0.015096043
0.0848;0.014290605
0.083;0.018802362
0.0809;0.013196267
0.0789;0.01841579
0.0784;0.020685064
0.076;0.016421568
0.0732;0.015829526
0.0714;0.01930722
0.0632;0.021353636
0.0615;0.008180767
0.0614;0.019806832
0.0604;0.017054653
0.0589;0.01803001
0.0569;0.018223323
0.0556;0.018520184
0.0548;0.0039003512
0.055;0.017092787
0.056;0.015589198
0.0559;0.012617816
0.056;0.016731262
0.0549;0.014897793
0.0566;0.018624328
0.0601;0.016739402
0.0607;0.021256736
0.0612;0.008322738
0.0624;0.015925061
0.0645;0.019665845
0.0669;0.015123657
0.0669;0.019961137
0.0706;0.022581177
0.0715;0.013316451
0.0757;0.014965905
0.077;0.02184982
0.0797;0.016565977
0.0829;0.021137046
0.0862;0.016555944
0.0866;0.02350739
0.0897;0.015790636
0.0921;0.01911588
0.0946;0.017311666
0.0967;0.015067995
0.098;0.016573116
0.0997;0.019591022
0.1005;0.025734268
0.1014;0.018816281
0.1025;0.019903218
0.1047;0.014734218
0.1041;0.010719957
0.1048;0.020511962
0.1045;0.008392919
0.1039;0.014056517
0.1037;0.01837999
0.1026;0.0132897515
0.102;0.015594635
0.1014;0.02035367
0.1003;0.014263777
0.1009;0.010361074
0.1009;0.008965066
0.0982;0.020277211
0.0988;0.019936439
0.0975;0.012940516
0.0915;0.005882877
0.091;0.006543064
0.0904;0.017013002
0.089;0.0074894316
0.0881;0.015495611
0.0881;0.017616805
0.0883;0.01399543
0.0876;0.0021423618
0.087;0.008814697
0.0869;0.0052857953
0.0857;0.017775428
0.0847;0.0077942526
0.0852;0.008679799
0.0846;0.01775249
0.085;0.010881472
0.0846;0.0122737475
0.0847;0.011159512
0.0845;-0.0016105543
0.085;0.014897641
0.0855;0.00959502
0.0837;0.0049822167
0.0818;0.021312531
0.0807;0.021992013
0.0777;0.0079320185
0.0763;0.020639393
0.0742;0.017658398
0.072;0.016021268
0.0692;0.006331967
0.0673;0.010164015
0.0649;0.002998563
0.0628;0.015464565
0.0608;0.022672117
0.0577;0.014743729
0.0559;0.022255067
0.0563;0.0006281687
0.0548;-0.004344401
0.0531;0.005726463
0.0515;0.008664095
0.0509;0.02060201
0.0494;0.009406175
0.0463;0.022361338
0.0437;-0.0167077
0.0422;-0.0070771407
0.0391;0.0079441825
0.0391;0.0074299355
0.0383;-0.008462952
0.0367;0.0020278494
0.0358;-0.0061438265
0.0354;-0.0134687275
0.035;-0.0127177965
0.0348;-0.010124001
0.0348;0.0122025525
0.0333;-0.013695912
0.032;-0.0034375924
0.0302;-0.00081605464
0.0289;-0.019520825
0.0278;-0.006558984
0.027;-0.008794215
0.0255;-0.004471785
0.0242;-0.021318108
0.0236;7.6327706e-05
0.0229;-0.017677085
0.0214;-0.019231262
0.0206;-0.018703667
0.0196;-0.010181374
0.0195;-0.018226441
0.0194;-0.02821634
0.021;-0.022234358
0.0193;-0.02072979
0.0187;-0.011486165
0.0185;-0.022334341
0.0168;-0.011362587
0.0155;-0.020664988
0.0143;-0.014557345
0.0151;-0.014679778
0.0136;-0.020631937
0.0138;-0.012774811
0.0127;-0.013904478
0.0107;-0.013785349
0.0108;-0.020446427
0.0102;-0.020866124
0.01;-0.012153662
0.0116;-0.009605108
0.0103;-0.024595069
0.0098;-0.021169502
0.0111;-0.015663948
0.012;-0.009462517
0.0099;-0.009023271
0.0113;-0.018339265
0.0106;-0.019393768
0.0105;-0.0026572337
0.0105;-0.012575963
0.0108;-0.007470487
0.0098;-0.02602138
0.0099;-0.022020696
0.0108;-0.011007927
0.0093;-0.01869287
0.0112;-0.02275438
0.0102;-0.016690452
0.0085;-0.018516887
0.0057;-0.018046433
0.0054;-0.02302092
0.0014;-0.017450513
-0.002;-0.015619767
-0.0051;-0.006882911
-0.0067;-0.016248928
-0.0089;-0.009068457
-0.0107;-0.0097400695
-0.0095;-0.007916764
-0.0107;-0.024137627
-0.0131;-0.012184379
-0.0144;-0.014121054
-0.0165;-0.013011614
-0.0179;-0.009705634
-0.0204;-0.015421359
-0.0206;-0.0070155445
-0.0197;-0.010479169
-0.0222;-0.01223635
-0.0233;-0.012873219
-0.0252;-0.024104416
-0.0255;-0.0055624177
-0.0259;-0.018271757
-0.0234;-0.017503146
-0.023;-0.0041766204
-0.024;-0.0021900116
-0.024;-0.012383487
-0.0263;-0.007195636
-0.0259;-0.017544542
-0.0269;-0.016146895
-0.0271;-0.017903062
-0.0278;-0.022115666
-0.0286;-0.01650638
-0.0296;-0.017632997
-0.0291;-0.009794913
-0.0313;-0.022278138
-0.0314;-0.008145353
-0.031;-0.011892535
-0.0317;-0.0155822
-0.0324;-0.010770852
-0.0327;-0.014201788
-0.0346;-0.01674592
-0.0361;-0.013174033
-0.0365;-0.009994281
-0.0388;-0.009169312
-0.0393;-0.014267053
-0.0391;-0.015563861
-0.0379;-0.0061035976
-0.038;-0.019098142
-0.04;-0.022910485
-0.0377;-0.012318357
-0.0377;-0.0086769
-0.0378;-0.016492493
-0.0376;-0.018070478
-0.0368;-0.003292777
-0.0372;-0.024257056
-0.0364;0.0017648621
-0.035;-0.015220491
-0.0337;0.013995543
-0.0327;-0.015241653
-0.0313;0.008667675
-0.0291;-0.005132177
-0.0256;-0.0074042277
-0.0235;0.014361319
-0.0205;0.01191586
-0.0162;-0.0038265698
-0.0155;0.01124836
-0.0121;0.01613852
-0.0085;0.004239323
-0.0028;0.0012103771
0.0014;0.012882426
0.0058;0.004468556
0.0093;0.015214786
0.0145;0.014107015
0.0182;0.01956576
0.0227;0.016384361
0.0263;0.014933592
0.0286;0.005268741
0.0319;0.010208246
0.0346;0.012365311
0.0361;0.013974688
0.0367;0.0049737263
0.0381;0.020210631
0.0393;0.016064491
0.0397;0.0013568769
0.0408;0.010723481
0.0441;0.025688337
0.044;0.022586202
0.0438;0.007955585
0.0466;0.014197784
0.0471;0.016169243
0.0481;0.006793897
0.0476;0.017901367
0.049;0.014026828
0.0502;0.019682378
0.0519;0.017063815
0.0541;0.022687338
0.0547;0.019135984
0.0558;0.008329312
0.0566;0.013686614
0.0584;0.016537087
0.0595;0.0134873325
0.0592;0.017311275
0.0572;0.01572773
0.0563;0.014776172
0.0562;0.01563133
0.0551;0.016681783
0.0552;0.018332448
0.0562;0.01583444
0.0594;0.024831392
0.0577;0.013991058
0.0563;0.017046731
0.0579;0.022062413
0.0581;0.023146408
0.0604;0.015959997
0.0613;0.0242274
0.0659;0.012298061
0.0671;0.016923964
0.0704;0.006208299
0.0707;0.018871246
0.0726;0.0110524325
0.0741;0.017265934
0.075;0.013876373
0.0755;0.008534953
0.0746;0.012547932
0.0758;0.021841511
0.0765;0.015787095
0.0767;0.019839276
0.0772;0.020316802
0.0752;0.025723487
0.0743;0.016016914
0.0732;0.02142987
0.0714;0.025939174
0.07;0.013990851
0.068;0.015751468
0.0665;0.019019432
0.0668;0.013411669
0.0654;0.016243756
0.0657;0.018403376
0.0639;0.020818904
0.0634;0.021733327
0.0605;0.019226745
0.0602;0.014076191
0.0598;0.011877
0.0594;0.015808022
0.059;0.021554137
0.0579;0.017121146
0.0576;0.022171335
0.0557;0.019752108
0.0555;0.019636758
0.0554;0.013620503
0.0557;0.013657669
0.0563;0.022962516
0.0564;0.017150225
0.0586;0.023996754
0.0598;0.015934769
0.0611;0.018499168
0.0605;0.01693352
0.0604;0.022889446
0.0613;0.016817488
0.0621;0.017954117
0.0611;0.019211078
0.06;0.012524979
0.0594;0.016765235
0.0571;0.015202767
0.0565;0.011507379
0.0567;0.017715985
0.0545;0.010218408
0.0543;0.022607988
0.0535;0.020319387
0.0532;0.011588915
0.0547;0.019835575
0.0551;0.015465262
0.0543;0.017003002
0.0538;0.009672933
0.055;0.02137461
0.0568;0.018015184
0.0551;0.011874682
0.0529;0.011341489
0.0535;0.01575354
0.0516;0.018047905
0.0516;0.014339116
0.0501;0.012613141
0.049;0.020847237
0.048;0.01491959
0.0465;0.019605521
0.044;0.017351907
0.0424;0.023821576
0.0401;0.013931923
0.0388;0.015812017
0.0374;0.0091591915
0.0365;0.023733385
0.0362;0.014109142
0.0348;0.011464402
0.0336;0.018432971
0.0323;0.019220546
0.0325;0.023507273
0.0322;0.0076238564
0.0318;0.022349972
0.0311;0.019455276
0.0311;0.015233658
0.0317;0.018041495
0.031;0.020162836
0.031;0.006744274
0.0306;0.012465067
0.0322;0.022376813
0.0329;0.01904479
0.0324;0.014604475
0.0313;0.0073787714
0.031;0.0076234
0.0321;0.019420238
0.0336;0.0069568446
0.034;0.01793647
0.0352;0.017243002
0.0352;0.0032108766
0.037;0.013770182
0.0381;0.010095547
0.04;0.017130386
0.0401;0.008316444
0.0427;0.00021979166
0.0466;0.020996578
0.0467;0.019729143
0.0485;0.004018301
0.0476;0.019746535
0.0493;0.017253732
0.0503;0.025752963
0.0535;0.014507978
0.0543;0.0074299853
0.0538;0.013461571
0.055;0.012262505
0.0554;0.017897628
0.0533;0.014584857
0.0545;0.016798746
0.0537;0.009764319
0.0549;0.015734311
0.0553;0.007959075
0.0554;0.010762001
0.0553;0.018999584
0.0556;0.017171955
0.0548;0.01948774
0.0532;0.022877045
0.0541;0.016521828
0.0514;0.018887622
0.0503;0.011341105
0.0509;0.011585308
0.0507;0.016508263
0.0502;0.020641206
0.0458;0.013814244
0.043;0.017313743
0.0423;0.01976338
0.0395;0.015593205
0.0373;0.012959167
0.0377;0.0068618907
0.0377;0.017217664
0.0372;0.010892432
0.0327;0.013810968
0.0308;0.015425472
0.0288;0.017026445
0.0275;0.013970254
0.0261;0.011919061
0.0256;0.009419393
0.0221;0.012350458
0.0217;0.015537905
0.0216;0.017497897
0.0199;0.021328378
0.021;0.023908354
0.0207;0.018010201
0.0211;0.013784235
0.0208;0.023710283
0.0224;0.017461188
0.023;0.016135713
0.0206;0.018989833
0.0213;0.0193601
0.0227;0.0132142585
0.0217;0.021455012
0.0216;0.017329626
0.0236;0.018414294
0.0232;0.017071674
0.0224;0.014503598
0.0226;0.019276898
0.0196;0.022530226
0.0199;0.0177526
0.0201;0.019679522
0.0199;0.017095832
0.0206;0.0065223104
0.0194;0.02077143
0.0204;0.015146129
0.0202;0.014709778
0.0195;0.018290177
0.0203;0.020987451
0.0178;0.018978257
0.0167;0.016553322
0.015;0.009165304
0.0145;0.017602455
0.0127;0.01643251
0.0133;0.003203994
0.0112;0.015103312
0.0086;0.014511069
0.0076;0.01784456
0.0064;0.008975949
0.0036;0.027512724
0.0026;0.01246758
0.0011;0.0016869021
-0.0016;0.007827511
-0.0036;-0.0074768215
-0.0047;0.013554095
-0.0084;0.011015895
-0.0113;-0.021171577
-0.0136;0.013034198
-0.0165;-0.008098554
-0.0207;0.002191252
-0.0229;0.017990477
-0.0248;-0.01633834
-0.0263;-0.00011041947
-0.0264;-0.0026969519
-0.031;0.0067041083
-0.0319;-0.014117868
-0.0327;-0.01859844
-0.0341;-0.02371764
-0.0346;-0.010560631
-0.0351;-0.009205459
-0.0362;-0.014917056
-0.0371;-0.024765167
-0.0379;-0.012287595
-0.0353;-0.0057253395
-0.0349;-0.010828805
-0.035;-0.0027500247
-0.0337;-0.01356207
-0.033;-0.0008484233
-0.0325;-0.019798912
-0.0305;-0.015016742
-0.0295;-0.0062949304
-0.0301;-0.0037108858
-0.027;-0.0023020578
-0.025;-0.015773509
-0.0232;0.0015288508
-0.0228;-0.01894137
-0.0203;-0.0114494525
-0.0209;-0.024585014
-0.0211;-0.02180786
-0.021;-0.014685366
-0.022;-0.020489778
-0.022;-0.016247833
-0.0229;-0.008856577
-0.0226;-0.01679115
-0.0223;-0.009037981
-0.0263;-0.010268176
-0.026;-0.017075924
-0.0274;-0.01822469
-0.0268;-0.019893182
-0.0279;-0.012213659
-0.0297;-0.015915165
-0.0297;-0.02160839
-0.0301;-0.01961201
-0.03;-0.019068766
-0.0318;-0.014232071
-0.0349;-0.011758299
-0.0364;-0.019858977
-0.0379;-0.020811288
-0.0377;-0.021170443
-0.0394;-0.015573008
-0.0391;-0.014488314
-0.0379;-0.020210043
-0.0361;-0.019623138
-0.0326;-0.018954124
-0.0312;-0.01589515
-0.0279;-0.018796455
-0.0273;-0.020118501
-0.0242;-0.017190777
-0.0236;-0.016947912
-0.0223;-0.0069064265
-0.0213;-0.022487972
-0.02;-0.01878777
-0.0182;-0.015978329
-0.0206;-0.015607633
-0.0183;-0.019842956
-0.0162;-0.013775501
-0.012;-0.017096708
-0.0118;-0.019805152
-0.0124;-0.0074119125
-0.0122;-0.01987375
-0.0137;-0.015556383
-0.0136;-0.0180805
-0.0146;-0.019702164
-0.0128;-0.023165723
-0.0061;-0.020756697
-0.0059;-0.0074909427
-0.0048;-0.0014155015
-0.002;-0.01772889
-0.0025;-0.02719285
0.0005;-0.026729194
-0.0003;0.0051161433
0.0016;-0.017413829
0.0028;0.012294481
0.0044;-0.011407693
0.0072;0.013272678
0.0101;0.009910928
0.0111;0.013018174
0.0143;0.0029092897
0.0156;0.008019574
0.0197;0.019575523
0.0217;0.00981113
0.0241;0.013569712
0.0265;0.005220058
0.0238;0.009680698
0.0238;0.005443069
0.0235;0.0137632815
0.0211;0.013614513
0.0207;0.014645614
0.0195;0.013101865
0.0189;0.020398952
0.0194;0.005456567
0.0196;0.0106872395
0.0198;0.017493736
0.017;0.018623192
0.015;0.011297543
0.0154;0.017955547
0.013;0.018629255
0.0134;0.019198073
0.0161;0.009830856
0.0149;0.018043013
0.0154;0.019259688
0.0152;0.009781839
0.016;0.008984257
0.019;0.019568902
0.02;0.019179523
0.0215;0.020927008
0.0232;0.0100429095
0.0248;0.007866014
0.0263;0.014623941
0.0289;0.020741314
0.0317;0.015226951
0.033;0.021557786
0.0342;0.012338988
0.0385;0.014706437
0.04;0.006479926
0.0469;0.021784026
0.0485;0.014850178
0.0505;0.021700796
0.0534;0.01478284
0.0574;0.021241967
0.0599;0.020400122
0.0613;0.014938649
0.065;0.02294944
0.0659;0.020585364
0.0688;0.016632007
0.0717;0.023389397
0.073;0.023977932
0.0745;0.021019194
0.0757;0.018175054
0.0789;0.013014805
0.0794;0.017944649
0.0796;0.019661928
0.0786;0.018505199
0.0757;0.021072872
0.0774;0.017148094
0.0765;0.016893383
0.0753;0.019204726
0.0782;0.027692612
0.0778;0.01944466
0.0781;0.017547358
0.0758;0.01844801
0.0751;0.0147779025
0.0711;0.021629002
0.0679;0.017130772
0.0665;0.01831249
0.0649;0.01855059
0.0635;0.019472104
0.0604;0.012899298
0.0568;0.026079675
0.0556;0.018076075
0.0535;0.01591286
0.0518;0.01835407
0.0485;0.019462515
0.0483;0.017161686
0.0496;0.018257944
0.0508;0.017548084
0.0488;0.022769457
0.0493;0.016397005
0.0483;0.016126502
0.0505;0.024232846
0.0522;0.016223354
0.053;0.018517803
0.0517;0.017575886
0.055;0.022450205
0.0586;0.01684922
0.0607;0.01991675
0.0633;0.020692425
0.066;0.018786544
0.0687;0.023301177
0.069;0.014623228
0.0709;0.019108387
0.0734;0.022691157
0.0729;0.022767445
0.0741;0.024002044
0.0764;0.027739858
0.0795;0.021937346
0.0809;0.015150625
0.0831;0.023647444
0.0838;0.019004399
0.0831;0.02614505
0.0836;0.020261943
0.0823;0.020315588
0.0809;0.02157036
0.0773;0.023487333
0.0744;0.015345035
0.07;0.017693788
0.0694;0.015935363
0.0697;0.021890426
0.0694;0.023059996
0.0682;0.01801578
0.0675;0.022458386
0.0671;0.020570498
0.0655;0.020365177
0.0645;0.018263342
0.0645;0.017583247
0.0638;0.017064242
0.0627;0.021364246
0.0627;0.01917965
0.0638;0.022705462
0.0619;0.02041628
0.0609;0.018187953
0.0591;0.014884884
0.0614;0.015372609
0.0617;0.020079102
0.0594;0.022001017
0.0596;0.02458249
0.0574;0.021739233
0.0564;0.02234339
0.0556;0.021723934
0.0557;0.019276597
0.0564;0.02042019
0.0567;0.019481318
0.0571;0.020535484
0.0587;0.023110816
0.0615;0.022369286
0.0629;0.022643015
0.0636;0.01422089
0.0668;0.021379972
0.0691;0.021149233
0.0722;0.014792437
0.0751;0.022417767
0.0765;0.01839717
0.0799;0.017738812
0.082;0.015976103
0.0842;0.014882894
0.0864;0.016849935
0.0896;0.01704195
0.0912;0.02204568
0.0922;0.023433577
0.0944;0.019750822
0.0947;0.019694554
0.0957;0.018265806
0.0957;0.021792782
0.094;0.021874573
0.0925;0.023345755
0.0925;0.02508574
0.0921;0.021268098
0.093;0.022711871
0.0911;0.020186635
0.0883;0.025510497
0.0869;0.015341536
0.0847;0.017357595
0.0821;0.021532778
0.0823;0.021126788
0.0816;0.021855144
0.0813;0.0197343
0.0807;0.022233821
0.0801;0.021031946
0.0785;0.01703435
0.079;0.02016655
0.08;0.018978568
0.0788;0.016183056
0.0783;0.02215115
0.0765;0.019865878
0.0753;0.010822804
0.0781;0.020324243
0.0793;0.015406627
0.0807;0.016936578
0.0805;0.012503635
0.0866;0.021367341
0.0907;0.022891544
0.0924;0.020066595
0.0909;0.027442103
0.0928;0.015091363
0.0926;0.01906574
0.0872;0.018636435
0.087;0.013441423
0.0872;0.018908203
0.0867;0.02061244
0.087;0.014532957
0.0939;0.020224135
0.0924;0.018901398
0.09;0.022226783
0.0886;0.020972218
0.0868;0.019076154
0.0871;0.016215956
0.0832;0.020253217
0.0764;0.01812277
0.0765;0.019644408
0.0757;0.015702931
0.0706;0.018710991
0.0686;0.021636395
0.067;0.01962194
0.0688;0.021859298
0.067;0.021276316
0.067;0.018162582
0.066;0.016627567
0.0654;0.02462586
0.0629;0.009887293
0.0639;0.018129535
0.0652;0.020188628
0.0666;0.0171734
0.0676;0.020335218
0.0694;0.01696619
0.0699;0.018298622
0.0716;0.02272773
0.0726;0.019005954
0.0729;0.023388
0.0723;0.013428035
0.0733;0.017463226
0.0745;0.020743309
0.0737;0.023968432
0.0748;0.020843467
0.0771;0.02158484
0.0774;0.015474674
0.0774;0.014487979
0.0775;0.02445628
0.0787;0.021891084
0.0774;0.014995204
0.075;0.015997019
0.0738;0.023130931
0.0749;0.025341481
0.0728;0.020625757
0.0734;0.015197304
0.0714;0.01842106
0.0706;0.019483551
0.0693;0.01878335
0.0682;0.015669601
0.067;0.022346122
0.0613;0.014337973
0.0587;0.018420683
0.0563;0.0155399395
0.0552;0.020821959
0.0543;0.022591991
0.0513;0.011884009
0.0468;0.017095022
0.0431;0.016428163
0.0389;0.016278302
0.0359;0.0106213875
0.0342;0.016533624
0.0302;0.011130605
0.0286;0.012761605
0.0269;0.013919308
0.0242;0.018360332
0.0235;0.013514972
0.0185;0.007757738
0.0164;0.005870547
0.016;0.01646102
0.0132;0.005369116
0.0114;0.01286973
0.0104;0.015770903
0.0089;0.00072280364
0.0067;0.000102327205
0.0044;0.012907234
-0.0004;0.0148717025
-0.0027;0.002724537
-0.0025;0.017202409
-0.0072;0.009828012
-0.0069;0.01459786
-0.0088;0.00935593
-0.0093;0.0152723035
-0.0105;0.014575521
-0.0103;0.011539957
-0.0113;-0.00037961936
-0.0128;0.01867664
-0.017;0.017012559
-0.0175;0.0017396498
-0.019;0.008371731
-0.0209;0.0004431894
-0.021;0.020840488
-0.0271;0.011960094
-0.027;0.019558951
-0.0276;-0.0019520365
-0.0281;0.020970214
-0.0297;0.00059800944
-0.0304;0.012443807
-0.0323;0.0076388377
-0.0336;0.021937408
-0.0347;0.010953844
-0.0351;0.022277035
-0.0369;0.019065749
-0.0381;0.019524952
-0.0373;0.007916462
-0.0392;0.011119682
-0.0412;0.018554948
-0.042;0.016193239
-0.0401;0.015789684
-0.0433;0.023047859
-0.0441;0.021393232
-0.0466;-0.018947493
-0.0486;0.0039394754
-0.0508;-0.017557826
-0.0519;0.0038004727
-0.0546;-0.013453994
-0.0566;-0.0032472883
-0.0574;-0.018491954
-0.0579;-0.021194074
-0.0599;-0.0053547774
-0.0611;-0.013661448
-0.0584;-0.016283017
-0.0601;-0.01760974
-0.0608;-0.012233743
-0.0614;-0.009522923
-0.0647;-0.017861627
-0.0657;-0.016703682
-0.0667;-0.018482536
-0.0669;-0.016441455
-0.0669;-0.016520077
-0.0663;-0.014183954
-0.0655;-0.0057714754
-0.0646;-0.006816492
-0.0648;-0.015687307
-0.0645;-0.02500721
-0.0637;-0.015127502
-0.0622;-0.01603012
-0.0608;-0.014862796
-0.0606;-0.016394427
-0.0601;-0.016395263
-0.0586;-0.0043786243
-0.0563;-0.02325891
-0.0578;-0.01574365
-0.0566;-0.014837298
-0.0552;-0.016720505
-0.0542;-0.010134273
-0.0525;-0.023047691
-0.051;-0.012649071
-0.0479;-0.012870724
-0.0474;-0.018333107
-0.0488;-0.017626196
-0.0483;-0.018391414
-0.0457;-0.0097688455
-0.0447;-0.026751732
-0.0451;-0.004043992
-0.0443;-0.011008701
-0.041;-0.019021912
-0.0416;-0.017782113
-0.0425;-0.0018456765
-0.0416;0.0028259913
-0.0394;-0.0041403514
-0.0387;0.01045196
-0.0416;-0.013461188
-0.042;0.010162248
-0.0407;0.0065469146
-0.0407;0.010186208
-0.0407;0.012567768
-0.0388;-0.009531788
-0.0402;-2.159123e-05
-0.0397;0.009649543
-0.0395;0.0009391306
-0.0401;0.015300069
-0.0396;0.004117447
-0.0405;0.004484551
-0.0417;-0.00087326876
-0.0429;0.007500431
-0.0437;0.006127895
-0.0433;0.0050563444
-0.0434;0.017309071
-0.0441;0.00992177
-0.0461;0.0042542107
-0.0434;0.0017890317
-0.0445;-0.0029459693
-0.0444;0.016078768
-0.0435;0.0059201475
-0.0436;0.018801246
-0.0432;0.011798624
-0.0431;0.018910931
-0.0423;0.012119451
-0.0418;0.013531906
-0.042;0.010868443
-0.0416;-0.0004926949
-0.0404;0.010941578
-0.0409;-0.006134748
-0.0398;0.0014117332
-0.0383;0.020460451
-0.0381;-0.0021426182
-0.036;0.018650219
-0.0328;0.022442212
-0.0332;0.0014419218
-0.0327;0.0060315467
-0.0315;0.01672149
-0.0316;0.020503428
-0.0307;0.020201337
-0.0311;0.022295661
-0.031;0.021884326
-0.0297;0.01201828
-0.0277;0.023812214
-0.0268;0.009531605
-0.0258;0.01178749
-0.0243;0.019388393
-0.0218;0.0141635565
-0.0211;0.018566677
-0.0218;0.022264773
-0.0213;0.014642845
-0.0197;0.01931985
-0.0172;0.011866048
-0.0148;0.019684963
-0.011;0.010056702
-0.0094;0.014479483
-0.0071;0.015952373
-0.0044;0.018028293
-0.0021;0.012052306
0.0009;0.012070227
0.0048;0.016850488
0.0057;0.019813618
0.0078;0.014099058
0.0077;0.02266924
0.0111;0.016511219
0.0131;0.024076257
0.0146;0.011591411
0.018;0.015616044
0.0183;0.018457107
0.0228;0.008499709
0.0242;0.011388491
0.0297;0.020282574
0.0308;0.021079121
0.0323;0.012083048
0.0336;0.020007098
0.0343;0.010972766
0.035;0.01271931
0.0357;0.01857485
0.0354;0.021821199
0.0358;0.019938257
0.0354;0.020002373
0.0356;0.011175219
0.0362;0.017645907
0.0348;0.01130176
0.0373;0.021994064
0.0366;0.020598419
0.0387;0.008992244
0.0369;0.025074553
0.0355;0.016958205
0.0344;0.009939063
0.036;0.019760797
0.0355;0.01849323
0.034;0.018562624
0.0327;0.015083174
0.033;0.010213334
0.0327;0.015279612
0.0321;0.013235294
0.0304;0.019015959
0.0297;0.021994462
0.0302;0.020078005
0.0299;0.01526661
0.029;0.018425379
0.0306;0.019567475
0.0308;0.015429547
0.0321;0.020502735
0.0328;0.020949017
0.0327;0.026023671
0.0331;0.015380373
0.0326;0.019036302
0.0328;0.020611992
0.0323;0.018445358
0.031;0.023934461
0.0311;0.02339997
0.0287;0.017134676
0.0286;0.019645765
0.0285;0.023150008
0.0252;0.019062761
0.0238;0.020287607
0.0222;0.017483221
0.0205;0.020555612
0.0203;0.023841862
0.015;0.020043703
0.0138;0.023123864
0.0132;0.02060574
0.0132;0.015235761
0.0125;0.026362745
0.0095;0.01522583
0.0082;0.014226193
0.0077;0.01962413
0.0037;0.01585623
0.0018;0.022699058
0.0033;0.018229906
0.0049;0.017561886
0.0041;0.01910576
0.0037;0.017089652
0.0018;0.025271375
0.0002;0.024407795
-0.0003;0.020327473
-0.0008;0.017104963
-0.0011;0.010217608
-0.0007;0.007172093
-0.0004;0.024177078
0.0001;0.024244476
0.0003;0.020156378
0.0009;0.009012159
0.0014;0.026399963
0.0016;0.017797701
0.0002;0.020268962
0.0007;0.012517342
0.0045;0.022532273
0.0038;0.009640016
0.0043;0.01797275
0.0063;0.0110701155
0.007;0.015821932
0.0086;0.015343657
0.0099;0.01690533
0.0086;0.018226767
0.0111;0.02362459
0.011;0.011993989
0.0139;0.020428468
0.0159;0.020596903
0.0144;0.016324636
0.0163;0.024309773
0.0183;0.018454803
0.0201;0.019735936
0.0227;0.019267898
0.0248;0.019717157
0.0272;0.016488036
0.0267;0.018567024
0.0269;0.013230658
0.0281;0.020232411
0.0269;0.014303929
0.0238;0.02315793
0.023;0.029278368
0.024;0.019482795
0.0262;0.01901581
0.0253;0.008927871
0.0249;0.022223596
0.0249;0.011985451
0.0245;0.01756896
0.0256;0.019295279
0.0219;0.011833862
0.0223;0.012618374
0.0228;0.018742168
0.0232;0.010856005
0.0232;0.014919911
0.0219;0.01988707
0.0192;0.014811859
0.0179;0.015125814
0.0182;0.019515004
0.0172;0.022441372
0.016;0.0074508097
0.0145;0.018706145
0.0163;0.017142028
0.0166;0.019627765
0.0184;0.012336826
0.0172;0.019842202
0.0181;0.008183764
0.0183;0.016073257
0.0177;0.013950788
0.019;0.012308161
0.019;0.017426284
0.0217;0.015410397
0.0227;0.015963577
0.0244;0.016315483
0.0262;0.019253578
0.0261;0.006669336
0.0281;0.01811226
0.0285;0.019717477
0.0287;0.012190165
0.0309;0.017343743
0.0319;0.022100382
0.0323;0.011652626
0.0337;0.0111755915
0.0344;0.020701354
0.0326;0.015014717
0.0313;0.022926994
0.0306;0.016024204
0.0301;0.025148854
0.029;0.015155796
0.0286;0.017988695
