actual;predicted
-0.0533;-0.06244684
-0.0404;-0.0631259
-0.0355;-0.0588778
-0.0302;-0.04661305
-0.0097;-0.03195462
0.0007;-0.01650735
0.0087;-0.00384614
0.0187;0.01065722
0.0264;0.02300831
0.0376;0.03228012
0.0404;0.04187839
0.0454;0.04226003
0.0447;0.04810332
0.0502;0.04990888
0.0559;0.05633878
0.0563;0.05558409
0.0549;0.05508158
0.0526;0.0541162
0.0533;0.04880121
0.0604;0.05000676
0.0623;0.04652579
0.0634;0.05195724
0.0655;0.05038824
0.0648;0.06052174
0.0592;0.06170492
0.0519;0.05860359
0.047;0.05240163
0.0363;0.04778489
0.029;0.04365762
0.0249;0.02921552
0.02;0.02002024
0.0157;0.01335472
0.0121;0.01389101
0.0014;0.00809685
-0.009;0.00863011
-0.0106;0.00105764
-0.0152;-0.00578054
-0.0175;-0.00803982
-0.0205;-0.01094755
-0.0228;-0.0148709
-0.0282;-0.0198878
-0.0383;-0.01792438
-0.0502;-0.02360254
-0.0671;-0.03368002
-0.0833;-0.04638917
-0.0964;-0.05900982
-0.105;-0.08064146
-0.1112;-0.09688412
-0.1149;-0.10563198
-0.1138;-0.11151051
-0.115;-0.11128914
-0.1091;-0.11232577
-0.1036;-0.10675599
-0.0984;-0.10311521
-0.0996;-0.09204765
-0.0962;-0.08651122
-0.0924;-0.08555916
-0.0941;-0.08689766
-0.0919;-0.08342007
-0.0913;-0.07830356
-0.0904;-0.08083938
-0.0867;-0.07940177
-0.08;-0.08434227
-0.0727;-0.08206861
-0.0686;-0.07804427
-0.0632;-0.06877193
-0.065;-0.06264971
-0.0603;-0.06375427
-0.0559;-0.05610372
-0.0483;-0.05553355
-0.042;-0.05114646
-0.0297;-0.05256431
-0.0201;-0.04645258
-0.0039;-0.03664713
0.0012;-0.02256721
0.0078;-0.00577126
0.0081;0.00355945
0.0105;0.01059808
0.0152;0.00861678
0.0162;0.01096708
0.0171;0.00463908
0.021;0.00744796
0.0212;0.00830908
0.0285;0.00930442
0.033;0.01351973
0.0376;0.02065891
0.0405;0.03322546
0.0402;0.03549428
0.0409;0.03759456
0.0394;0.03403543
0.0407;0.03546805
0.0377;0.03344145
0.0347;0.03615747
0.0279;0.03183042
0.0211;0.02590787
0.0152;0.02177084
0.0133;0.01636495
0.0143;0.01227188
0.0183;0.00862645
0.0233;0.0086952
0.0288;0.01437583
0.0375;0.0223496
0.0448;0.033791
0.0485;0.04105127
0.0553;0.04579821
0.055;0.05177293
0.0542;0.05754943
0.0574;0.06269437
0.0628;0.06308731
0.0602;0.06405828
0.0595;0.06351772
0.0615;0.0640664
0.0598;0.06419639
0.0602;0.06398707
0.0606;0.06329563
0.0578;0.05874741
0.059;0.05652272
0.0556;0.05726259
0.0502;0.05739557
0.0411;0.05580055
0.0348;0.05191858
0.0177;0.04357414
0.0101;0.03323738
-0.0034;0.01926833
-0.0097;0.00463189
-0.0154;-0.00581282
-0.0189;-0.01222137
-0.0172;-0.01715543
-0.0184;-0.01777792
-0.0143;-0.02147597
-0.011;-0.01318287
-0.008;-0.01210869
-0.0049;-0.00474128
-0.0028;-0.00217694
-0.0009;0.00261597
0.0037;0.00576169
0.0023;0.0065221
0.0043;0.01323863
0.0059;0.01296935
0.0077;0.01607182
0.0053;0.01130292
0.004;0.01413866
0.005;0.00828594
0.0083;0.00686909
0.0087;0.00708496
0.0093;0.00779632
0.0139;0.00967507
0.0177;0.01015627
0.021;0.01560845
0.0217;0.01637044
0.0226;0.01973843
0.0231;0.01943884
0.0225;0.02455826
0.0239;0.02427936
0.0212;0.02388187
0.0192;0.02047526
0.0184;0.01949355
0.0172;0.01985481
0.0138;0.01669985
0.0123;0.01247734
0.0103;0.00889295
0.0054;0.01077688
0.0034;0.00813442
0.0012;0.00647605
-0.0027;0.0015102
-0.006;0.00112705
-0.0088;-0.00141016
-0.009;-0.00612217
-0.008;-0.00858141
-0.0044;-0.01018173
0.0034;-0.00978917
0.0088;-0.00514341
0.0209;0.0028229
0.0277;0.01159495
0.037;0.02132526
0.0402;0.0310638
0.0429;0.04133839
0.0421;0.0465452
0.0375;0.04635527
0.0292;0.04584296
0.0259;0.03927508
0.0217;0.032765
0.0207;0.02612756
0.019;0.02015043
0.0178;0.01739865
0.0156;0.01511557
0.0145;0.01620523
0.0186;0.01515846
0.0197;0.01353389
0.0215;0.01573195
0.026;0.01667913
0.0226;0.01994204
0.0174;0.02219654
0.0217;0.02447438
0.0147;0.0214386
0.0105;0.01889893
0.0124;0.01647082
0.0125;0.01421905
0.0115;0.01125043
0.0089;0.01299616
0.0087;0.01183746
0.0012;0.01019723
-0.0081;0.00945785
-0.0136;0.0047844
-0.0189;-0.00388129
-0.0213;-0.01350957
-0.0248;-0.0170145
-0.0219;-0.02307273
-0.0185;-0.0253499
-0.0135;-0.02416288
-0.0152;-0.01537506
-0.0091;-0.01137574
-0.0013;-0.00601905
0.0082;-0.00252754
0.0123;0.00097477
0.0148;0.00706799
0.0154;0.01161705
0.0178;0.01994315
0.0196;0.02102407
0.0183;0.02537895
0.0178;0.02160208
0.0208;0.02139503
0.0283;0.02211264
0.0333;0.02577168
0.0416;0.0277702
0.0477;0.02836108
0.0504;0.04288546
0.0519;0.05058742
0.0472;0.05371216
0.0403;0.04853326
0.0292;0.04786231
0.0219;0.03911202
0.0193;0.02673933
0.0161;0.01502542
0.0179;0.00898543
0.0231;0.00990827
0.0285;0.01229904
0.0328;0.02387446
0.0314;0.02449423
0.0323;0.02954859
0.0299;0.03000198
0.0295;0.03372664
0.0304;0.03336979
0.0308;0.03084869
0.0307;0.02970823
0.0291;0.02960294
0.031;0.03220984
0.0361;0.0333867
0.0462;0.03513036
0.0516;0.03780686
0.0569;0.04622698
0.0628;0.05340012
0.0669;0.06011781
0.0663;0.06513463
0.0732;0.07019964
0.0697;0.07138404
0.0627;0.07018618
0.0591;0.06745111
0.0531;0.06476936
0.0478;0.05676271
0.0429;0.05132986
0.0356;0.04558702
0.0338;0.04191621
0.0309;0.03698299
0.0324;0.03127124
0.0327;0.02794604
0.0306;0.02711382
0.0354;0.02710277
0.041;0.02900089
0.0417;0.03303503
0.0455;0.03747873
0.0479;0.046357
0.0476;0.05237111
0.0458;0.05681303
0.0432;0.05421131
0.0395;0.04675483
0.0387;0.04631985
0.0369;0.04541193
0.0306;0.04198688
0.0254;0.03401168
0.0209;0.02771539
0.0142;0.0264987
0.0087;0.0231623
0.0093;0.01652526
0.0072;0.01044328
0.0108;0.00636134
0.0112;0.00660145
0.0118;0.00925941
0.0145;0.01125428
0.0174;0.01482822
0.021;0.01772711
0.035;0.0224287
0.0353;0.02599666
0.0438;0.03253328
0.0512;0.03979956
0.0571;0.04667849
0.0619;0.05341718
0.0649;0.06208906
0.0695;0.06820772
0.0661;0.0712761
0.0665;0.07119307
0.0955;0.07125587
0.1;0.07483458
0.1037;0.08460868
0.1045;0.09826609
0.1039;0.10359485
0.1057;0.10759607
0.1067;0.10903689
0.1098;0.10485696
0.1181;0.10131577
0.1281;0.10311092
0.1353;0.11037011
0.1354;0.1151396
0.1368;0.12603371
0.141;0.13379079
0.1394;0.13983005
0.1398;0.13889982
0.1384;0.1339255
0.1431;0.13255277
0.1397;0.13290784
0.1345;0.14057846
0.1145;0.13323492
0.1111;0.12215626
0.105;0.1152685
0.0971;0.11574695
0.0967;0.10381681
0.0953;0.09132043
0.0981;0.08475233
0.1076;0.08873564
0.1209;0.09312445
0.1311;0.10517906
0.1389;0.1253516
0.14;0.13903114
0.1399;0.14402384
0.1321;0.14264047
0.1253;0.14437099
0.1261;0.13244887
0.1252;0.13503323
0.13;0.12808926
0.1361;0.12872891
0.1458;0.13016793
0.1628;0.13830379
0.1672;0.15137361
0.1743;0.15817551
0.176;0.16847722
0.1711;0.17627306
0.1673;0.18131782
0.1616;0.17833799
0.1524;0.17557554
0.141;0.15614143
0.1275;0.14763854
0.1127;0.13571212
0.1063;0.1237782
0.1038;0.11040102
0.0969;0.09466682
0.0889;0.0955413
0.0802;0.09292812
0.0703;0.0853908
0.0508;0.08028823
0.0323;0.06736047
0.0188;0.05279556
-0.0117;0.0304194
-0.0231;0.01083696
-0.0265;-0.00882632
-0.0256;-0.02135594
-0.0253;-0.02663198
-0.0201;-0.02091546
-0.0147;-0.01881254
-0.0182;-0.01213073
-0.0158;-0.00390175
-0.0151;-0.00068656
-0.0158;-0.00400664
-0.0146;-0.00365296
-0.0104;-0.00667257
-0.0074;-0.00781854
-0.0052;-0.0040574
-0.007;-0.00049056
-0.009;0.01069146
-0.0057;0.00688063
-0.0044;0.00998019
-0.0039;3.1695236e-06
0.0035;-0.00136964
0.0061;0.00034674
0.0062;0.00457424
0.004;0.00254474
0.0103;0.00251685
0.0149;0.00801564
0.0223;0.00993276
0.0337;0.01546134
0.0517;0.01799083
0.0796;0.03271289
0.0951;0.04884711
0.1109;0.07345499
0.1205;0.10093281
0.1272;0.1158506
0.1359;0.12629376
0.1399;0.1333096
0.1444;0.13325585
0.1515;0.13076955
0.159;0.13291836
0.1614;0.14302365
0.1747;0.14782304
0.1747;0.15777145
0.1755;0.16659793
0.1733;0.17616196
0.1643;0.1685735
0.1583;0.15712371
0.1525;0.15230411
0.1377;0.14144447
0.1267;0.137409
0.1084;0.12077965
0.0989;0.11057587
0.0821;0.09736633
0.0701;0.08738192
0.0575;0.07329997
0.0367;0.05852141
0.0191;0.04392914
0.0012;0.02832797
-0.0195;0.01496627
-0.0361;0.00074977
-0.0454;-0.01266148
-0.0481;-0.03281616
-0.0546;-0.04613721
-0.0599;-0.05118005
-0.0597;-0.05059697
-0.0626;-0.0493429
-0.0615;-0.04472766
-0.0562;-0.0435726
-0.0488;-0.04059399
-0.0407;-0.03650304
-0.0332;-0.0291305
-0.0293;-0.02279835
-0.0283;-0.02008675
-0.0264;-0.01843841
-0.0248;-0.01429977
-0.0222;-0.01001325
-0.0219;-0.00637466
-0.0222;-0.00746567
-0.0195;-0.01226479
-0.0162;-0.01282263
-0.015;-0.01218994
-0.0142;-0.01395724
-0.0162;-0.01506818
-0.0155;-0.01348081
-0.0189;-0.01272736
-0.026;-0.01496453
-0.0315;-0.02338514
-0.0387;-0.02885757
-0.0456;-0.03667499
-0.0453;-0.04439968
-0.0409;-0.04656952
-0.0358;-0.04805477
-0.0305;-0.04759713
-0.0261;-0.0416748
-0.0261;-0.03661027
-0.0282;-0.03099902
-0.0323;-0.02628662
-0.0389;-0.0253808
-0.0358;-0.02609573
-0.0348;-0.03608867
-0.0289;-0.03899138
-0.0266;-0.03760399
-0.0236;-0.03391896
-0.0225;-0.02825181
-0.0209;-0.02306189
-0.0206;-0.0218081
-0.0202;-0.01911485
-0.0196;-0.02092017
-0.0137;-0.01687643
-0.0072;-0.01969598
-0.0015;-0.01685184
0.0001;-0.01400809
0.006;-0.00762439
0.0105;0.0001262
0.0143;0.00628723
0.0156;0.01258643
0.0142;0.01440521
0.012;0.01743316
0.0132;0.01511837
0.0154;0.01409929
0.0153;0.01179801
0.011;0.01159851
0.0067;0.01155084
0.0015;0.01048602
-0.0079;0.00590342
-0.0175;-0.00273749
-0.0298;-0.01254749
-0.0379;-0.02122004
-0.0421;-0.02791081
-0.0363;-0.03646793
-0.0268;-0.04240358
-0.0148;-0.04093997
-0.0059;-0.03164995
-0.0019;-0.01772324
0.001;-0.00736595
-0.0008;0.00266608
-0.0028;0.00682975
-0.0022;0.00996282
-0.0012;0.0082336
0.0028;0.00495066
0.0066;0.00243185
0.0111;0.00134394
0.0144;0.00789399
0.0176;0.01172377
0.0176;0.01827924
0.0171;0.01993397
0.0162;0.02229235
0.0143;0.02117972
0.0203;0.0203209
0.0208;0.01930264
0.0211;0.01551209
0.0214;0.0148042
0.0208;0.016209
0.0163;0.0210451
0.0113;0.02088288
0.0054;0.01670586
0.0004;0.00939079
-0.0048;0.00285195
-0.0037;-0.0012583
0.0043;-0.00420469
0.0129;-0.00296636
0.0232;7.510488e-05
0.0332;0.00927902
0.0412;0.02030134
0.0494;0.03287235
0.0576;0.04626781
0.0603;0.05503304
0.0654;0.06561092
0.0664;0.06992409
0.0702;0.0742842
0.0699;0.07246809
0.0753;0.07188337
0.0799;0.06853785
0.0865;0.07167149
0.0934;0.07535136
0.0969;0.0817012
0.0987;0.08737087
0.0974;0.09527646
0.0928;0.10124309
0.0864;0.09956051
0.0846;0.09137082
0.0811;0.08316352
0.0782;0.0772577
0.074;0.0709371
0.068;0.06990872
0.0624;0.06571524
0.0573;0.06586543
0.0493;0.05957409
0.046;0.05704962
0.0418;0.05044006
0.0367;0.04495511
0.0319;0.03738576
0.0301;0.03230065
0.0306;0.02864517
0.0364;0.02857281
0.0452;0.0344621
0.0553;0.03919328
0.0651;0.05053971
0.0716;0.06266108
0.0787;0.07439952
0.0831;0.08190767
0.0844;0.08732374
0.0822;0.09123118
0.0779;0.09241479
0.0715;0.08792957
0.0631;0.08182623
0.0555;0.07176557
0.0469;0.06179756
0.0426;0.05287381
0.0381;0.04677685
0.0377;0.04093545
0.0352;0.03798493
0.0332;0.03390135
0.0325;0.03225394
0.0341;0.03193929
0.0371;0.03095834
0.0406;0.03304066
0.042;0.03415223
0.0435;0.04100265
0.044;0.04473031
0.04;0.04709801
0.0365;0.04590824
0.0322;0.04528375
0.0295;0.04216326
0.0286;0.03768743
0.0268;0.03347823
0.025;0.0280189
0.0212;0.02657324
0.0144;0.02399909
0.011;0.02304048
0.009;0.0188365
0.0094;0.01394159
0.0116;0.01088109
0.0158;0.0098463
0.0215;0.01112715
0.027;0.01506819
0.0348;0.02215352
0.0375;0.02918222
0.0355;0.03698293
0.0429;0.03974277
0.047;0.04204798
0.0477;0.04290317
0.0478;0.04466632
0.0484;0.0472309
0.0477;0.04881675
0.0445;0.05179022
0.0399;0.04957844
0.0362;0.04516633
0.038;0.04048174
0.0406;0.04018163
0.0459;0.03686142
0.0515;0.03654034
0.0554;0.04025662
0.0558;0.04850925
0.054;0.05663521
0.0476;0.05730343
0.0384;0.05441504
0.0239;0.04543645
0.0123;0.03678909
0.0042;0.02212231
-0.0047;0.00825003
-0.0103;-0.00510081
-0.0125;-0.01086552
-0.012;-0.01335744
-0.0053;-0.01473251
0.0048;-0.01030826
0.0157;-0.00561624
0.0276;0.00448524
0.0422;0.01608511
0.0505;0.03403424
0.0551;0.04854718
0.0636;0.05926289
0.0715;0.06643818
0.0806;0.07591921
0.0911;0.0812128
0.0965;0.08413671
0.0997;0.09000987
0.1002;0.09693837
0.0986;0.10391378
0.0938;0.1030663
0.0896;0.10034749
0.0863;0.09468526
0.0882;0.08666641
0.0901;0.08066931
0.0912;0.07667132
0.0938;0.07742966
0.098;0.08239393
0.1028;0.08770411
0.105;0.0951325
0.1;0.10100731
0.0959;0.10369376
0.0897;0.10087547
0.0879;0.09282788
0.0816;0.08467335
0.0785;0.07831486
0.075;0.07508244
0.075;0.07418241
0.074;0.07382962
0.0754;0.0739307
0.0771;0.07240184
0.0849;0.07585634
0.0942;0.08148899
0.1062;0.09005438
0.1146;0.09713925
0.1196;0.10880026
0.1205;0.12021159
0.1157;0.1261695
0.1097;0.12468382
0.1121;0.11873395
0.1089;0.11498961
0.1089;0.11033146
0.1073;0.10919386
0.107;0.10439938
0.1081;0.10448942
0.1099;0.10558539
0.1133;0.10861426
0.121;0.1096297
0.125;0.112341
0.134;0.11794139
0.1439;0.12294568
0.1487;0.13260765
0.1537;0.1426019
0.1572;0.15457211
0.161;0.16012667
0.1624;0.1632125
0.1595;0.16412285
0.1603;0.16096696
0.1583;0.1602436
0.1514;0.15641546
0.1481;0.15329368
0.1461;0.14753266
0.1466;0.14654648
0.1467;0.14552107
0.1469;0.14422576
0.1452;0.14037928
0.1421;0.1388984
0.1402;0.13988742
0.1312;0.14135294
0.1267;0.14059621
0.1266;0.13321316
0.1255;0.12623553
0.1284;0.12390811
0.1337;0.12470477
0.1385;0.123894
0.1431;0.12841536
0.151;0.13656752
0.1472;0.14544672
0.138;0.15007478
0.1326;0.15141837
0.123;0.14960709
0.1149;0.1382163
0.1055;0.12639388
0.0998;0.11303337
0.0987;0.10461445
0.1036;0.0983083
0.1091;0.09927653
0.1166;0.10093712
0.1243;0.10967861
0.1336;0.11996242
0.1422;0.12936126
0.1482;0.13890363
0.1541;0.14227578
0.1583;0.15185174
0.1697;0.15848403
0.1794;0.16537291
0.189;0.17152835
0.2052;0.17760645
0.2125;0.1922754
0.2287;0.20595726
0.2322;0.22174293
0.2334;0.22759068
0.2309;0.23507917
0.2275;0.23649053
0.2281;0.23486695
0.2265;0.22657529
0.231;0.2177352
0.2333;0.21602003
0.2388;0.21480608
0.2426;0.22562876
0.2418;0.22897857
0.2402;0.23602533
0.2385;0.23791528
0.2313;0.23797566
0.2201;0.23451233
0.2104;0.21958505
0.1945;0.21257307
0.1815;0.1960823
0.1682;0.1873271
0.159;0.16975719
0.1473;0.16006142
0.1379;0.15137275
0.1322;0.14290066
0.1185;0.13881499
0.1044;0.12703171
0.0959;0.12186511
0.0865;0.10786782
0.0779;0.10064641
0.0723;0.08746363
0.0661;0.0800013
0.0595;0.0733617
0.0511;0.06968924
0.045;0.0645729
0.0349;0.05696899
0.0302;0.05578254
0.0304;0.04820958
0.0338;0.04709744
0.042;0.03873139
0.0545;0.04223194
0.0632;0.04726021
0.0714;0.05976762
0.0791;0.07449685
0.0804;0.08341306
0.0877;0.09238217
0.0848;0.09823461
0.0864;0.10136401
0.0947;0.09720691
0.1002;0.09503672
0.1124;0.09609493
0.1219;0.1050908
0.1281;0.10984239
0.135;0.12121701
0.1402;0.12901586
0.1498;0.13461058
0.153;0.14023012
0.1581;0.14503235
0.1633;0.15117127
0.1636;0.15095259
0.1657;0.15716374
0.1638;0.15773176
0.1609;0.15881409
0.1567;0.15625452
0.1547;0.15390432
0.1466;0.14785552
0.1435;0.14026478
0.1406;0.13793759
0.1366;0.13433033
0.1325;0.13083461
0.1217;0.12767535
0.1171;0.12091876
0.1128;0.11462883
0.108;0.10899451
0.1038;0.10598701
0.0918;0.09895074
0.0801;0.0937131
0.0697;0.09035973
0.0559;0.08489398
0.0458;0.0731217
0.0249;0.05651757
0.0143;0.04204283
0.0054;0.02358081
-0.0011;0.01107483
-0.0052;0.00148377
-0.0108;-0.00239275
-0.0151;-0.00408876
-0.0209;-0.00272348
-0.0229;-0.00569493
-0.026;-0.00918996
-0.0262;-0.01422039
-0.0258;-0.01466156
-0.0239;-0.0160609
-0.0238;-0.01936421
-0.0248;-0.01567451
-0.0292;-0.0150513
-0.0317;-0.0110265
-0.0346;-0.01372959
-0.0377;-0.01845356
-0.0388;-0.02824424
-0.038;-0.03120388
-0.0372;-0.03369531
-0.0397;-0.03226754
-0.0398;-0.03462351
-0.0387;-0.03536059
-0.0412;-0.03282513
-0.0383;-0.03578905
-0.0338;-0.03372445
-0.0242;-0.03636715
-0.0143;-0.03236871
-0.0039;-0.02662125
0.0001;-0.01528785
0.001;-0.00387443
-0.0021;0.00426724
-0.0094;0.00628889
-0.0131;0.00048873
-0.0143;-0.00699776
-0.0122;-0.01856762
-0.0049;-0.01863102
0.0028;-0.01967957
0.0114;-0.01336038
0.0137;-0.00219129
0.0135;0.00796945
0.0113;0.01803105
0.009;0.0141525
0.0059;0.01087153
0.0021;0.00433469
-0.0002;0.00012537
-0.0017;-0.00378833
-0.0043;-0.00675504
0.0005;-0.00881656
0.001;-0.00860161
0.0019;-0.00501014
0.0081;-0.00138484
0.02;0.00250918
0.028;0.00392654
0.0347;0.01370348
0.0456;0.02416133
0.0517;0.03907673
0.0596;0.04925287
0.0672;0.05843867
0.0771;0.06217983
0.0819;0.06814636
0.0835;0.07696724
0.08;0.08060253
0.0763;0.08395736
0.0658;0.08183375
0.0565;0.08046294
0.0468;0.06902526
0.0397;0.05699518
0.0321;0.04008116
0.031;0.02752977
0.0302;0.0184946
0.0308;0.01860266
0.0325;0.0216303
0.0345;0.02547342
0.036;0.03282382
0.0378;0.03805218
0.0412;0.04132932
0.0468;0.04127529
0.0454;0.04433682
0.046;0.04285863
0.0478;0.04409122
0.0492;0.04795815
0.0562;0.05507048
0.0616;0.05795737
0.0636;0.05983119
0.0715;0.06606004
0.0762;0.07047024
0.0818;0.07496034
0.0809;0.08088718
0.0777;0.08594972
0.0778;0.08471184
0.0792;0.08331017
0.0758;0.08164303
0.0725;0.07799125
0.0709;0.07226386
0.067;0.06991749
0.0629;0.06794111
0.0598;0.0643675
0.0594;0.05863309
0.0594;0.05836562
0.0592;0.05773159
0.0608;0.055256
0.0592;0.05474043
0.06;0.05373197
0.0584;0.05760346
0.0551;0.06028707
0.0515;0.06172382
0.042;0.05930617
0.0361;0.05334633
0.0284;0.04860353
0.0222;0.03957662
0.0189;0.02942511
0.0185;0.02121185
0.0185;0.01929748
0.0216;0.01798742
0.0242;0.01913187
0.0268;0.0234943
0.0283;0.02582111
0.0301;0.02964011
0.0292;0.0301988
0.0259;0.03491782
0.0256;0.03417097
0.027;0.03244899
0.0283;0.03001445
0.0319;0.03056436
0.0375;0.02963444
0.0468;0.03264115
0.0515;0.04126728
0.0555;0.04793209
0.0544;0.05479582
0.0516;0.05663915
0.0455;0.06023316
0.0371;0.05722374
0.0335;0.04741251
0.0281;0.03853327
0.0236;0.029181
0.0203;0.02517108
0.0198;0.01959374
0.0202;0.01690567
0.0212;0.01574539
0.0223;0.01950901
0.0227;0.02213772
0.0251;0.0223508
0.0281;0.02234079
0.0335;0.02242671
0.0386;0.02827691
0.0462;0.03094241
0.0523;0.03910038
0.0539;0.04756093
0.0548;0.05375475
0.0569;0.05896205
0.0553;0.06013604
0.0551;0.06318785
0.051;0.05923869
0.0484;0.05539294
0.0453;0.05132707
0.0446;0.04886484
0.0418;0.04264148
0.0437;0.03917533
0.0441;0.03756157
0.0458;0.03908483
0.0493;0.04157908
0.0488;0.04447941
0.0493;0.04824799
0.0494;0.04974351
0.053;0.05028768
0.0517;0.04998903
0.0518;0.05062734
0.0549;0.05014113
0.0589;0.05188639
0.0625;0.05283666
0.0632;0.0572585
0.0651;0.05989435
0.0677;0.06666894
0.0697;0.06950372
0.0668;0.07383215
0.0735;0.07134404
0.0761;0.0711927
0.0854;0.07183268
0.0974;0.07585187
0.1097;0.08613313
0.1181;0.09417478
0.1246;0.11061602
0.1245;0.1203988
0.128;0.12926687
0.1328;0.1282531
0.1337;0.13005337
0.1351;0.12989911
0.1378;0.13166912
0.1356;0.13066383
0.1268;0.12947334
0.123;0.13034177
0.1189;0.12390594
0.1188;0.12150708
0.1182;0.1153778
0.1167;0.11484915
0.1191;0.1092174
0.1219;0.11166011
0.1255;0.11421932
0.1295;0.12013626
0.1325;0.12249219
0.1356;0.12712711
0.1389;0.13436247
0.1401;0.13712712
0.1421;0.13887066
0.1373;0.13770688
0.1338;0.14114398
0.1245;0.14058062
0.121;0.1368288
0.1223;0.12847866
0.1251;0.12459631
0.131;0.12053955
0.1379;0.12049101
0.1436;0.12417997
0.1524;0.1343467
0.1596;0.14914015
0.1667;0.15820593
0.1702;0.16606592
0.1772;0.17184745
0.1824;0.17556632
0.1894;0.17720234
0.1921;0.18197905
0.1914;0.1870889
0.1814;0.19215734
0.1731;0.19008788
0.1642;0.18422805
0.1564;0.1750516
0.1525;0.16282041
0.1518;0.15435934
0.1495;0.14491299
0.1526;0.14135051
0.1594;0.14130715
0.1634;0.14703833
0.1699;0.15706974
0.1783;0.16645588
0.1884;0.17487225
0.2021;0.17899503
0.2101;0.18973967
0.214;0.19953428
0.2116;0.21279262
0.2052;0.21684304
0.2004;0.21716607
0.1981;0.2106661
0.2029;0.20416862
0.2075;0.19810446
0.2117;0.19637907
0.219;0.1989544
0.2285;0.20445131
0.2345;0.21830395
0.2424;0.22919807
0.2457;0.24124534
0.2469;0.244864
0.2422;0.24560833
0.2329;0.24401404
0.2207;0.23641697
0.2066;0.22915183
0.1982;0.21538363
0.1944;0.2035958
0.1956;0.19306073
0.1967;0.1876502
0.1979;0.18647656
0.194;0.1889412
0.1844;0.1889642
0.1716;0.18626143
0.1551;0.18322301
0.1337;0.17465855
0.1176;0.16206715
0.1185;0.13835633
0.1195;0.12044422
0.1265;0.10998386
0.1337;0.11236886
0.1391;0.12282372
0.1493;0.13661519
0.1571;0.15345165
0.16;0.16057427
0.1649;0.16917087
0.1692;0.17062877
0.168;0.17554094
0.1696;0.17104006
0.1692;0.17025827
0.1654;0.17058437
0.1632;0.17376257
0.1617;0.17526641
0.1598;0.16903976
0.1616;0.16523564
0.1591;0.16188195
0.1564;0.16409148
0.1553;0.15946351
0.1549;0.15441784
0.1501;0.14882396
0.1414;0.14901933
0.1334;0.14604998
0.1254;0.13771832
0.1146;0.1296817
0.1113;0.11656937
0.1048;0.10870774
0.1009;0.10410058
0.0964;0.10795848
0.0929;0.10617354
0.0896;0.0975982
0.0868;0.09075256
0.0816;0.08565345
0.0809;0.08258625
0.0791;0.07946636
0.0733;0.07940329
0.067;0.07815207
0.0591;0.08062283
0.0527;0.07530981
0.0491;0.06936197
0.0443;0.05979381
0.0438;0.04924396
0.0479;0.04530395
0.0533;0.04255858
0.058;0.04856243
0.0652;0.05297665
0.0729;0.05924799
0.0804;0.06781284
0.0842;0.08139367
0.0869;0.08808862
0.0845;0.08885219
0.0789;0.08713936
0.0716;0.08589645
0.0639;0.08452936
0.0551;0.07454858
0.0495;0.06669883
0.0484;0.05635319
0.0438;0.04861674
0.0411;0.0411034
0.0358;0.03825267
0.0405;0.03473758
0.0473;0.03482155
0.049;0.03842594
0.0557;0.04140089
0.0644;0.05031929
0.0723;0.05544869
0.0737;0.06599782
0.0759;0.07068762
0.0755;0.07547042
0.0722;0.07955269
0.0706;0.08049572
0.0699;0.07626016
0.0726;0.07010163
0.0816;0.06914926
0.0861;0.07022883
0.0912;0.07841573
0.0938;0.08133258
0.0906;0.08824021
0.0825;0.09177442
0.0732;0.09368363
0.0598;0.08648293
0.0442;0.06961413
0.0296;0.05610872
0.0201;0.04008485
0.0088;0.02575113
0.006;0.00977292
0.0021;0.00249176
-0.0017;-0.00391289
-0.005;-0.00562008
-0.0087;-0.0062685
-0.0203;-0.00610902
-0.0273;-0.00913617
-0.0275;-0.01743125
-0.0225;-0.02213395
-0.0164;-0.02357882
-0.0088;-0.01918597
-0.0047;-0.01423369
-0.0007;-0.00283313
-0.0001;0.00683461
-0.0028;0.01077308
-0.0073;0.01115904
-0.0169;0.00854624
-0.0251;0.00593557
-0.0318;-0.0062569
-0.038;-0.01959158
-0.0397;-0.03349334
-0.0413;-0.03975761
-0.0358;-0.04392041
-0.0327;-0.0430587
-0.0312;-0.03955348
-0.0339;-0.03165182
-0.04;-0.02630009
-0.0492;-0.02749377
-0.0576;-0.03488499
-0.0662;-0.04675743
-0.0693;-0.05569779
-0.0671;-0.06696139
-0.0679;-0.07086852
-0.0649;-0.07564538
-0.0622;-0.07231596
-0.0619;-0.06876269
-0.0589;-0.06120414
-0.0584;-0.05037892
-0.056;-0.04913197
-0.0538;-0.04847223
-0.0517;-0.05175525
-0.049;-0.05095581
-0.0475;-0.05198639
-0.0426;-0.04966582
-0.0423;-0.04588985
-0.036;-0.04095028
-0.0317;-0.0377377
-0.0254;-0.03379441
-0.0179;-0.0270226
-0.004;-0.02239872
0.0117;-0.0149238
0.0219;-0.00534661
0.0293;0.00630923
0.0309;0.01983535
0.0339;0.02673354
0.0334;0.03298132
0.0332;0.0320351
0.0311;0.03274452
0.0314;0.03072757
0.0361;0.02997753
0.0375;0.02989592
0.0446;0.02870068
0.0483;0.03327158
0.0523;0.03579039
0.0565;0.04532173
0.0592;0.04644964
0.0573;0.04849536
0.0486;0.05167848
0.0408;0.05174093
0.0295;0.05017083
0.0183;0.03692213
0.0108;0.02717253
0.0064;0.014037
0.005;0.00768353
0.0058;-0.00036579
0.0107;-0.00285863
0.0152;-0.00164893
0.0225;0.00522589
0.0306;0.01834808
0.0394;0.02734069
0.0515;0.03906496
0.0618;0.0445042
0.0658;0.05411292
0.0681;0.06338166
0.0643;0.07120793
0.0614;0.07583828
0.0571;0.07361594
0.0521;0.07143535
0.0544;0.06297494
0.0566;0.05845181
0.0594;0.05305596
0.0623;0.05373583
0.067;0.05447103
0.0745;0.05825032
0.0808;0.06674556
0.0858;0.07490758
0.0909;0.08170468
0.0908;0.08510803
0.0892;0.09208813
0.0872;0.09298053
0.0885;0.09317432
0.0828;0.08796015
0.0802;0.08619892
0.0746;0.08261242
0.0685;0.07787352
0.0589;0.07335962
0.0495;0.06438756
0.0447;0.05391308
0.0407;0.04597685
0.0432;0.04063668
0.0458;0.04006366
0.0505;0.04117764
0.0518;0.04491054
0.0522;0.04963255
0.0517;0.05356425
0.0547;0.0574779
0.0527;0.05755606
0.061;0.05884247
0.071;0.05998965
0.0789;0.06652105
0.0865;0.06931344
0.0881;0.07919881
0.0866;0.08655217
0.0848;0.09346707
0.0838;0.09323668
0.0813;0.09006874
0.0819;0.08692463
0.0799;0.08259545
0.0778;0.08080549
0.0721;0.07839407
0.0648;0.07943563
0.0561;0.07027082
0.0491;0.06677224
0.0476;0.05537867
0.0492;0.04878699
0.0527;0.04120102
0.0603;0.04136495
0.0683;0.04830011
0.0712;0.05598423
0.0691;0.06665638
0.0672;0.07265701
0.0647;0.0760195
0.0649;0.07229588
0.0637;0.07057501
0.0635;0.06393588
0.0644;0.06172581
0.0656;0.06220471
0.0682;0.06676993
0.0698;0.07204147
0.0701;0.0732612
0.0684;0.07485911
0.0637;0.07241356
0.0626;0.06803284
0.0588;0.06206119
0.0585;0.05934853
0.0592;0.05799468
0.0591;0.05864
0.0589;0.05958256
0.0548;0.05813713
0.0523;0.05859947
0.0448;0.05419196
0.0383;0.0494654
0.0322;0.04156856
0.0277;0.03547985
0.0248;0.03258722
0.022;0.0292441
0.0232;0.0257504
0.0283;0.02400605
0.032;0.02209077
0.0434;0.02494896
0.0531;0.032574
0.0631;0.04461886
0.0716;0.0590462
0.0768;0.07150289
0.0784;0.08164038
0.079;0.08605718
0.0775;0.08677144
0.0742;0.08327819
0.0766;0.07956281
0.0748;0.07438079
0.0764;0.07083125
0.0805;0.07122623
0.0854;0.07434594
0.0885;0.07946636
0.0935;0.0854324
0.0941;0.08857742
0.0919;0.09213842
0.0848;0.09088227
0.0795;0.08830584
0.0729;0.0810918
0.0692;0.07441878
0.0662;0.06858089
0.0674;0.06520076
0.0736;0.06302894
0.0768;0.06365716
0.0834;0.06786372
0.0919;0.07457045
0.0981;0.0840515
0.105;0.09129193
0.1097;0.10086033
0.1126;0.10556924
0.116;0.11220009
0.1119;0.11504436
0.1071;0.11787364
0.0971;0.11467677
0.0876;0.10869943
0.0758;0.09973545
0.0695;0.08865061
0.07;0.07691827
0.0713;0.06712301
0.0759;0.06254941
0.0812;0.06528976
0.0884;0.06984112
0.0946;0.0776155
0.0972;0.08647155
0.1004;0.09406089
0.0998;0.09954645
0.101;0.10129528
0.0986;0.10523794
0.0944;0.10422436
0.0889;0.10244359
0.0823;0.09665976
0.0773;0.09270921
0.0713;0.08522896
0.0731;0.07689238
0.073;0.07158197
0.0779;0.06951307
0.0828;0.07228789
0.0917;0.07460966
0.0961;0.08184609
0.1052;0.09255546
0.1121;0.10241538
0.1251;0.1118779
0.1368;0.11751997
0.1498;0.12866321
0.1564;0.13752906
0.1627;0.14998174
0.1674;0.159148
0.1693;0.16862711
0.171;0.17153293
0.1689;0.17150573
0.1616;0.16897021
0.1605;0.16384277
0.1551;0.15973276
0.1493;0.14978877
0.1413;0.14784627
0.1306;0.14027764
0.1223;0.13817051
0.1174;0.12803972
0.1123;0.11960965
0.1102;0.10999376
0.1069;0.10447072
0.103;0.10158563
0.0985;0.09783884
0.0944;0.097729
0.0938;0.09414014
0.094;0.09519618
0.0945;0.09451951
0.1014;0.09492222
0.1019;0.09505621
0.1088;0.09778177
0.1082;0.10670666
0.1094;0.11451008
0.1021;0.11877003
0.1008;0.11774077
0.1;0.11310107
0.0962;0.1092032
0.09;0.10415491
0.0843;0.09982017
0.0785;0.09031356
0.082;0.08616626
0.0795;0.08068345
0.0792;0.08175274
0.0827;0.08047424
0.0875;0.08214433
0.0931;0.0827287
0.1015;0.08437987
0.1054;0.09146617
0.11;0.09838821
0.1171;0.11151456
0.1287;0.11541597
0.1308;0.1235076
0.1314;0.1264277
0.1313;0.13389778
0.1302;0.13675243
0.1242;0.13504595
0.1225;0.13017076
0.1158;0.1251861
0.1167;0.12296804
0.1173;0.1202694
0.1199;0.11386853
0.1254;0.10836378
0.1244;0.11223549
0.1252;0.11739027
0.1193;0.12473337
0.1106;0.12345546
0.0971;0.11616059
0.0844;0.10782947
0.0676;0.09519298
0.0577;0.08327273
0.0522;0.06212847
0.0493;0.0486602
0.0462;0.03967511
0.0431;0.04278699
0.0397;0.04107572
0.0412;0.04400382
0.0369;0.04363931
0.0355;0.04341808
0.0274;0.04099285
0.0225;0.0383934
0.0172;0.03659046
0.0121;0.02756951
0.0079;0.0218428
0.005;0.01524318
0.006;0.01489299
0.0048;0.01239703
0.0014;0.01080465
0.0024;0.00940912
0.0;0.00558526
0.0034;0.00904561
0.0031;0.00915512
0.0029;0.00732537
0.0017;0.00409809
-0.0026;0.00443088
-0.0079;0.00521126
-0.014;0.00208844
-0.0199;-0.00521128
-0.0225;-0.01069757
-0.0202;-0.01637002
-0.0222;-0.01646422
-0.02;-0.01698777
-0.017;-0.01947449
-0.0158;-0.02184481
-0.0171;-0.01988195
-0.015;-0.01672824
-0.0147;-0.01538087
-0.016;-0.01348776
-0.0204;-0.01317209
-0.0249;-0.01431787
-0.0275;-0.01926931
-0.0325;-0.02086374
-0.0362;-0.02509987
-0.0414;-0.03143327
-0.0483;-0.03636547
-0.0528;-0.04335776
-0.0588;-0.0483202
-0.0642;-0.05744623
-0.0667;-0.06133066
-0.0684;-0.06765007
-0.0671;-0.06782007
-0.0643;-0.0685171
-0.0594;-0.06638263
-0.0595;-0.06559538
-0.0573;-0.06196892
-0.0614;-0.05583772
-0.0681;-0.055795
-0.066;-0.0557151
-0.0615;-0.06009743
-0.0543;-0.06080949
-0.0447;-0.06058195
-0.0359;-0.0549849
-0.0286;-0.04480328
-0.0286;-0.03461577
-0.0289;-0.02685236
-0.0273;-0.02132073
-0.0329;-0.02126618
-0.0423;-0.02383645
-0.0584;-0.03215612
-0.06;-0.04266851
-0.0628;-0.05401068
-0.0678;-0.06258352
-0.0727;-0.07058702
-0.0694;-0.07519479
-0.0679;-0.07752242
-0.064;-0.07196864
-0.0603;-0.06942508
-0.0564;-0.0661316
-0.0532;-0.06372074
-0.0506;-0.05420385
-0.0458;-0.05156163
-0.0452;-0.04809128
-0.0453;-0.04539127
-0.0457;-0.04195035
-0.0437;-0.03883953
-0.0424;-0.04447395
-0.0396;-0.04380432
-0.0392;-0.04218948
-0.0376;-0.0325976
-0.0395;-0.0329163
-0.0432;-0.03425382
-0.0455;-0.04043736
-0.045;-0.04140353
-0.0419;-0.0465553
-0.0368;-0.04746251
-0.0256;-0.04462659
-0.0187;-0.03969959
-0.0106;-0.03058991
-0.0056;-0.01926032
0.0116;-0.00371271
0.0169;0.00404202
0.0227;0.01221882
0.0279;0.0160363
0.0337;0.02471466
0.039;0.02699905
0.0404;0.03248652
0.0412;0.03500453
0.0422;0.04041404
0.0416;0.04240138
0.0503;0.04497353
0.0577;0.04424951
0.0619;0.04609355
0.0691;0.0514674
0.0785;0.05776447
0.0845;0.06993492
0.0903;0.07479165
0.0915;0.08466893
0.0884;0.08538772
0.085;0.08937187
0.0747;0.08665903
0.0708;0.07825944
0.0671;0.0709936
0.0621;0.06437332
0.0545;0.06039884
0.0513;0.05560141
0.0482;0.05086323
0.0405;0.0468445
0.0384;0.04152517
0.0326;0.03919356
0.0306;0.03520852
0.028;0.03285115
0.0276;0.02686459
0.0285;0.02881963
0.0262;0.03073453
0.0255;0.03125352
0.0243;0.03264621
0.0178;0.02980081
0.0187;0.02851692
0.023;0.02382233
0.0292;0.02708279
0.0347;0.02774487
0.0369;0.03175421
0.0429;0.03505444
0.0483;0.045754
0.0538;0.05314403
0.0586;0.05541101
0.0587;0.06081881
0.0619;0.06074946
0.0635;0.0665938
0.0629;0.06793272
0.0567;0.0698689
0.0456;0.06617971
0.0394;0.05803933
0.0341;0.04928277
0.0303;0.04119758
0.0276;0.02993489
0.0293;0.02240794
0.0298;0.02145162
0.0241;0.02328743
0.017;0.02487393
0.0127;0.02222394
0.0074;0.01995909
0.0029;0.01761974
-0.0023;0.00872428
-0.0058;0.00159503
-0.0055;-0.00694476
-0.0026;-0.00687947
0.0023;-0.00489662
0.0105;0.00055124
0.0173;0.0059465
0.0218;0.01382445
0.0231;0.02439549
0.0254;0.02807004
0.0254;0.02883521
0.0245;0.02854115
0.0248;0.03017298
0.0243;0.028931
0.026;0.02709648
0.0261;0.02756309
0.0259;0.02951257
0.0335;0.02657087
0.0398;0.02693084
0.0455;0.03103689
0.0497;0.03757123
0.0557;0.04578756
0.0598;0.05092188
0.0596;0.0578124
0.0538;0.05886842
0.0444;0.0555914
0.0443;0.05114748
0.0434;0.04650605
0.0444;0.04137936
0.0465;0.03836892
0.049;0.03830087
0.0495;0.04449671
0.0467;0.04916051
0.0389;0.04873858
0.0294;0.04553876
0.0181;0.03898438
0.0065;0.03213942
-0.0028;0.01451675
-0.0099;-0.00080131
-0.0128;-0.01091106
-0.0144;-0.01225086
-0.0132;-0.01260116
-0.0066;-0.01584217
0.0016;-0.01204724
0.0113;-0.00607706
0.024;0.00586549
0.0329;0.01559845
0.0414;0.02769876
0.0472;0.03852952
0.0511;0.04811369
0.0539;0.05409399
0.054;0.05955256
0.052;0.06150026
0.0534;0.05975543
0.0522;0.05770655
0.0568;0.05393997
0.0557;0.05624476
0.0586;0.05584704
0.0605;0.05715795
0.0629;0.05894522
0.0635;0.05976463
0.0629;0.06050197
0.0654;0.05753775
0.0635;0.05853913
0.0662;0.05825808
0.0677;0.06015092
0.0732;0.06104245
0.0755;0.06756872
0.0779;0.0741161
0.0788;0.07536475
0.0774;0.07680836
0.0731;0.07395963
0.0694;0.07740055
0.0685;0.07100715
0.0722;0.06878618
0.0734;0.06417556
0.0765;0.06908439
0.0755;0.0723374
0.0753;0.07613355
0.0751;0.07817508
0.0748;0.0764259
0.0739;0.07857043
0.0721;0.07429741
0.0739;0.07591956
0.079;0.07263036
0.0817;0.07417072
0.0872;0.07445347
0.0915;0.0790336
0.0957;0.08550229
0.0983;0.09211846
0.0996;0.09603633
0.1025;0.09836251
0.1046;0.103149
0.108;0.10475117
0.1117;0.10730143
0.1125;0.10858025
0.1111;0.11183873
0.1084;0.11408237
0.1072;0.11315974
0.1021;0.11148696
0.0973;0.10495164
0.094;0.0993866
0.0914;0.09496517
0.0932;0.09349585
0.0975;0.09191839
0.0993;0.09071016
0.1004;0.09285465
0.1037;0.09551062
0.1066;0.10027459
0.1049;0.10308114
0.1047;0.1064948
0.1028;0.10535558
0.1042;0.10563427
0.1043;0.10617725
0.1072;0.10635817
0.1081;0.10543539
0.1106;0.10733666
0.1123;0.11008839
0.1137;0.11125699
0.1153;0.11069044
0.1171;0.11377741
0.121;0.11718636
0.1225;0.12092102
0.1226;0.12331545
0.1268;0.12362
0.1339;0.12440527
0.1402;0.12648045
0.1447;0.13272671
0.1494;0.1372738
0.153;0.14395955
0.1548;0.14966759
0.1574;0.15601689
0.1622;0.15520526
0.1635;0.15878625
0.1742;0.16092788
0.1807;0.16537112
0.1876;0.16865072
0.1951;0.17541412
0.1988;0.18591644
0.2065;0.19178066
0.2119;0.20173453
0.2175;0.20592262
0.2218;0.21228987
0.2218;0.21690822
0.2138;0.22130081
0.2063;0.21816497
0.1983;0.20918383
0.1894;0.2016139
0.1825;0.19213684
0.1776;0.1847853
0.1769;0.1726307
0.171;0.17044698
0.1643;0.16434506
0.1539;0.16370177
0.1392;0.15974483
0.1231;0.15167402
0.1099;0.13894531
0.0966;0.12070917
0.0886;0.10776494
0.0826;0.09182115
0.086;0.08396394
0.0827;0.07890259
0.0902;0.08333631
0.0981;0.08796181
0.1107;0.09849684
0.1192;0.11015481
0.1244;0.11935949
0.1243;0.12722978
0.1257;0.13380013
0.128;0.1385297
0.1309;0.13887735
0.1356;0.13912493
0.1402;0.13999264
0.1451;0.14241453
0.1488;0.14512335
0.1487;0.15060711
0.147;0.15273769
0.1426;0.15271102
0.1391;0.14927004
0.1375;0.14754906
0.1311;0.13866933
0.1296;0.13306567
0.1288;0.12515746
0.1278;0.12265012
0.1202;0.11878008
0.1165;0.1163583
0.1131;0.11669014
0.1063;0.11576995
0.1084;0.11350745
0.1087;0.1092173
0.1078;0.10360001
0.1039;0.10218979
0.103;0.1024728
0.1029;0.10247745
0.101;0.10247568
0.1007;0.10079412
0.1016;0.10228854
0.1042;0.10194858
0.1036;0.10525814
0.1023;0.10548711
0.1006;0.10783685
0.0856;0.10599668
0.0738;0.1016317
0.0563;0.08987439
0.0471;0.07306072
0.0359;0.05773439
0.0298;0.04105704
0.026;0.02998436
0.027;0.02159918
0.0272;0.02086021
0.0263;0.02375576
0.0239;0.0275054
0.0239;0.03301865
0.0275;0.03027733
0.0261;0.03020671
0.028;0.02777313
0.0312;0.02804217
0.0343;0.03049077
0.0445;0.03612805
0.0544;0.04843928
0.0691;0.04998799
0.0883;0.06272908
0.1051;0.07553802
0.1277;0.09749416
0.1415;0.11123993
0.1556;0.13108148
0.1662;0.14878727
0.1791;0.16485706
0.1846;0.17584483
0.1873;0.18166372
0.1885;0.18569152
0.1848;0.18223363
0.1792;0.1818099
0.169;0.17689936
0.158;0.16793768
0.1493;0.15913163
0.1399;0.1484057
0.1314;0.13758337
0.1209;0.12461976
0.1137;0.11113355
0.1007;0.10169195
0.0904;0.09200887
0.0777;0.08755936
0.0664;0.07864049
0.0509;0.07118632
0.0485;0.06013796
0.0434;0.05249005
0.0395;0.04401227
0.0387;0.0378633
0.0339;0.04067182
0.0331;0.03833666
0.0333;0.04189897
0.0309;0.03884488
0.0293;0.04090727
0.0199;0.04094061
0.0138;0.03771032
0.0116;0.03174467
0.011;0.02530927
0.0133;0.02103788
0.0183;0.01891551
0.0223;0.02346728
0.026;0.02449683
0.0238;0.0315025
0.0199;0.03188698
0.0145;0.03252812
0.0077;0.03008784
0.0021;0.0192121
0.0022;0.01298808
0.0053;0.00404663
0.0111;0.00370745
0.0208;0.00421974
0.0362;0.01039269
0.0476;0.02087136
0.0645;0.03640279
0.0796;0.05427077
0.094;0.07342361
0.1021;0.09052865
0.1089;0.10038714
0.1106;0.10803869
0.1148;0.11114818
0.1164;0.11390302
0.1185;0.1148366
0.1164;0.11531066
0.1202;0.11347679
0.1231;0.11141992
0.1255;0.11316694
0.1274;0.11604536
0.1308;0.11929036
0.1346;0.11887802
0.1361;0.12300569
0.1377;0.12479792
0.1363;0.12367637
0.1381;0.12580885
0.1394;0.12601693
0.1405;0.12975764
0.1401;0.1293116
0.138;0.13353463
0.1342;0.13561791
0.1328;0.13731368
0.1314;0.13110277
0.1286;0.12957138
0.1264;0.12424792
0.114;0.12455633
0.1096;0.11888777
0.0956;0.11234935
0.0884;0.10472686
0.0775;0.09576919
0.0667;0.08992904
0.0569;0.07719059
0.0454;0.06887094
0.0324;0.05514994
0.0127;0.04640546
-0.0037;0.02955809
-0.015;0.01650083
-0.0224;-0.00109594
-0.0262;-0.01414098
-0.0313;-0.02351405
-0.0389;-0.02867541
-0.0431;-0.02747228
-0.045;-0.03447391
-0.0442;-0.0318425
-0.033;-0.03711921
-0.0252;-0.02718364
-0.0147;-0.0221491
0.0017;-0.00966284
0.0132;0.00030319
0.0172;0.01137992
0.0216;0.02649106
0.0199;0.03459344
0.0133;0.04123748
0.0092;0.03503136
0.0099;0.02764555
0.0215;0.01445932
0.0298;0.01395122
0.0374;0.01716286
0.0458;0.02438663
0.0525;0.0359544
0.0607;0.04616806
0.0675;0.06004392
0.076;0.06136017
0.0807;0.06667198
0.0875;0.0656345
0.0901;0.07515308
0.0875;0.08069665
0.0824;0.08570256
0.0775;0.08434203
0.0765;0.07721639
0.0759;0.07497785
0.0787;0.0650543
0.086;0.06697667
0.0898;0.0687818
0.0937;0.07730534
0.0933;0.08063918
0.0899;0.08450365
0.0824;0.0915516
0.073;0.09200998
0.067;0.08325046
0.0614;0.06805804
0.0584;0.05866963
0.0554;0.04862906
0.0535;0.05020544
0.0526;0.051248
0.0479;0.05564206
0.045;0.0531846
0.0455;0.04913247
0.0438;0.0454254
0.045;0.03951136
0.0445;0.03730519
0.0455;0.04016346
0.0446;0.04601172
0.044;0.05116009
0.044;0.05444118
0.0429;0.05309039
0.0431;0.04995925
0.042;0.04872252
0.0439;0.04715456
0.0431;0.04735788
0.0392;0.04502366
0.0384;0.04632732
0.0329;0.04649838
0.0313;0.04212883
0.0283;0.03868523
0.0283;0.03317596
0.0258;0.02925544
0.022;0.02387162
0.0219;0.02264507
0.018;0.02492029
0.0135;0.02682489
0.0093;0.02611265
0.0073;0.0188272
0.004;0.01300176
0.0049;0.00540033
0.0074;0.00195148
0.0125;0.00114929
0.0149;0.00562481
0.0209;0.01346411
0.0261;0.01895947
0.0327;0.02773345
0.036;0.03246785
0.0411;0.03810902
0.0427;0.03977374
0.0436;0.04377364
0.0442;0.04454118
0.0461;0.04607324
0.0419;0.04685925
0.0394;0.04691917
0.0436;0.04456411
0.0431;0.0404185
0.0449;0.04084561
0.0461;0.03850742
0.0476;0.04064808
0.0488;0.04234395
0.0402;0.04706214
0.0391;0.0433852
0.0381;0.04101135
0.0397;0.03844443
0.0432;0.03664752
0.0487;0.03425631
0.0568;0.03594353
0.0648;0.04530609
0.0732;0.05524882
0.0804;0.06714547
0.0862;0.07535386
0.0917;0.08416094
0.0954;0.08830001
0.0982;0.09578218
0.0933;0.09637972
0.091;0.09517334
0.0865;0.09412963
0.0806;0.09119575
0.0709;0.08738686
0.0594;0.07638752
0.0533;0.0692861
0.0477;0.05908151
0.043;0.04774588
0.0424;0.03932887
0.042;0.035537
0.0439;0.03682271
0.0477;0.03726796
0.0493;0.04253149
0.0547;0.04488819
0.0548;0.04911425
0.0533;0.05366435
0.0528;0.0572949
0.0535;0.05940279
0.0537;0.05687629
0.0551;0.05921435
0.0575;0.06027512
0.0547;0.06075693
0.0526;0.05786218
0.0476;0.05883455
0.0415;0.05517313
0.0383;0.05251979
0.0347;0.04628665
0.0327;0.03925074
0.035;0.03662779
0.038;0.03288276
0.0444;0.03660833
0.0544;0.03927791
0.0619;0.04522475
0.0699;0.05267976
0.0703;0.06248308
0.0666;0.07114249
0.0611;0.07474018
0.0551;0.07278705
0.0498;0.06481456
0.0483;0.05738744
0.0514;0.0468986
0.0578;0.04513695
0.064;0.04731743
0.0712;0.05551931
0.0843;0.06251974
0.089;0.07336377
0.0973;0.08483323
0.1036;0.09652613
0.1074;0.10340276
0.117;0.10625245
0.1226;0.11327777
0.1255;0.11386716
0.1294;0.11997287
0.1316;0.12180063
0.1341;0.12668204
0.1351;0.13140213
0.1357;0.13297164
0.1355;0.13334197
0.1342;0.13119169
0.1352;0.13168126
0.1338;0.12846899
0.1342;0.12915014
0.1332;0.12735909
0.1296;0.12936743
0.1259;0.12548238
0.1211;0.12235413
0.1132;0.12067736
0.111;0.11836998
0.1086;0.11489629
0.1076;0.10953195
0.1081;0.10632627
0.1057;0.10323674
0.1083;0.10318661
0.1107;0.10388742
0.1116;0.1067178
0.1151;0.10789941
0.1164;0.11073507
0.1186;0.11614051
0.1209;0.12141533
0.124;0.1253012
0.126;0.12819262
0.1279;0.12916695
0.1318;0.13125029
0.1313;0.13307385
0.1396;0.13298811
0.1365;0.1354589
0.138;0.13778488
0.138;0.14053491
0.1427;0.14085646
0.1523;0.13989213
0.1584;0.14523101
0.1687;0.14954653
0.1813;0.15829004
0.1895;0.16707748
0.1992;0.1805073
0.203;0.18973018
0.2024;0.20007682
0.1994;0.20490226
0.1962;0.20757072
0.1898;0.20346703
0.1828;0.19194718
0.1659;0.18649733
0.1525;0.17149793
0.135;0.1633579
0.1228;0.1443465
0.1152;0.1284939
0.1086;0.1156618
0.1023;0.10470137
0.1034;0.10063074
0.1085;0.09578501
0.1157;0.09857836
0.1152;0.10418207
0.1138;0.11332777
0.1088;0.1167444
0.0943;0.12083521
0.0832;0.11288606
0.0708;0.10126854
0.0575;0.08861469
0.0479;0.07460623
0.0404;0.06388803
0.0364;0.04661334
0.0345;0.04139783
0.0322;0.03867841
0.0266;0.03993399
0.0272;0.03661153
0.0293;0.03432967
0.0381;0.03175413
0.0457;0.03555216
0.0517;0.04631997
0.0609;0.0524624
0.0637;0.06205882
0.0666;0.06597479
0.0723;0.07357852
0.0831;0.07618967
0.0807;0.08275813
0.0856;0.08593962
0.0866;0.0865265
0.0902;0.08409022
0.1016;0.08846756
0.1081;0.09947848
0.1168;0.09812687
0.1298;0.10842088
0.1388;0.11265521
0.1469;0.12909903
0.1523;0.1374211
0.1581;0.14665979
0.162;0.15435371
0.1625;0.15809225
0.1607;0.16156678
0.1605;0.15818964
0.1556;0.15729469
0.1479;0.14851102
0.1349;0.1443704
0.1212;0.12875715
0.1135;0.12082046
0.1028;0.11491507
0.0972;0.10431086
0.0964;0.09486982
0.093;0.08329277
0.0964;0.0855297
0.1041;0.0862918
0.1101;0.0913218
0.1166;0.09857381
0.1215;0.11069965
0.1266;0.11790894
0.129;0.1255268
0.1297;0.13230693
0.1285;0.13397352
0.1275;0.13612105
0.1267;0.13360913
0.1267;0.13123275
0.1273;0.12826087
0.1315;0.12744069
0.1356;0.12873864
0.1336;0.1325424
0.1319;0.13622515
0.1233;0.13730963
0.1221;0.13381355
0.1189;0.1281285
0.1164;0.12580149
0.1133;0.11775547
0.1125;0.11172812
0.1144;0.10925291
0.1153;0.11184209
0.1172;0.11110789
0.1175;0.11329867
0.1195;0.11430904
0.1166;0.1216117
0.1108;0.12177138
0.1008;0.11636244
0.0843;0.11190101
0.0666;0.09881226
0.0487;0.0873727
0.0242;0.0652962
0.0081;0.04641562
-0.0016;0.02447403
-0.009;0.01057998
-0.0141;-0.00476797
-0.016;-0.01247281
-0.0181;-0.01818895
-0.0176;-0.0161645
-0.0181;-0.01074029
-0.0118;-0.01275112
-0.0075;-0.01026855
0.0003;-0.00834113
0.0103;-0.00116521
0.0181;0.00701662
0.0251;0.01654854
0.0259;0.02818637
0.0243;0.03680063
0.0176;0.0411588
0.0081;0.0390042
-0.0026;0.02924097
-0.0108;0.01482252
-0.0161;0.00277142
-0.0256;-0.01000483
-0.0318;-0.0217725
-0.0377;-0.02882998
-0.0383;-0.03580873
-0.037;-0.03601236
-0.0364;-0.04011706
-0.0287;-0.03943221
-0.0223;-0.03729275
-0.0185;-0.03277053
-0.0151;-0.02361486
-0.0127;-0.01797288
-0.0113;-0.01266224
-0.008;-0.01058566
-0.0048;-0.00616514
0.0006;-0.00764907
0.0065;-0.00722643
0.0131;-0.0015485
0.0196;0.00778759
0.0227;0.01760472
0.0262;0.0219451
0.0282;0.02880798
0.0292;0.03310607
0.0302;0.03286998
0.0324;0.02986573
0.036;0.02602126
0.0387;0.0259652
0.0382;0.02928987
0.0426;0.03302925
0.0435;0.0358179
0.0442;0.0406792
0.0408;0.03978795
0.0359;0.03858464
0.0309;0.03246995
0.0304;0.02789001
0.0312;0.02421006
0.0398;0.02147159
0.0428;0.02658295
0.0461;0.03274513
0.0508;0.03980111
0.0552;0.04632765
0.059;0.05281555
0.0625;0.05804849
0.0641;0.06205325
0.0654;0.06508603
0.0672;0.06736492
0.0628;0.06777871
0.0597;0.06708159
0.0559;0.06423349
0.0561;0.06035757
0.0548;0.05498538
0.051;0.05288169
0.0469;0.04824946
0.0393;0.04848661
0.0381;0.04649005
0.0338;0.04379959
