actual;predicted
-0.036;-0.10596946
-0.0335;-0.10597868
-0.0329;-0.10606349
-0.0283;-0.10618786
-0.0267;-0.10637883
-0.0246;-0.10659298
-0.0261;-0.10683021
-0.0293;-0.10703868
-0.0321;-0.10718773
-0.0386;-0.10726969
-0.0436;-0.10723796
-0.0519;-0.10710946
-0.0606;-0.1068495
-0.0665;-0.10646134
-0.0697;-0.10598397
-0.0791;-0.10546532
-0.0824;-0.10485977
-0.0842;-0.10424535
-0.0804;-0.10364828
-0.0821;-0.10315034
-0.0806;-0.10271075
-0.0777;-0.10236554
-0.0761;-0.1021218
-0.075;-0.10196272
-0.0731;-0.10187338
-0.0607;-0.10184845
-0.0566;-0.10199359
-0.0556;-0.10222955
-0.0522;-0.10251511
-0.0455;-0.10284577
-0.0442;-0.10324049
-0.0356;-0.10363726
-0.026;-0.10410957
-0.0243;-0.10466816
-0.0239;-0.10523109
-0.0212;-0.10576777
-0.0212;-0.10628033
-0.0246;-0.10673001
-0.0261;-0.10707608
-0.0304;-0.1073348
-0.0328;-0.10747494
-0.0344;-0.10752657
-0.0357;-0.10750893
-0.0369;-0.10744222
-0.0384;-0.10734253
-0.0451;-0.10721754
-0.0447;-0.10701411
-0.0423;-0.10681157
-0.0427;-0.10663832
-0.0429;-0.10648217
-0.0415;-0.10635132
-0.0487;-0.10626005
-0.0491;-0.10610839
-0.0493;-0.10596048
-0.054;-0.10581134
-0.0552;-0.10562006
-0.0592;-0.1054243
-0.0591;-0.10519128
-0.0609;-0.1049701
-0.0627;-0.1047447
-0.0614;-0.10452119
-0.064;-0.10433386
-0.0635;-0.10414372
-0.0652;-0.10398386
-0.066;-0.10382704
-0.0596;-0.10368189
-0.0593;-0.103626
-0.0674;-0.10360341
-0.0646;-0.10351962
-0.0688;-0.10346787
-0.0669;-0.10336605
-0.0706;-0.10328638
-0.0708;-0.10316975
-0.0675;-0.10305613
-0.0676;-0.10298413
-0.0616;-0.10292833
-0.0615;-0.10295912
-0.0632;-0.10301527
-0.0613;-0.10307138
-0.0623;-0.10314946
-0.0618;-0.10321238
-0.0629;-0.10327469
-0.0594;-0.10331589
-0.0586;-0.10338676
-0.0574;-0.10346355
-0.0513;-0.10355483
-0.0531;-0.10371292
-0.0507;-0.10385562
-0.054;-0.10402297
-0.0456;-0.10414074
-0.0424;-0.104334
-0.0446;-0.10455416
-0.0392;-0.10475099
-0.0375;-0.10499468
-0.032;-0.10524028
-0.0293;-0.10553522
-0.0314;-0.10584778
-0.0326;-0.10612115
-0.0331;-0.10635042
-0.0344;-0.10653228
-0.0346;-0.10665897
-0.037;-0.10674807
-0.0338;-0.10678054
-0.0363;-0.10682625
-0.035;-0.10682967
-0.0312;-0.10684118
-0.03;-0.10689017
-0.0299;-0.10695772
-0.0229;-0.10703386
-0.0216;-0.10719175
-0.0181;-0.10736965
-0.0159;-0.1075942
-0.0104;-0.10784039
-0.0087;-0.10814191
-0.0052;-0.10845204
-0.0098;-0.10878827
-0.01;-0.10904631
-0.0113;-0.10926549
-0.0103;-0.10942206
-0.0117;-0.10955016
-0.011;-0.10962978
-0.0041;-0.10969365
-0.003;-0.10982056
-0.0037;-0.10995759
-0.0038;-0.11009084
-0.0052;-0.11021479
-0.0039;-0.11030557
-0.0029;-0.11039262
-0.0034;-0.11047435
-0.0022;-0.11053957
-0.0004;-0.11060952
0.0035;-0.1106918
0.0039;-0.1108162
0.001;-0.11094544
-0.0025;-0.11103868
-0.0029;-0.11107595
-0.0045;-0.11108395
-0.0037;-0.1110507
-0.0053;-0.11101411
-0.0162;-0.11095272
-0.0179;-0.11076078
-0.0202;-0.11053643
-0.0241;-0.1102684
-0.0248;-0.10995864
-0.0312;-0.10965418
-0.0276;-0.10929576
-0.0288;-0.10900347
-0.03;-0.10872786
-0.0309;-0.10848144
-0.0305;-0.10826136
-0.0305;-0.1080783
-0.0294;-0.10792604
-0.0295;-0.10781604
-0.0269;-0.10773191
-0.0276;-0.10770122
-0.0278;-0.10768325
-0.0276;-0.10767911
-0.0245;-0.10768424
-0.0224;-0.10772908
-0.019;-0.107805
-0.0156;-0.10792978
-0.0168;-0.10810181
-0.0131;-0.1082649
-0.0119;-0.10846528
-0.0105;-0.10866661
-0.0075;-0.10887216
-0.0075;-0.10909609
-0.0031;-0.10930294
-0.0013;-0.10954305
0.0;-0.10978534
-0.0007;-0.11002715
0.0002;-0.1102394
0.0057;-0.11043534
0.0069;-0.11066785
0.0186;-0.11089494
0.0205;-0.11124967
0.0194;-0.11161989
0.0221;-0.11197304
0.0223;-0.11233014
0.0238;-0.1126486
0.0259;-0.11294508
0.0306;-0.11322594
0.0319;-0.11352824
0.0317;-0.11381755
0.0303;-0.11407942
0.03;-0.11429206
0.0313;-0.11446373
0.0335;-0.11461413
0.035;-0.11476199
0.035;-0.11490824
0.0352;-0.11504012
0.0424;-0.11515967
0.0428;-0.11535183
0.0446;-0.11553847
0.049;-0.11574546
0.0509;-0.11599378
0.053;-0.11625122
0.0607;-0.116521
0.0632;-0.11686748
0.0678;-0.11722606
0.0728;-0.11762798
0.0749;-0.11806766
0.0772;-0.11850546
0.0815;-0.11893897
0.0879;-0.11938454
0.0884;-0.1198675
0.0864;-0.12031569
0.092;-0.12069786
0.0893;-0.12109983
0.083;-0.12140847
0.079;-0.12159077
0.0745;-0.12166636
0.0685;-0.12162513
0.0612;-0.12146111
0.0622;-0.12117093
0.0597;-0.12087354
0.0558;-0.12053834
0.0523;-0.12017585
0.048;-0.11979634
0.0474;-0.11939062
0.0465;-0.1190086
0.0464;-0.11864979
0.0468;-0.11833376
0.0544;-0.11806874
0.0609;-0.11794575
0.0646;-0.11795332
0.0756;-0.11806367
0.0805;-0.11835761
0.0863;-0.11874191
0.0936;-0.11922164
0.0972;-0.1197906
0.099;-0.12038538
0.1005;-0.1209704
0.1079;-0.12152337
0.1041;-0.12210992
0.1044;-0.12258028
0.105;-0.12299818
0.1059;-0.12335028
0.1061;-0.12364905
0.1021;-0.123895
0.1034;-0.12404118
0.1033;-0.12416385
0.1019;-0.12424339
0.0979;-0.12427928
0.0912;-0.12424323
0.0878;-0.12410162
0.0832;-0.12389742
0.0764;-0.12361564
0.0696;-0.1232423
0.0641;-0.12278664
0.0615;-0.12227091
0.0569;-0.12174235
0.0531;-0.12118869
0.05;-0.12063482
0.0498;-0.12009298
0.0495;-0.11960421
0.049;-0.11917152
0.0473;-0.11879787
0.0549;-0.11846542
0.0554;-0.11828482
0.0583;-0.11816304
0.0655;-0.11813632
0.0724;-0.11824007
0.0741;-0.11846408
0.0914;-0.11873966
0.092;-0.11925215
0.0893;-0.11977226
0.0883;-0.12026247
0.088;-0.12070005
0.0884;-0.12106923
0.0886;-0.12137762
0.0892;-0.12162945
0.0919;-0.1218396
0.0765;-0.12204373
0.0745;-0.12201221
0.077;-0.12192586
0.0726;-0.12181754
0.0773;-0.12162998
0.0802;-0.12150802
0.0715;-0.12142992
0.0677;-0.12126473
0.0678;-0.12107195
0.0678;-0.12087728
0.0587;-0.12068647
0.0503;-0.12039584
0.0482;-0.12001611
0.0417;-0.11961243
0.0353;-0.11913432
0.0302;-0.11860243
0.0235;-0.11803586
0.0151;-0.11742128
0.0123;-0.11674584
0.0084;-0.11608128
0.0052;-0.1154201
0.0039;-0.11478595
0.0049;-0.11420619
0.0093;-0.11371194
0.0106;-0.11334846
0.0112;-0.11308219
0.0136;-0.11290038
0.0104;-0.11280701
0.0111;-0.11271998
0.0135;-0.11267126
0.0163;-0.11266571
0.0158;-0.11270934
0.0167;-0.11276321
0.0172;-0.11283798
0.0156;-0.1129189
0.0141;-0.11297712
0.0129;-0.11300869
0.0118;-0.11301194
0.0111;-0.11298858
0.0152;-0.11294672
0.0195;-0.11294913
0.0197;-0.11300772
0.0253;-0.11308442
0.0227;-0.11324187
0.0252;-0.11337265
0.0239;-0.11353412
0.0251;-0.11366514
0.0285;-0.11379634
0.0293;-0.11395055
0.0254;-0.11410219
0.0158;-0.11419654
0.0135;-0.11415393
0.0099;-0.11404867
0.0032;-0.11386225
0.0007;-0.11357732
-0.0019;-0.11325447
-0.0048;-0.11290127
-0.0091;-0.11253093
-0.0189;-0.11213574
-0.0218;-0.1116528
-0.0256;-0.11115896
-0.0276;-0.11064371
-0.0296;-0.11014426
-0.0314;-0.10966939
-0.0334;-0.10922806
-0.0327;-0.10881903
-0.0349;-0.10847185
-0.0355;-0.1081527
-0.0372;-0.10787676
-0.0372;-0.10762365
-0.0419;-0.10740814
-0.0406;-0.107172
-0.0416;-0.10697623
-0.0407;-0.10679199
-0.0371;-0.1066456
-0.0385;-0.10656747
-0.0403;-0.10650463
-0.0387;-0.10644619
-0.0366;-0.10641658
-0.0535;-0.10641971
-0.0831;-0.10624055
-0.0837;-0.10570414
-0.0877;-0.10508694
-0.0912;-0.1043769
-0.0925;-0.10365026
-0.0962;-0.10296299
-0.0996;-0.10230833
-0.0998;-0.10169446
-0.1029;-0.10115196
-0.1167;-0.10065141
-0.128;-0.10007178
-0.1286;-0.09940751
-0.1287;-0.09875281
-0.1284;-0.09813921
-0.1288;-0.09760025
-0.1286;-0.09713918
-0.1281;-0.09675956
-0.1274;-0.09645733
-0.1258;-0.09622656
-0.102;-0.09606785
-0.064;-0.09620702
-0.0602;-0.09684633
-0.0555;-0.09768955
-0.051;-0.09866791
-0.0451;-0.09967951
-0.0396;-0.10068769
-0.0375;-0.10166585
-0.0331;-0.10256767
-0.0283;-0.1034108
-0.0109;-0.10420035
0.001;-0.10509244
-0.0005;-0.10605551
-0.0009;-0.1069517
-0.002;-0.10776375
-0.0039;-0.10845044
-0.0058;-0.10899641
-0.0082;-0.10940693
-0.011;-0.10968804
-0.0156;-0.10985047
-0.0401;-0.10988822
-0.0559;-0.10957701
-0.0557;-0.10900983
-0.0626;-0.10836545
-0.0616;-0.10761862
-0.0607;-0.10691635
-0.0618;-0.10628626
-0.0591;-0.10573073
-0.0591;-0.10529451
-0.0595;-0.10494431
-0.078;-0.10466771
-0.0868;-0.10424402
-0.0855;-0.10373762
-0.0934;-0.10323657
-0.0967;-0.10267247
-0.0993;-0.10211166
-0.0996;-0.10156524
-0.1012;-0.10106929
-0.1025;-0.10061903
-0.1039;-0.10021894
-0.1032;-0.09986302
-0.102;-0.09956805
-0.1025;-0.09933764
-0.1001;-0.09915243
-0.1002;-0.09903499
-0.1011;-0.0989546
-0.1013;-0.09889458
-0.1049;-0.09885004
-0.1037;-0.09877753
-0.1061;-0.0987182
-0.1209;-0.09863611
-0.1224;-0.09839785
-0.1231;-0.09811473
-0.1217;-0.09780415
-0.1217;-0.09751938
-0.1234;-0.09726712
-0.1215;-0.09703627
-0.1235;-0.09685884
-0.1225;-0.09669551
-0.1166;-0.09657039
-0.1151;-0.09653231
-0.1139;-0.09654713
-0.106;-0.0966066
-0.104;-0.09676769
-0.1;-0.09697402
-0.0942;-0.09723729
-0.0889;-0.09756472
-0.0845;-0.09794858
-0.0809;-0.09837461
-0.0711;-0.09882452
-0.0413;-0.0993555
-0.0414;-0.10019515
-0.0418;-0.10106286
-0.0377;-0.10192001
-0.0366;-0.10274854
-0.0371;-0.10349395
-0.0327;-0.10413424
-0.0324;-0.10472259
-0.0323;-0.105224
-0.038;-0.10564822
-0.0363;-0.1059313
-0.0364;-0.10615766
-0.0382;-0.10631727
-0.0388;-0.10641174
-0.0389;-0.10646338
-0.0402;-0.10648532
-0.0411;-0.10647365
-0.0424;-0.10643897
-0.0433;-0.10638021
-0.0444;-0.10630579
-0.0473;-0.10621684
-0.0488;-0.10609594
-0.0516;-0.10595869
-0.0462;-0.10579121
-0.046;-0.10569017
-0.0457;-0.10561065
-0.0384;-0.10556223
-0.04;-0.10561693
-0.042;-0.10567857
-0.0256;-0.10573551
-0.0241;-0.10597797
-0.0252;-0.10625549
-0.0237;-0.10654321
-0.0234;-0.10683694
-0.024;-0.10710587
-0.0227;-0.10733527
-0.0181;-0.10754377
-0.018;-0.10777277
-0.0153;-0.10798101
-0.0194;-0.10820255
-0.0285;-0.10835448
-0.0293;-0.1083713
-0.0305;-0.10833243
-0.0362;-0.10823739
-0.038;-0.10805701
-0.0382;-0.10784429
-0.0362;-0.10762414
-0.0364;-0.10743818
-0.037;-0.10727498
-0.0405;-0.10713447
-0.0423;-0.10697788
-0.0429;-0.10681573
-0.0417;-0.10665612
-0.0439;-0.1065233
-0.0431;-0.10638462
-0.043;-0.1062735
-0.041;-0.1061798
-0.0385;-0.10612722
-0.0342;-0.10612256
-0.0294;-0.10618844
-0.0344;-0.10633153
-0.0311;-0.10643712
-0.0283;-0.10657986
-0.0247;-0.10674129
-0.0194;-0.10693847
-0.0167;-0.10719325
-0.0137;-0.10747743
-0.01;-0.10779017
-0.0048;-0.10813049
0.0035;-0.10851163
0.0014;-0.10897008
0.0003;-0.10938581
-0.0027;-0.10975823
-0.0036;-0.11004131
-0.0091;-0.11025378
-0.0091;-0.11034328
-0.0152;-0.11038177
-0.0112;-0.11030523
-0.0141;-0.1102473
-0.0032;-0.11013941
0.0162;-0.11016454
0.0185;-0.1104396
0.025;-0.11079766
0.0326;-0.11128146
0.0356;-0.11186177
0.0402;-0.11246501
0.0447;-0.11309275
0.0466;-0.11372537
0.0497;-0.11432424
0.0566;-0.11489829
0.058;-0.11549027
0.0581;-0.11603689
0.0615;-0.11652742
0.0599;-0.11699502
0.0583;-0.11737587
0.0566;-0.11767663
0.055;-0.117893
0.0518;-0.11803141
0.0492;-0.11808038
0.0452;-0.118057
0.0437;-0.11795107
0.0458;-0.11780424
0.0463;-0.11767122
0.0478;-0.11754797
0.0482;-0.11746138
0.0481;-0.11739952
0.051;-0.11735583
0.051;-0.11736307
0.0535;-0.11738195
0.0453;-0.11744452
0.0395;-0.11740876
0.0348;-0.11729777
0.0298;-0.11710444
0.0243;-0.11682922
0.0173;-0.11647707
0.014;-0.11603972
0.0119;-0.11557141
0.0096;-0.11509676
0.0106;-0.1146304
0.0074;-0.11422341
0.0066;-0.1138311
0.012;-0.11348463
0.016;-0.11325155
0.0196;-0.1131203
0.0257;-0.11309243
0.0314;-0.11318922
0.0352;-0.11339543
0.0404;-0.11367869
0.0583;-0.11404049
0.0658;-0.11462275
0.0656;-0.11529976
0.0681;-0.11597817
0.0701;-0.11665344
0.0702;-0.11728553
0.0551;-0.11784232
0.0524;-0.11812587
0.0487;-0.11828613
0.0466;-0.11829573
0.0498;-0.11821112
0.0427;-0.11812566
0.0353;-0.11793451
0.033;-0.11765271
0.0297;-0.11733442
0.0269;-0.11697288
0.0248;-0.11659266
0.0251;-0.1162118
0.023;-0.11586764
0.0238;-0.11553756
0.0293;-0.11526166
0.0382;-0.1150955
0.0411;-0.11508742
0.0442;-0.11517193
0.0486;-0.11534502
0.0533;-0.1155981
0.0698;-0.11591895
0.0726;-0.1164466
0.0755;-0.11700953
0.0754;-0.1176108
0.0871;-0.11817496
0.0914;-0.11883328
0.0901;-0.11948425
0.0911;-0.12007104
0.0934;-0.12060826
0.0957;-0.12109735
0.0963;-0.12154255
0.0952;-0.12193054
0.0973;-0.12224563
0.0975;-0.12253235
0.1007;-0.12276855
0.0966;-0.12300622
0.0961;-0.12315314
0.0953;-0.12326582
0.0962;-0.12333138
0.1024;-0.12338178
0.0936;-0.12349482
0.0949;-0.1234819
0.0923;-0.12348869
0.0915;-0.12343749
0.0832;-0.12336798
0.0822;-0.12318163
0.0821;-0.1229803
0.0844;-0.12276775
0.0858;-0.12259459
0.0871;-0.12246142
0.0892;-0.12237563
0.0936;-0.12234567
0.0943;-0.12239718
0.0947;-0.12247815
0.0938;-0.12258181
0.0919;-0.12267683
0.0902;-0.12274091
0.0918;-0.12276946
0.09;-0.12280254
0.0874;-0.12279813
0.089;-0.12275504
0.0898;-0.12272553
0.0882;-0.1226998
0.0885;-0.12265726
0.0835;-0.12262429
0.0844;-0.12252682
0.0854;-0.12244368
0.0807;-0.12236869
0.0792;-0.12223954
0.0784;-0.12210131
0.075;-0.12195385
0.0706;-0.12176932
0.072;-0.12153903
0.0737;-0.12133586
0.0737;-0.1211657
0.0795;-0.12102154
0.0817;-0.12098244
0.0833;-0.12099931
0.085;-0.12106919
0.0868;-0.12118065
0.0876;-0.12132374
0.0861;-0.12147748
0.0864;-0.12160569
0.0851;-0.12172463
0.1045;-0.12180652
0.1075;-0.12212525
0.1077;-0.12247314
0.1068;-0.12284886
0.1039;-0.12320352
0.1028;-0.12348528
0.1003;-0.12370552
0.0984;-0.12384062
0.0959;-0.12390636
0.093;-0.12390094
0.085;-0.12382893
0.0858;-0.12363079
0.0837;-0.12343003
0.0727;-0.12318853
0.0777;-0.12281436
0.0785;-0.12252127
0.078;-0.12224564
0.0762;-0.12200467
0.0743;-0.12178232
0.0703;-0.12157084
0.045;-0.12133516
0.0431;-0.12079416
0.0379;-0.12023672
0.0343;-0.11958996
0.0353;-0.1189258
0.0362;-0.11832329
0.0353;-0.11779872
0.0318;-0.11734412
0.032;-0.11692536
0.0306;-0.11657574
0.0248;-0.1162633
0.024;-0.11593077
0.0225;-0.1156284
0.0182;-0.11533725
0.0207;-0.11502787
0.0197;-0.11478101
0.0139;-0.11455306
0.0086;-0.11429309
0.0059;-0.11399584
-0.0174;-0.11367981
-0.0156;-0.11309549
-0.0157;-0.11253515
-0.0213;-0.11196946
-0.0214;-0.11138545
-0.0218;-0.1108605
-0.025;-0.11039174
-0.0287;-0.10995366
-0.0273;-0.10953479
-0.0288;-0.10918339
-0.0326;-0.10886499
-0.0219;-0.10855392
-0.0172;-0.10840805
-0.013;-0.10836846
-0.0092;-0.10844241
-0.0069;-0.10860857
-0.0038;-0.10883118
0.0015;-0.10910151
0.0044;-0.10943121
0.0074;-0.10978644
0.0166;-0.11016266
0.0249;-0.11062478
0.025;-0.11116473
0.0291;-0.11168946
0.0296;-0.11223203
0.0271;-0.11272866
0.0234;-0.11313765
0.0193;-0.11343417
0.0142;-0.11360785
0.0121;-0.11365001
0.0045;-0.11360726
-0.0009;-0.11342733
-0.0007;-0.11315285
0.0;-0.11285885
0.0022;-0.11257318
0.003;-0.11233887
0.0033;-0.11215186
0.0018;-0.11200943
0.002;-0.11188377
0.003;-0.11178607
-0.0003;-0.11171865
-0.0079;-0.11162907
-0.0085;-0.1114597
-0.0133;-0.11127916
-0.0143;-0.11103545
-0.0303;-0.11078525
-0.0309;-0.11035473
-0.0322;-0.10991978
-0.0429;-0.10946953
-0.049;-0.10892649
-0.0519;-0.10834555
-0.0633;-0.10775802
-0.0616;-0.10708117
-0.0633;-0.10646643
-0.0702;-0.10588571
-0.068;-0.1053009
-0.0656;-0.10480534
-0.0654;-0.10440318
-0.0637;-0.10408149
-0.061;-0.10385082
-0.0693;-0.10371175
-0.0745;-0.10353346
-0.0738;-0.10332163
-0.0737;-0.10311817
-0.0735;-0.10292575
-0.0736;-0.10275865
-0.0729;-0.10261707
-0.0735;-0.10250886
-0.0688;-0.10241791
-0.0656;-0.10239875
-0.0746;-0.10243943
-0.0713;-0.10240643
-0.0699;-0.10240677
-0.0668;-0.10241418
-0.0616;-0.10246143
-0.0604;-0.10257725
-0.0616;-0.1027229
-0.059;-0.10286447
-0.0598;-0.10302722
-0.0609;-0.10316855
-0.0759;-0.10328228
-0.0779;-0.10320507
-0.0814;-0.10305712
-0.0884;-0.10282385
-0.0932;-0.10249465
-0.0923;-0.10210381
-0.0981;-0.10172406
-0.1039;-0.10130604
-0.107;-0.10085628
-0.1101;-0.10039837
-0.1062;-0.09993817
-0.1049;-0.09955919
-0.105;-0.09925243
-0.1057;-0.0990102
-0.1043;-0.09881583
-0.1006;-0.09867862
-0.0971;-0.09861763
-0.0972;-0.09863242
-0.0948;-0.09868185
-0.092;-0.09877714
-0.0798;-0.09891278
-0.0796;-0.09918801
-0.0772;-0.09948979
-0.0711;-0.09982641
-0.0688;-0.10021462
-0.0688;-0.10061123
-0.0667;-0.10098398
-0.0636;-0.1013413
-0.0614;-0.10169023
-0.0592;-0.10202581
-0.0574;-0.10235089
-0.0571;-0.10266159
-0.0563;-0.10294133
-0.053;-0.1031934
-0.053;-0.10344587
-0.0521;-0.10366905
-0.0519;-0.10387507
-0.0514;-0.10405451
-0.0505;-0.10421217
-0.0494;-0.10435457
-0.0509;-0.10448793
-0.0496;-0.10458659
-0.0525;-0.10468086
-0.0575;-0.10472472
-0.0543;-0.10469367
-0.0535;-0.10467339
-0.0489;-0.10464951
-0.046;-0.1046818
-0.0458;-0.1047602
-0.0458;-0.10485773
-0.0424;-0.10496181
-0.0444;-0.10510003
-0.0472;-0.10521048
-0.0494;-0.10527873
-0.0532;-0.10529967
-0.0553;-0.10525274
-0.0557;-0.10515894
-0.0578;-0.1050436
-0.0592;-0.10489983
-0.0612;-0.10474315
-0.0584;-0.10457014
-0.0587;-0.10443814
-0.0574;-0.10432194
-0.0549;-0.10424434
-0.054;-0.10421659
-0.0521;-0.10422163
-0.0465;-0.1042667
-0.0461;-0.10438822
-0.0459;-0.10452995
-0.0356;-0.10468233
-0.021;-0.10494587
-0.0193;-0.10538076
-0.0173;-0.10586089
-0.0138;-0.10637129
-0.0118;-0.10689296
-0.0087;-0.10739329
-0.0065;-0.10787863
-0.0054;-0.10833572
-0.0065;-0.10875243
-0.0013;-0.10910164
-0.0023;-0.10945608
-0.0028;-0.10974969
0.0026;-0.10999689
0.0043;-0.11026423
-0.0038;-0.11051787
-0.0024;-0.11065094
-0.0032;-0.11076356
-0.0036;-0.11082256
-0.002;-0.1108505
0.0025;-0.11087889
0.0059;-0.11095181
0.0085;-0.11106814
0.0124;-0.11122502
0.0129;-0.11143414
0.0155;-0.11164911
0.0174;-0.11188791
0.0207;-0.11213312
0.0232;-0.11240017
0.0263;-0.11267792
0.0258;-0.11297391
0.0217;-0.11324163
0.0209;-0.11343183
0.017;-0.11357315
0.0127;-0.11362326
0.0116;-0.11358441
0.0108;-0.11349852
0.0117;-0.11337991
0.0082;-0.1132657
0.0059;-0.11311419
0.0069;-0.11294443
0.0094;-0.11279237
0.0102;-0.11268249
0.0141;-0.11260483
0.0171;-0.11260004
0.0169;-0.11265527
0.0199;-0.11273109
0.0253;-0.11285592
0.0291;-0.11304901
0.0318;-0.1132927
0.04;-0.11357268
0.0408;-0.11394745
0.0399;-0.11432146
0.0418;-0.11466975
0.0416;-0.1150061
0.0438;-0.11529567
0.0451;-0.1155709
0.0429;-0.115822
0.0443;-0.11601193
0.0438;-0.11618572
0.0444;-0.11631835
0.042;-0.1164321
0.0404;-0.11649221
0.0393;-0.116512
0.0409;-0.11649665
0.0416;-0.11648536
0.0427;-0.11647534
0.044;-0.11648121
0.0458;-0.11650746
0.0472;-0.11656129
0.0354;-0.11663728
0.0366;-0.11656775
0.0401;-0.11650291
0.0421;-0.11645408
0.0413;-0.11642966
0.0438;-0.11640933
0.045;-0.11643285
0.0422;-0.11647838
0.0426;-0.11649706
0.0428;-0.11652148
0.0381;-0.11654049
0.0383;-0.11649621
0.0397;-0.11644799
0.0386;-0.1164064
0.04;-0.11635192
0.034;-0.1163214
0.0358;-0.11622117
0.0339;-0.11614693
0.0294;-0.11604491
0.03;-0.11589398
0.0362;-0.11575346
0.0357;-0.11569302
0.0342;-0.11564606
0.0322;-0.11560879
0.0304;-0.11556004
0.0315;-0.11549228
0.0356;-0.11543728
0.0377;-0.11543512
0.0347;-0.11547096
0.0406;-0.11548677
0.0422;-0.11558336
0.043;-0.11569957
0.0485;-0.11583403
0.0505;-0.11603626
0.0486;-0.11625892
0.0575;-0.11645468
0.0572;-0.11674692
0.0559;-0.11701482
0.0561;-0.11725602
0.0594;-0.11747169
0.0616;-0.11769431
0.0659;-0.11791503
0.0674;-0.11816959
0.0705;-0.11842466
0.074;-0.11870269
0.0767;-0.1190033
0.0796;-0.11931645
0.0786;-0.11964373
0.0821;-0.11993089
0.081;-0.12023236
0.0785;-0.12048134
0.0804;-0.12066557
0.0771;-0.12083599
0.0752;-0.12092534
0.0724;-0.12096316
0.0714;-0.12093539
0.0701;-0.12087217
0.069;-0.12077615
0.0682;-0.12066045
0.0684;-0.12053543
0.0694;-0.1204192
0.0702;-0.12032641
0.074;-0.12025883
0.0732;-0.1202574
0.0755;-0.12026253
0.0769;-0.12031481
0.0738;-0.12039132
0.0776;-0.12043315
0.0784;-0.12052295
0.0818;-0.12061259
0.0872;-0.12074561
0.0922;-0.12094519
0.098;-0.12120957
0.1035;-0.12155065
0.1101;-0.12195917
0.1162;-0.12244336
0.1241;-0.12298815
0.1299;-0.12361087
0.1358;-0.12427476
0.1384;-0.12497588
0.1436;-0.12565772
0.1475;-0.12634756
0.1502;-0.1270159
0.1515;-0.12764837
0.1482;-0.12822418
0.1409;-0.12867814
0.1371;-0.12895516
0.1307;-0.12910049
0.1242;-0.12907754
0.1133;-0.12890722
0.11;-0.12854432
0.1093;-0.12811254
0.1098;-0.12765573
0.1078;-0.12722307
0.104;-0.12680502
0.1035;-0.1263898
0.1031;-0.12601869
0.1041;-0.12568621
0.1131;-0.1254149
0.1203;-0.12531081
0.1212;-0.12535004
0.124;-0.12545832
0.1242;-0.1256477
0.1262;-0.12585329
0.1246;-0.1260855
0.1377;-0.12628056
0.1402;-0.12663455
0.1427;-0.1269945
0.1454;-0.12738797
0.1635;-0.12779658
0.1646;-0.12842087
0.1604;-0.12901908
0.1539;-0.12954658
0.1531;-0.12993369
0.1461;-0.13023362
0.1393;-0.13035043
0.138;-0.13031055
0.1272;-0.1301955
0.109;-0.12988673
0.0562;-0.12931561
0.0711;-0.12801383
0.0735;-0.12691028
0.0742;-0.12577553
0.0771;-0.12475805
0.0784;-0.12392397
0.0801;-0.12325452
0.0847;-0.12274741
0.087;-0.12241986
0.0866;-0.12222255
0.0915;-0.12210487
0.0929;-0.12211147
0.0926;-0.12217415
0.0927;-0.12226429
0.0925;-0.12236917
0.0919;-0.12247016
0.0885;-0.12255532
0.0833;-0.12258399
0.0807;-0.12253007
0.0788;-0.12242253
0.0778;-0.12227067
0.0675;-0.12209815
0.067;-0.1217944
0.0683;-0.12149291
0.0683;-0.12120739
0.0697;-0.12094514
0.0697;-0.12073765
0.0747;-0.12056779
0.0787;-0.12049948
0.0818;-0.12051523
0.0892;-0.1206065
0.0902;-0.12082061
0.0912;-0.12106414
0.0868;-0.12133174
0.0917;-0.12153012
0.0866;-0.12176746
0.0705;-0.12190061
0.071;-0.12179933
0.0693;-0.12166414
0.0691;-0.12145238
0.0699;-0.1212263
0.0697;-0.12101769
0.0698;-0.12082732
0.0676;-0.12066595
0.0689;-0.12050277
0.0651;-0.12038004
0.0639;-0.12022629
0.0636;-0.12007657
0.0678;-0.11993304
0.0738;-0.11985689
0.0738;-0.11987714
0.075;-0.11992673
0.0722;-0.12001915
0.0754;-0.12008391
0.0757;-0.12018834
0.0708;-0.12028492
0.0703;-0.12031364
0.0746;-0.1203247
0.0755;-0.12037076
0.0703;-0.12041958
0.0646;-0.12040552
0.0635;-0.12031554
0.0515;-0.12019449
0.0477;-0.11990263
0.0454;-0.11955603
0.0355;-0.11916652
0.0178;-0.11866198
0.0128;-0.11795799
0.0077;-0.11720545
-0.0524;-0.11640328
-0.0649;-0.11491317
-0.0678;-0.11329932
-0.0766;-0.11162421
-0.0811;-0.10993551
-0.0822;-0.10835269
-0.085;-0.10693771
-0.0822;-0.10568756
-0.0862;-0.10466222
-0.0889;-0.10377878
-0.0866;-0.10302828
-0.0859;-0.10243382
-0.0845;-0.10196596
-0.0861;-0.10162039
-0.0885;-0.10134719
-0.0871;-0.10111515
-0.0846;-0.10094312
-0.0785;-0.10083662
-0.0721;-0.10083619
-0.0708;-0.10094977
-0.0518;-0.10112107
-0.0517;-0.10152639
-0.0358;-0.10197115
-0.0325;-0.10261193
-0.0311;-0.10329279
-0.0308;-0.10397384
-0.034;-0.10460439
-0.0273;-0.10512212
-0.027;-0.10562854
-0.0262;-0.10606252
-0.0145;-0.10644531
-0.013;-0.10690486
-0.009;-0.10734469
-0.0024;-0.10780369
-0.002;-0.10830127
-0.0007;-0.10876638
-0.0031;-0.1092044
-0.0139;-0.10955937
-0.0209;-0.10972475
-0.0219;-0.10973191
-0.0253;-0.10964837
-0.0264;-0.10947283
-0.0277;-0.10926177
-0.03;-0.10903061
-0.0334;-0.1087828
-0.0364;-0.10851194
-0.0438;-0.10822334
-0.0465;-0.10786615
-0.0468;-0.10749152
-0.049;-0.10712913
-0.0645;-0.10677285
-0.0614;-0.10627766
-0.0591;-0.10583463
-0.059;-0.10543978
-0.0582;-0.10510224
-0.0564;-0.10483529
-0.0605;-0.10464457
-0.0685;-0.10445832
-0.0669;-0.10421562
-0.0612;-0.10399895
-0.0739;-0.10385796
-0.0731;-0.1036109
-0.0739;-0.10338774
-0.0714;-0.10316017
-0.0726;-0.10298111
-0.0748;-0.10281969
-0.0748;-0.10266416
-0.0754;-0.10252854
-0.0772;-0.10240367
-0.0781;-0.10227647
-0.0795;-0.10215266
-0.0778;-0.10202457
-0.0743;-0.10192619
-0.0679;-0.10188274
-0.0632;-0.10193565
-0.0576;-0.10207456
-0.0535;-0.10230707
-0.0484;-0.1026071
-0.0453;-0.10297313
-0.0386;-0.10337067
-0.0281;-0.1038284
-0.0296;-0.10438518
-0.0275;-0.10490996
-0.0278;-0.10542461
-0.0282;-0.10587847
-0.0248;-0.10626451
-0.0238;-0.10662457
-0.0272;-0.10694079
-0.0257;-0.10717199
-0.0153;-0.10737194
-0.0012;-0.10764882
0.0004;-0.10807462
0.0012;-0.10853183
0.0035;-0.10900045
0.0041;-0.10946399
0.0026;-0.10988683
0.0084;-0.11023876
0.01;-0.11060267
0.0078;-0.11093588
-0.0038;-0.1112059
-0.0087;-0.11129279
-0.0089;-0.11126114
-0.0131;-0.11116183
-0.015;-0.11097483
-0.017;-0.11075129
-0.0229;-0.11050086
-0.0248;-0.11018984
-0.0267;-0.10986848
-0.0332;-0.10953946
-0.0436;-0.10915954
-0.0476;-0.10868238
-0.0482;-0.10817163
-0.0503;-0.10767068
-0.0508;-0.10718548
-0.0508;-0.10674842
-0.0508;-0.10636938
-0.0512;-0.10605029
-0.0512;-0.10578373
-0.0495;-0.10556756
-0.0419;-0.10541397
-0.0425;-0.10538691
-0.0411;-0.10539965
-0.0419;-0.10546497
-0.043;-0.10553737
-0.0418;-0.10560057
-0.0422;-0.10567011
-0.0411;-0.10572682
-0.0386;-0.10578902
-0.0377;-0.10587342
-0.0265;-0.10596673
-0.0251;-0.10618842
-0.025;-0.10643873
-0.0251;-0.10670201
-0.0243;-0.10695147
-0.0237;-0.10718326
-0.021;-0.10739109
-0.0171;-0.10760085
-0.0163;-0.10783196
-0.0153;-0.10805611
-0.0163;-0.10827527
-0.018;-0.10845994
-0.0187;-0.10859733
-0.019;-0.10869485
-0.0185;-0.10875918
-0.0204;-0.10880663
-0.0209;-0.10881633
-0.0206;-0.10880783
-0.022;-0.10879177
-0.0221;-0.10875423
-0.0196;-0.10871317
-0.0173;-0.10870035
-0.0178;-0.10872072
-0.0136;-0.10874735
-0.0108;-0.10883135
-0.0064;-0.10895449
0.0004;-0.10913861
0.0058;-0.10940958
0.0068;-0.10975166
0.0092;-0.1101086
0.0218;-0.11048092
0.0228;-0.11097598
0.0214;-0.11146141
0.0312;-0.11190963
0.031;-0.11243018
0.0296;-0.1128988
0.0313;-0.11330891
0.0324;-0.11368187
0.0305;-0.11400795
0.0326;-0.11425872
0.0383;-0.11448716
0.038;-0.11474206
0.0377;-0.11496529
0.0373;-0.11516511
0.0374;-0.11533164
0.0402;-0.11546932
0.0422;-0.11561421
0.0414;-0.11576322
0.043;-0.11588971
0.0501;-0.11602272
0.0536;-0.11622788
0.0534;-0.11646865
0.054;-0.11670699
0.0543;-0.11694186
0.054;-0.1171561
0.0545;-0.11733855
0.0551;-0.11749829
0.0555;-0.11763778
0.0544;-0.11775889
0.0557;-0.1178461
0.0532;-0.11793154
0.0536;-0.11796787
0.0504;-0.11799638
0.0483;-0.1179691
0.0478;-0.11790502
0.0461;-0.11782248
0.0496;-0.11771237
0.0513;-0.11764812
0.048;-0.11761292
0.0492;-0.11755459
0.0502;-0.11752425
0.0501;-0.11750911
0.0491;-0.11750017
0.0452;-0.11748558
0.0428;-0.11742446
0.0406;-0.11733013
0.0415;-0.11720006
0.0406;-0.11707795
0.0415;-0.11694872
0.0533;-0.1168443
0.0602;-0.11690309
0.0665;-0.11707561
0.0702;-0.11737022
0.0729;-0.11773857
0.0702;-0.11814791
0.0709;-0.11850701
0.0744;-0.11884068
0.0784;-0.11916886
0.0801;-0.11950383
0.0881;-0.11982636
0.0835;-0.12022227
0.0801;-0.12052709
0.078;-0.12076127
0.0742;-0.12091728
0.0732;-0.1209722
0.0725;-0.12097145
0.0688;-0.12092742
0.0714;-0.12081704
0.0698;-0.12073211
0.0604;-0.12062226
0.0586;-0.12040184
0.0618;-0.12016282
0.0642;-0.11995807
0.0669;-0.11979736
0.0704;-0.11970364
0.0742;-0.11968977
0.0785;-0.11975677
0.083;-0.11990581
0.0854;-0.12013191
0.0718;-0.12039946
0.07;-0.12048987
0.0706;-0.12053563
0.069;-0.12053475
0.0689;-0.1204816
0.0692;-0.12041461
0.0665;-0.12034593
0.0562;-0.12024505
0.0507;-0.12001728
0.0514;-0.11971702
0.0457;-0.11941253
0.0457;-0.11903957
0.0442;-0.11869174
0.0466;-0.11835083
0.0449;-0.11807878
0.0451;-0.11782733
0.045;-0.11762385
0.0434;-0.11745506
0.0433;-0.11729892
0.0443;-0.11716829
0.0455;-0.11707075
0.046;-0.11700871
0.0482;-0.11697362
0.0549;-0.11698399
0.0568;-0.1170928
0.0608;-0.11724188
0.0677;-0.11745874
0.0686;-0.11776659
0.07;-0.11808526
0.0761;-0.11841516
0.0816;-0.11879802
0.081;-0.11922155
0.0809;-0.11961266
0.0842;-0.11997168
0.0839;-0.1203267
0.0829;-0.12062944
0.0812;-0.12087804
0.0778;-0.12106044
0.0731;-0.12115528
0.0708;-0.12114878
0.0775;-0.12107556
0.0728;-0.12105983
0.0671;-0.12097201
0.0651;-0.12082274
0.0639;-0.12064414
0.0608;-0.12044379
0.0581;-0.12020895
0.0571;-0.11995316
0.0544;-0.11969962
0.0504;-0.11943092
0.0518;-0.11913597
0.0541;-0.11888197
0.0537;-0.11868164
0.0511;-0.11851278
0.0531;-0.118349
0.0518;-0.11823826
0.0551;-0.11813109
0.0577;-0.11808823
0.0611;-0.11809604
0.0617;-0.11816894
0.0642;-0.11826771
0.0697;-0.11840986
0.0703;-0.11862276
0.071;-0.11884233
0.0727;-0.11906828
0.0736;-0.1192992
0.0792;-0.11951902
0.0825;-0.11978775
0.0844;-0.12007673
0.0904;-0.12037555
0.0894;-0.12073245
0.0886;-0.12105103
0.0881;-0.12133512
0.0866;-0.12157293
0.0827;-0.12174818
0.0806;-0.12183213
0.0796;-0.12185112
0.0809;-0.12182197
0.0827;-0.12178656
0.0866;-0.12176426
0.0879;-0.1217953
0.0908;-0.12185227
0.092;-0.12195967
0.0926;-0.12208799
0.0957;-0.12222613
0.0996;-0.12239902
0.0992;-0.1226123
0.0995;-0.12281147
0.0993;-0.12300448
0.0908;-0.12317322
0.081;-0.12320493
0.0804;-0.12308018
0.0753;-0.12290656
0.0739;-0.1226299
0.0701;-0.12233024
0.0662;-0.12198621
0.0613;-0.12161247
0.0607;-0.12119983
0.064;-0.12080739
0.0435;-0.12048928
0.0385;-0.11995323
0.0397;-0.11939785
0.0376;-0.11886235
0.0381;-0.11833539
0.0376;-0.11787568
0.0331;-0.11747405
0.0323;-0.11708243
0.0304;-0.11673786
0.0226;-0.11641444
0.0048;-0.11603837
-0.0001;-0.11547652
-0.009;-0.11486596
-0.0225;-0.11414952
-0.0256;-0.11330069
-0.0261;-0.11245169
-0.032;-0.11164706
-0.034;-0.11085625
-0.0369;-0.11013525
-0.0379;-0.10946953
-0.0664;-0.1088815
-0.0732;-0.10804833
-0.0728;-0.1071788
-0.0779;-0.10633036
-0.0762;-0.10549054
-0.0723;-0.10476064
-0.0721;-0.10417584
-0.0751;-0.10370775
-0.0737;-0.10331155
-0.0722;-0.10300967
-0.0742;-0.10278863
-0.0724;-0.10260393
-0.0744;-0.10248223
-0.0741;-0.1023725
-0.0723;-0.10229071
-0.0809;-0.10224611
-0.0845;-0.10212453
-0.0874;-0.10196132
-0.0904;-0.10175291
-0.0914;-0.1015072
-0.0805;-0.10125481
-0.0827;-0.10113692
-0.0842;-0.10104296
-0.0823;-0.10097708
-0.084;-0.10095182
-0.0851;-0.10092312
-0.0856;-0.10089082
-0.086;-0.10085388
-0.0871;-0.10081282
-0.0889;-0.10076124
-0.0867;-0.10069104
-0.0833;-0.10064413
-0.0846;-0.10064182
-0.0842;-0.1006431
-0.0836;-0.10065974
-0.0809;-0.10068619
-0.0782;-0.10074435
-0.0779;-0.10083769
-0.0749;-0.10094222
-0.0705;-0.10108103
-0.0633;-0.10126717
-0.0618;-0.10153568
-0.0611;-0.10182911
-0.0612;-0.10212752
-0.0608;-0.10240352
-0.0609;-0.10265148
-0.065;-0.10286227
-0.0658;-0.10299157
-0.0651;-0.10307153
-0.0678;-0.1031222
-0.0678;-0.10311962
-0.0675;-0.10309912
-0.0681;-0.10306908
-0.0692;-0.10302882
-0.0714;-0.10297628
-0.0721;-0.10289896
-0.0747;-0.10281169
-0.0779;-0.10269526
-0.0796;-0.10254387
-0.0841;-0.10237248
-0.0836;-0.10215392
-0.0854;-0.10194436
-0.0893;-0.10172722
-0.0966;-0.10148684
-0.0972;-0.10118144
-0.0897;-0.10087408
-0.0856;-0.10066198
-0.0832;-0.10054059
-0.0812;-0.10050434
-0.0768;-0.10053737
-0.0797;-0.10065047
-0.0808;-0.10075542
-0.0801;-0.10085088
-0.0774;-0.10093956
-0.0775;-0.10104388
-0.0769;-0.10114082
-0.0779;-0.10123782
-0.0787;-0.10131402
-0.08;-0.10136831
-0.076;-0.10139289
-0.0713;-0.10144673
-0.0721;-0.10154998
-0.0637;-0.10165526
-0.0597;-0.10185686
-0.0595;-0.10211094
-0.0576;-0.10237698
-0.0587;-0.10265514
-0.0577;-0.10289906
-0.056;-0.10312348
-0.049;-0.10333379
-0.034;-0.10359573
-0.0328;-0.1040155
-0.0307;-0.10446256
-0.0285;-0.10493565
-0.0261;-0.10540393
-0.0232;-0.1058561
-0.0255;-0.10629304
-0.0233;-0.10665432
-0.0178;-0.10698674
-0.0101;-0.10732909
-0.008;-0.10772413
-0.0015;-0.1081223
-0.0022;-0.10857482
-0.002;-0.10898984
-0.0017;-0.10937027
-0.003;-0.10970275
-0.0053;-0.10996682
-0.006;-0.11015212
-0.0069;-0.1102792
-0.0072;-0.11035253
-0.0086;-0.11039034
-0.0065;-0.11038876
-0.0034;-0.11039668
0.0005;-0.11043432
0.0058;-0.11052319
0.0096;-0.11068617
0.0168;-0.11090744
0.0216;-0.11122432
0.0232;-0.11160251
0.0314;-0.11199776
0.0442;-0.1124744
0.0452;-0.11308129
0.0471;-0.11368321
0.0485;-0.11428312
0.0464;-0.11484449
0.0441;-0.11531217
0.0465;-0.11567765
0.0443;-0.11599631
0.0407;-0.11621995
0.0435;-0.11634711
0.042;-0.11646035
0.0406;-0.1165154
0.0389;-0.11653198
0.0426;-0.11650804
0.0449;-0.11651561
0.0339;-0.11654568
0.032;-0.11644465
0.0284;-0.11631736
0.0201;-0.11612248
0.0122;-0.11581693
0.0073;-0.11541012
0.0029;-0.11493886
-0.0025;-0.11442102
-0.0094;-0.11386278
-0.0157;-0.11325794
-0.0187;-0.11261854
-0.0228;-0.11198728
-0.0235;-0.11136042
-0.0273;-0.1107882
-0.0301;-0.11023952
-0.0301;-0.10972793
-0.0293;-0.10927958
-0.0275;-0.10890408
-0.0262;-0.10861538
-0.025;-0.10840583
-0.0053;-0.10826777
-0.0077;-0.10840749
-0.0089;-0.10858375
-0.0099;-0.10880073
-0.0118;-0.10900855
-0.0094;-0.10917385
-0.0089;-0.10933782
-0.0061;-0.10948111
-0.0037;-0.10963908
-0.002;-0.10981095
0.0049;-0.10999314
0.0024;-0.11024708
0.0039;-0.11046401
0.0173;-0.11068711
0.0174;-0.11104518
0.0147;-0.11139482
0.0187;-0.11170842
0.0195;-0.11203756
0.0194;-0.11233477
0.0228;-0.11259593
0.0296;-0.11286115
0.0317;-0.11317568
0.0335;-0.11349472
0.0402;-0.11381911
0.0405;-0.1141998
0.0401;-0.1145568
0.0429;-0.11488221
0.0456;-0.11520211
0.0463;-0.11551312
0.0493;-0.11579745
0.0484;-0.11608593
0.0494;-0.11632923
0.0518;-0.11655352
0.05;-0.11677282
0.0529;-0.11693981
0.0653;-0.11711739
0.0668;-0.11742475
0.0676;-0.11774109
0.0683;-0.118071
0.0682;-0.11838957
0.0659;-0.11867345
0.0653;-0.11888903
0.0633;-0.1190553
0.063;-0.11915363
0.0638;-0.11921345
0.0647;-0.11925476
0.0658;-0.11928965
0.0659;-0.11932988
0.0677;-0.11936736
0.0689;-0.11942569
0.0785;-0.11949643
0.0806;-0.11969023
0.0817;-0.11991356
0.0847;-0.1201633
0.0884;-0.12044521
0.0869;-0.12075652
0.0892;-0.12102711
0.0877;-0.12130293
0.0853;-0.12152307
0.0842;-0.12167951
0.0835;-0.12178449
0.0834;-0.12184428
0.0834;-0.12187513
0.0843;-0.12188686
0.0959;-0.121899
0.097;-0.12205746
0.1006;-0.12223338
0.1055;-0.12247795
0.1096;-0.12278611
0.1145;-0.12313984
0.1133;-0.12354508
0.1139;-0.12391259
0.1135;-0.12425967
0.1102;-0.12455581
0.1091;-0.12476136
0.1101;-0.12490644
0.1104;-0.12501836
0.108;-0.12509896
0.1083;-0.12512554
0.1059;-0.12514041
0.1045;-0.1251065
0.103;-0.1250457
0.1003;-0.12495641
0.0998;-0.1248277
0.1001;-0.12469304
0.1012;-0.1245649
0.1042;-0.12446186
0.1048;-0.12441467
0.1058;-0.12439437
0.1036;-0.12440826
0.1059;-0.12440543
0.1062;-0.1244403
0.1068;-0.12447652
0.1122;-0.12452385
0.1119;-0.12464291
0.109;-0.12475666
0.107;-0.12483741
0.1048;-0.12488331
0.1017;-0.12488098
0.102;-0.12481925
0.1001;-0.12474713
0.1025;-0.12463926
0.1043;-0.12456529
0.1168;-0.12451953
0.1187;-0.12465575
0.1269;-0.12483506
0.1308;-0.12515809
0.1327;-0.12554036
0.1344;-0.12594981
0.1377;-0.12636395
0.1385;-0.12678777
0.1396;-0.12717895
0.1414;-0.12754214
0.1554;-0.12788202
0.1583;-0.1283677
0.1614;-0.1288492
0.1632;-0.12935823
0.1631;-0.12985459
0.1625;-0.13030092
0.1635;-0.13068293
0.1567;-0.1310181
0.1527;-0.13119742
0.1466;-0.13127281
0.1402;-0.13120602
0.1348;-0.13100788
0.1307;-0.13070364
0.1278;-0.13032559
0.125;-0.12990786
0.1209;-0.12946944
0.1189;-0.12900718
0.1141;-0.12855874
0.1134;-0.12808733
0.1058;-0.12765549
0.0948;-0.12716556
0.0945;-0.12658034
0.0942;-0.12603122
0.0961;-0.12551
0.0958;-0.12507214
0.0967;-0.12469764
0.1044;-0.12440579
0.104;-0.12427679
0.1029;-0.1241975
0.098;-0.12416089
0.0958;-0.12408961
0.0958;-0.12400182
0.0951;-0.12391132
0.092;-0.12381181
0.09;-0.1236791
0.0885;-0.12352899
0.0858;-0.12336454
0.0848;-0.12317309
0.0818;-0.12298064
0.0811;-0.12276164
0.0801;-0.12255096
0.0817;-0.12234384
0.0864;-0.12217975
0.0874;-0.12210133
0.0865;-0.12206622
0.0868;-0.1220524
0.0874;-0.1220623
0.0874;-0.1220875
0.0887;-0.12211643
0.0972;-0.122164
0.102;-0.12232226
0.1038;-0.12254636
0.1025;-0.12280837
0.1034;-0.12305523
0.1059;-0.12329851
0.1042;-0.12354489
0.101;-0.12373905
0.1018;-0.12386476
0.0976;-0.1239685
0.0981;-0.12398261
0.0942;-0.12398179
0.095;-0.12390612
0.0841;-0.12383164
0.0769;-0.12360312
0.0756;-0.12328129
0.0686;-0.12292821
0.059;-0.12248223
0.0549;-0.12193342
0.0499;-0.1213542
0.0285;-0.12073636
0.0186;-0.1198893
0.0129;-0.1189625
0.0051;-0.11798963
0.0008;-0.11697674
-0.0024;-0.11599454
-0.0115;-0.11506876
-0.0165;-0.11414053
-0.0199;-0.11325769
-0.0224;-0.11242893
-0.0199;-0.11166856
-0.0231;-0.11103783
-0.021;-0.110473
-0.0181;-0.1100314
-0.0178;-0.10970924
-0.0148;-0.10947314
-0.0139;-0.10934189
-0.0131;-0.10927632
-0.0101;-0.1092633
-0.0083;-0.10931358
0.0061;-0.10940492
0.018;-0.10968145
0.0234;-0.11012359
0.0274;-0.11066648
0.0323;-0.11127065
0.0372;-0.11191305
0.044;-0.11257212
0.04;-0.11326113
0.0382;-0.11384213
0.0387;-0.11433145
0.0331;-0.11473808
0.0309;-0.11499212
0.029;-0.11514582
0.0251;-0.11520725
0.0222;-0.11517019
0.0203;-0.11506167
0.0177;-0.11490439
0.0181;-0.11470326
0.0165;-0.11450721
0.0137;-0.11430141
-0.0135;-0.11408035
-0.037;-0.11354394
-0.0425;-0.11271501
-0.0531;-0.11177195
-0.0612;-0.11068937
-0.0631;-0.10955805
-0.0698;-0.10847869
-0.0712;-0.1074267
-0.076;-0.1064777
-0.0761;-0.10559595
-0.0746;-0.1048324
-0.075;-0.10420019
-0.0751;-0.10367869
-0.0726;-0.10326028
-0.07;-0.10295711
-0.0682;-0.10276042
-0.0695;-0.1026526
-0.0708;-0.10258523
-0.0722;-0.10253727
-0.0749;-0.10248972
-0.0769;-0.10241856
-0.0765;-0.10232452
-0.0781;-0.10223224
-0.067;-0.10212622
-0.0693;-0.1021506
-0.0704;-0.10218053
-0.0729;-0.10222488
-0.0734;-0.10224381
-0.072;-0.10224763
-0.0677;-0.10225592
-0.0674;-0.102309
-0.0632;-0.10237435
-0.0595;-0.10249467
-0.0572;-0.10266329
-0.0554;-0.10286553
-0.0488;-0.10308877
-0.0382;-0.10337803
-0.0399;-0.10378146
-0.0418;-0.10417116
-0.0445;-0.10452534
-0.0419;-0.10480392
-0.046;-0.1050559
-0.0448;-0.10521275
-0.05;-0.10534035
-0.0532;-0.10537042
-0.059;-0.1053305
-0.0666;-0.10519134
-0.0698;-0.1049382
-0.0725;-0.10462382
-0.0822;-0.10426828
-0.0814;-0.10381356
-0.075;-0.10337839
-0.0715;-0.10303944
-0.0709;-0.1027995
-0.0678;-0.10263833
-0.0656;-0.10256965
-0.0605;-0.10257092
-0.0601;-0.10266458
-0.0563;-0.10279218
-0.0487;-0.10297795
-0.0439;-0.10325405
-0.0438;-0.10359321
-0.0442;-0.10393807
-0.0442;-0.10426193
-0.043;-0.10455009
-0.0392;-0.10480955
-0.0358;-0.105073
-0.0349;-0.10534617
-0.0338;-0.10560852
-0.0359;-0.10586007
-0.0371;-0.10605895
-0.0371;-0.10620957
-0.0384;-0.10632264
-0.0342;-0.10638951
-0.0315;-0.10648005
-0.0307;-0.10658954
-0.0324;-0.10670812
-0.0277;-0.10680424
-0.0283;-0.10694297
-0.031;-0.10706531
-0.0346;-0.10714932
-0.0346;-0.1071729
-0.0357;-0.10717045
-0.035;-0.10713458
-0.036;-0.10709651
-0.0364;-0.10704402
-0.033;-0.10698854
-0.0305;-0.10697483
-0.0313;-0.10700008
-0.0367;-0.10703228
-0.0331;-0.10701029
-0.0343;-0.10702112
-0.0361;-0.10701048
-0.0468;-0.10698046
-0.045;-0.1068224
-0.0427;-0.10666573
-0.037;-0.10652117
-0.0359;-0.10645653
-0.036;-0.10643644
-0.0254;-0.10644733
-0.028;-0.10659847
-0.0289;-0.10674305
-0.0278;-0.10689238
-0.0298;-0.10704251
-0.0322;-0.10715201
-0.0351;-0.10721309
-0.0322;-0.10721493
-0.0356;-0.10722528
-0.0235;-0.10718352
-0.0043;-0.10727721
-0.0026;-0.10760841
-0.0027;-0.10801256
0.001;-0.1084533
0.0022;-0.10892434
0.0042;-0.10937283
0.0063;-0.10980073
0.0065;-0.11020347
0.0061;-0.11055908
0.0027;-0.11086046
-0.0003;-0.11107003
0.0007;-0.1111916
-0.0032;-0.11127423
-0.0029;-0.11127173
-0.0049;-0.11124702
-0.0071;-0.1111782
-0.0079;-0.11107418
-0.0115;-0.11095477
-0.0123;-0.11079182
-0.0181;-0.11062235
-0.0096;-0.11038885
-0.0081;-0.11026353
-0.0031;-0.11017621
0.0041;-0.11018833
0.0077;-0.11032066
0.012;-0.11053059
0.0186;-0.11081704
0.0209;-0.11119056
0.0243;-0.11158995
0.0243;-0.11201748
0.0284;-0.11241615
0.03;-0.1128259
0.0387;-0.11321048
0.038;-0.11366123
0.0328;-0.11406678
0.0358;-0.11437501
0.0344;-0.11466648
0.0288;-0.11488172
0.0224;-0.11498377
0.0172;-0.11496097
0.0223;-0.11482584
0.0208;-0.11471429
0.021;-0.11456966
0.024;-0.11444091
0.0255;-0.11436275
0.0302;-0.11432242
0.0358;-0.11436331
0.0373;-0.11449489
0.0418;-0.11466777
0.0491;-0.11491079
0.0533;-0.11524496
0.0593;-0.11563002
0.0635;-0.11608459
0.0667;-0.11657408
0.0782;-0.117078
0.0753;-0.11769085
0.0737;-0.11822554
0.0707;-0.11870007
0.0703;-0.11906634
0.0714;-0.11935268
0.0736;-0.11958267
0.0757;-0.11978643
0.0784;-0.11997864
0.0782;-0.12017894
0.0796;-0.12035565
0.0809;-0.12053183
0.0807;-0.12070195
0.0822;-0.1208491
0.0823;-0.1209963
0.0826;-0.12112412
0.0836;-0.12123877
0.0831;-0.1213489
0.0809;-0.12143659
0.0779;-0.12148198
0.0774;-0.12147278
0.0778;-0.12143925
0.0764;-0.12139531
0.0748;-0.12132774
0.0712;-0.12124099
0.067;-0.12110887
0.0671;-0.12092382
0.0671;-0.1207397
0.0681;-0.1205589
0.0704;-0.12040772
0.068;-0.12030861
0.0695;-0.12020436
0.073;-0.12014374
0.0726;-0.1201416
0.0731;-0.12015099
0.0748;-0.12018377
0.0814;-0.1202444
0.0833;-0.12039287
0.0841;-0.12057032
0.0878;-0.12076709
0.0904;-0.12100717
0.091;-0.12126713
0.0928;-0.12152077
0.0945;-0.12177832
0.0974;-0.12203143
0.0917;-0.12229593
0.0896;-0.12245856
0.0845;-0.12256683
0.0784;-0.122566
0.075;-0.12245035
0.0767;-0.12225865
0.0743;-0.12206639
0.0704;-0.12183914
0.0684;-0.12157862
0.0657;-0.12130956
0.0686;-0.12102224
0.0663;-0.12079468
0.064;-0.12056424
0.0624;-0.12034108
0.0571;-0.12012465
0.0516;-0.1198631
0.0514;-0.11955178
0.052;-0.11925113
0.0507;-0.11897466
0.0504;-0.11871346
0.0578;-0.1184857
0.0586;-0.1183859
0.0639;-0.11833402
0.0625;-0.1183943
0.0641;-0.11846612
0.0656;-0.1185795
0.0702;-0.11871307
0.0732;-0.11890234
0.0767;-0.1191251
0.0784;-0.11938968
0.0848;-0.11966689
0.0854;-0.12001187
0.083;-0.1203436
0.0832;-0.12062453
0.0833;-0.12087312
0.0817;-0.12107845
0.0802;-0.12122382
0.0734;-0.12131548
0.0735;-0.1212863
0.0717;-0.12123007
0.0676;-0.12112121
0.065;-0.12095021
0.0655;-0.12074344
0.0686;-0.12054324
0.0661;-0.12039279
0.0678;-0.12023317
0.0707;-0.12012473
0.0689;-0.1200732
0.0712;-0.12002186
0.0747;-0.12002159
0.0794;-0.12007634
0.08;-0.12020452
0.0817;-0.12035367
0.081;-0.12053344
0.082;-0.12069833
0.0816;-0.12086368
0.0817;-0.12100366
0.0853;-0.12112559
0.0866;-0.12127377
0.0859;-0.12142185
0.0883;-0.12155177
0.0874;-0.12170037
0.0864;-0.12181993
0.0852;-0.12191295
0.0865;-0.12197168
0.0843;-0.12202846
0.081;-0.12204027
0.0815;-0.12199992
0.0834;-0.12195377
0.0703;-0.12192114
0.0628;-0.12171787
0.0638;-0.1214204
0.0644;-0.12111425
0.0683;-0.12081026
0.0682;-0.1205822
0.0839;-0.12039201
0.0893;-0.12045054
0.0923;-0.12062241
0.0954;-0.12089296
0.0954;-0.12123205
0.0938;-0.1215712
0.0995;-0.12187082
0.1012;-0.12220986
0.1036;-0.12252948
0.1086;-0.12285215
0.1107;-0.12320845
0.1117;-0.12356047
0.1104;-0.12389764
0.1048;-0.12418266
0.1039;-0.1243526
0.1022;-0.12446509
0.0925;-0.1245044
0.0804;-0.12437992
0.0743;-0.12406968
0.0718;-0.12364741
0.0307;-0.12316702
0.03;-0.12215429
0.0316;-0.12115619
0.0339;-0.12015385
0.0349;-0.11925036
0.034;-0.11847668
0.0367;-0.1178223
0.0389;-0.11732303
0.0417;-0.11695706
0.0433;-0.11672172
0.0453;-0.1165863
0.0445;-0.11653902
0.0453;-0.11652676
0.0451;-0.11655329
0.0579;-0.11659034
0.0661;-0.11679469
0.0668;-0.1171131
0.0652;-0.11746803
0.0679;-0.11781042
0.0662;-0.11816268
0.0641;-0.11845256
0.0596;-0.11867557
0.0565;-0.1187942
0.0512;-0.11882647
0.0476;-0.1187471
0.0466;-0.11858851
0.0451;-0.11839267
0.0413;-0.11816949
0.0343;-0.11790641
0.0356;-0.11756966
0.035;-0.11726196
0.0266;-0.11696223
0.0276;-0.11659181
0.026;-0.11626512
0.0016;-0.11594167
-0.0173;-0.11535354
-0.0181;-0.11455149
-0.0236;-0.11371849
-0.0234;-0.11282928
-0.0242;-0.11200757
-0.0255;-0.11126464
-0.0255;-0.1106111
-0.0289;-0.11006007
-0.0292;-0.10956411
-0.0462;-0.1091464
-0.0496;-0.10859857
-0.05;-0.10805057
-0.0479;-0.10751928
-0.0495;-0.1070595
-0.0551;-0.10664852
-0.0439;-0.10624211
-0.043;-0.10601482
-0.0438;-0.10586149
-0.0454;-0.10576929
-0.0344;-0.10570225
-0.0338;-0.10578384
-0.0325;-0.10590367
-0.0284;-0.10606863
-0.0293;-0.10628779
-0.0292;-0.10649566
-0.0289;-0.10669349
-0.0251;-0.10687147
-0.0247;-0.10706842
-0.0317;-0.10725122
-0.0269;-0.10733628
-0.0275;-0.10744564
-0.0292;-0.10752013
-0.031;-0.10756272
-0.0335;-0.10756891
-0.0377;-0.10752928
-0.0572;-0.10742518
-0.058;-0.10707898
-0.0607;-0.10668729
-0.0684;-0.10623558
-0.0772;-0.10570963
-0.0782;-0.10510835
-0.0803;-0.10451917
-0.0802;-0.10394675
-0.0817;-0.10343538
-0.08;-0.10297628
-0.0814;-0.10260502
-0.0832;-0.10228637
-0.0774;-0.10200809
-0.0634;-0.10184019
-0.0564;-0.10187903
-0.0544;-0.10207142
-0.0547;-0.10235494
-0.052;-0.10266569
-0.0467;-0.10300022
-0.0385;-0.10337155
-0.0316;-0.1038143
-0.0277;-0.10432167
-0.0221;-0.10485975
-0.0048;-0.10543504
-0.0004;-0.10617305
-0.0017;-0.10693896
-0.0035;-0.10766042
-0.0061;-0.10829195
-0.0106;-0.10879827
-0.0079;-0.10915089
-0.009;-0.10943939
-0.0119;-0.1096377
-0.0128;-0.1097485
-0.0188;-0.10980256
-0.0106;-0.10974771
-0.005;-0.10975969
-0.0014;-0.10982668
0.0012;-0.10995561
0.0021;-0.11013484
0.0033;-0.11033342
0.0065;-0.11054211
0.0061;-0.11077473
0.0041;-0.11098584
0.0007;-0.11115338
-0.0073;-0.11125086
-0.0115;-0.11121689
-0.0128;-0.11109214
-0.0073;-0.11091401
-0.0128;-0.11078453
-0.0145;-0.1106002
-0.0385;-0.110416
-0.0393;-0.10995504
-0.0456;-0.10946912
-0.0584;-0.108886
-0.0602;-0.10817333
-0.0631;-0.10746402
-0.0633;-0.10676043
-0.0651;-0.10612122
-0.0644;-0.10554171
-0.0639;-0.10505356
-0.0602;-0.10465233
-0.0557;-0.10437036
-0.0509;-0.10421357
-0.041;-0.10418199
-0.0307;-0.10432401
-0.0254;-0.10464042
-0.0179;-0.10506884
-0.0133;-0.10560971
-0.0091;-0.10620395
-0.0054;-0.10682616
0.0202;-0.10745063
0.0177;-0.10832483
0.0251;-0.10914132
0.0177;-0.1100147
0.0208;-0.1107212
0.0149;-0.11136821
0.0102;-0.11182981
0.0108;-0.11213242
0.0086;-0.11234151
0.0055;-0.1124444
0.0026;-0.1124564
-0.0016;-0.11239225
-0.005;-0.11224716
-0.0089;-0.11204091
-0.012;-0.11177643
-0.0175;-0.11147377
-0.0147;-0.11111322
-0.0142;-0.11080039
-0.0173;-0.11051995
-0.0187;-0.11024635
-0.0185;-0.10999491
-0.0157;-0.10977626
-0.016;-0.10962185
-0.009;-0.10949975
-0.0108;-0.10949469
-0.0085;-0.10950229
-0.0049;-0.10956543
-0.0034;-0.1096824
-0.0015;-0.10982722
0.0028;-0.10999972
0.0034;-0.11022013
0.0047;-0.11044225
0.0051;-0.11067002
0.0;-0.11088323
0.0018;-0.11101142
0.0037;-0.1111284
0.0011;-0.11123426
0.0022;-0.11129081
0.0051;-0.11134528
0.0077;-0.1114187
0.0043;-0.11151792
0.0059;-0.11157704
0.0136;-0.11164948
0.006;-0.11180174
0.0106;-0.11186263
0.0137;-0.1119761
0.015;-0.11210848
0.0196;-0.11225354
0.0281;-0.11245117
0.0274;-0.11274754
0.0299;-0.11303712
0.0287;-0.11335319
0.0244;-0.11362977
0.0256;-0.11382148
0.0226;-0.11398464
0.0209;-0.11406706
0.0198;-0.11409633
0.0154;-0.11408229
0.0114;-0.11399332
0.0069;-0.11384013
0.0012;-0.11361761
-0.0031;-0.1133174
-0.0007;-0.11296263
0.0057;-0.1126423
0.0052;-0.11242311
0.0057;-0.11224706
0.0079;-0.11213022
0.0067;-0.11207663
0.0056;-0.11203767
0.0029;-0.11200622
0.0042;-0.11195046
0.0032;-0.11191131
0.0068;-0.11186069
0.0079;-0.11185922
0.0061;-0.11187983
0.004;-0.11189228
0.0038;-0.111884
0.005;-0.11186776
0.0043;-0.11185943
0.0021;-0.11184216
0.0039;-0.11180069
0.0054;-0.11177924
0.0059;-0.11177564
0.0118;-0.11178561
0.0128;-0.11187457
0.013;-0.11198622
0.0099;-0.11211228
0.0066;-0.11219913
0.006;-0.11223181
0.0054;-0.11223324
0.0051;-0.11220612
0.0048;-0.1121641
0.0105;-0.11211404
0.0138;-0.11213359
0.0116;-0.1122033
0.0121;-0.11226587
0.0125;-0.11234224
0.0181;-0.11241706
0.0196;-0.1125528
0.0277;-0.1127049
0.0319;-0.11295907
0.0347;-0.11326614
0.0452;-0.11361113
0.0475;-0.11407551
0.0517;-0.11455312
0.069;-0.11506636
0.0711;-0.11576057
0.0735;-0.1164495
0.0756;-0.11714362
0.0781;-0.11780441
0.0827;-0.11842234
0.087;-0.11902045
0.0971;-0.11959884
0.0986;-0.12024193
0.0965;-0.12084472
0.1002;-0.12136918
0.1015;-0.12187417
0.1015;-0.12231881
0.1002;-0.12269908
0.0975;-0.12300102
0.0935;-0.12320867
0.0922;-0.12330818
0.0881;-0.12334047
0.0852;-0.12327607
0.0835;-0.12314712
0.0829;-0.12297644
0.0801;-0.1227906
0.0788;-0.12257314
0.0777;-0.12235301
0.0747;-0.12213366
0.073;-0.12189531
0.0726;-0.12165712
0.0748;-0.12143369
0.0744;-0.12126203
0.074;-0.12111343
0.0762;-0.1209919
0.0795;-0.12092385
0.0822;-0.12091956
0.0845;-0.12097277
0.0858;-0.12107664
0.0944;-0.12121086
0.1027;-0.121462
0.1106;-0.12182073
0.1058;-0.12229031
0.103;-0.12269635
0.0987;-0.12304798
0.0931;-0.12328757
0.0885;-0.12339158
0.0848;-0.12337506
0.0814;-0.12325813
0.0764;-0.12306099
0.0766;-0.12278034
0.056;-0.12249908
0.0592;-0.12195522
0.062;-0.12147232
0.0513;-0.12102104
0.0508;-0.12047923
0.0537;-0.11999066
0.0557;-0.11957931
0.059;-0.11925107
0.0653;-0.11903245
0.0787;-0.11895775
0.0748;-0.11911287
0.0749;-0.11927518
0.0785;-0.11948455
0.0775;-0.11973715
0.0799;-0.11996141
0.0817;-0.12019947
0.0891;-0.12043425
0.0875;-0.12074226
0.0882;-0.12100904
0.1028;-0.12127073
0.1178;-0.12169187
0.1192;-0.12228368
0.1171;-0.12289455
0.125;-0.12347184
0.1215;-0.12410621
0.1167;-0.12462054
0.1097;-0.12500958
0.1119;-0.12522502
0.1119;-0.12538931
0.1133;-0.12547983
0.1109;-0.12555
0.1109;-0.12556274
0.1152;-0.12556215
0.117;-0.12560476
0.1184;-0.125665
0.1141;-0.12575018
0.1172;-0.12578006
0.1167;-0.12584977
0.1185;-0.12589642
0.1063;-0.12596394
0.0889;-0.12585987
0.0896;-0.1255183
0.0873;-0.125156
0.0891;-0.12472561
0.0884;-0.12433434
0.0898;-0.12396874
0.0914;-0.12367341
0.0935;-0.12344941
0.0935;-0.12330331
0.0863;-0.1232024
0.0768;-0.12304425
0.071;-0.12278403
0.0582;-0.12244777
0.0557;-0.12193735
0.0524;-0.12139861
0.0411;-0.12082414
0.0407;-0.12014343
0.0408;-0.11950666
0.0403;-0.118917
0.036;-0.11839198
0.0367;-0.11789157
0.038;-0.11747261
0.0369;-0.11713191
0.0379;-0.11684167
0.0435;-0.11662245
0.0417;-0.11652084
0.0453;-0.11644295
0.0503;-0.11645167
0.0529;-0.1165465
0.0496;-0.11669727
0.0518;-0.11682403
0.0515;-0.11697828
0.0521;-0.117112
0.0512;-0.11723937
0.0498;-0.11733834
0.0487;-0.11740287
0.0456;-0.11743489
0.0454;-0.11740991
0.0443;-0.11736696
0.027;-0.11729714
0.024;-0.11700539
0.022;-0.11666467
0.0211;-0.11627091
0.021;-0.11587244
0.0177;-0.11550175
0.0171;-0.11513266
0.0146;-0.1148013
0.0095;-0.11448
0.0118;-0.11413693
0.0;-0.11385497
-0.0064;-0.11346143
-0.0096;-0.11302083
-0.0105;-0.11255239
-0.0153;-0.11209565
-0.014;-0.11162131
-0.0175;-0.11120956
-0.0184;-0.11080609
-0.0187;-0.11044592
-0.0172;-0.11012967
-0.0089;-0.10987909
-0.0079;-0.10977505
-0.0042;-0.10973939
-0.0027;-0.10980038
-0.0001;-0.10991244
0.0021;-0.11007546
0.0018;-0.11027144
0.0056;-0.11046246
0.005;-0.11068742
0.0167;-0.11088896
0.0087;-0.11121447
0.0113;-0.11143236
0.0124;-0.11166759
0.013;-0.11187684
0.0148;-0.1120645
0.015;-0.11224767
0.0161;-0.11240974
0.0163;-0.11256432
0.015;-0.11270049
0.0161;-0.11280158
0.0179;-0.11289561
0.0199;-0.11299238
0.0166;-0.11310199
0.0128;-0.11316434
0.0124;-0.11316918
0.0053;-0.11314733
0.0074;-0.11301927
0.0043;-0.11290178
-0.0029;-0.11273584
-0.0219;-0.11248887
-0.0251;-0.112013
-0.0261;-0.11148144
-0.0278;-0.11092159
-0.028;-0.1103697
-0.0288;-0.10986888
-0.0272;-0.10942259
-0.0265;-0.10906202
-0.0277;-0.10877557
-0.0247;-0.10853758
-0.0302;-0.10838515
-0.0281;-0.10821182
-0.0219;-0.10809287
-0.0128;-0.10806563
-0.012;-0.10817739
-0.0189;-0.10834208
-0.0184;-0.10845559
-0.0252;-0.10856642
-0.0285;-0.1085704
-0.0313;-0.10850679
-0.0326;-0.10837863
-0.0341;-0.10821593
-0.0368;-0.10803004
-0.0386;-0.10781845
-0.0446;-0.1075962
-0.0468;-0.1073174
-0.0473;-0.10702389
-0.0475;-0.10673612
-0.0444;-0.10646978
-0.043;-0.10627151
-0.0418;-0.10612977
-0.0353;-0.10604411
-0.0331;-0.10606807
-0.0318;-0.10615277
-0.0293;-0.10628269
-0.0107;-0.10645443
-0.0103;-0.10684441
-0.0073;-0.10726159
-0.0054;-0.10773072
-0.0039;-0.10820068
-0.0052;-0.10865016
-0.0025;-0.10903554
-0.005;-0.1093971
-0.0078;-0.10967387
-0.0107;-0.10986636
-0.0117;-0.10997015
-0.0114;-0.11001269
-0.0075;-0.11002102
-0.0123;-0.11005393
-0.0128;-0.11002456
-0.0119;-0.10998625
-0.0165;-0.10994803
-0.0184;-0.10985327
-0.0199;-0.10973398
-0.0213;-0.1095909
-0.023;-0.10943215
-0.0238;-0.10926017
-0.0227;-0.10908926
-0.0205;-0.10894517
-0.0226;-0.10884678
-0.0133;-0.10874949
-0.005;-0.1087828
-0.0036;-0.10894027
-0.0026;-0.10915495
0.0096;-0.10940599
0.0098;-0.10980029
0.0126;-0.11019456
0.0145;-0.11061665
0.0172;-0.11103109
0.019;-0.11143942
0.0276;-0.11182677
0.0279;-0.11227573
0.0282;-0.11269185
0.0255;-0.1130794
0.0248;-0.11338636
0.0253;-0.11363028
0.0257;-0.11382441
0.0251;-0.11397788
0.0265;-0.11408958
0.0244;-0.11419116
0.0228;-0.11424518
0.0211;-0.11426266
0.0177;-0.1142404
0.0204;-0.11416079
0.0223;-0.11410196
0.023;-0.11406182
0.0216;-0.11404131
0.0222;-0.11401659
0.0235;-0.11400669
0.0243;-0.11401519
0.0214;-0.11403817
0.0202;-0.11403066
0.0198;-0.11400789
0.0173;-0.11397242
0.0166;-0.11390153
0.0124;-0.11381957
0.0093;-0.11368407
0.0095;-0.1135105
0.0059;-0.11333719
0.0041;-0.11312602
0.0014;-0.11290637
-0.0055;-0.11266645
-0.0102;-0.11235901
-0.0089;-0.11200739
-0.0134;-0.11168055
-0.0134;-0.11132328
-0.0135;-0.11100054
-0.0131;-0.11071049
-0.0123;-0.11046623
-0.0139;-0.11027334
-0.0233;-0.11010155
-0.0238;-0.10985107
-0.0236;-0.10960714
-0.0208;-0.10937048
-0.0163;-0.10918859
-0.0139;-0.10909319
-0.0145;-0.10906809
-0.0147;-0.10907502
-0.0159;-0.10910296
-0.0121;-0.10912481
-0.0265;-0.10919104
-0.0291;-0.10908765
-0.0321;-0.1089372
-0.036;-0.10871813
-0.038;-0.10844176
-0.0409;-0.10814302
-0.0371;-0.10782229
-0.0414;-0.10756667
-0.0429;-0.10729602
-0.041;-0.10704508
-0.038;-0.10684291
-0.0345;-0.10670747
-0.0278;-0.1066518
-0.0268;-0.10671363
-0.0253;-0.10682699
-0.0238;-0.10698533
-0.0216;-0.10716838
-0.0184;-0.10737308
-0.0166;-0.10760535
-0.0123;-0.10784754
0.0032;-0.10812613
0.0017;-0.10857243
0.0001;-0.10900345
0.0033;-0.10941074
0.0032;-0.10981351
0.0041;-0.11016401
0.004;-0.11047735
0.0044;-0.11074087
0.007;-0.11096437
0.0064;-0.11117839
0.0117;-0.1113529
0.0119;-0.1115651
0.0164;-0.11175849
0.0181;-0.11199216
0.0199;-0.11222976
0.0224;-0.11247505
0.02;-0.11273105
0.0171;-0.11293563
0.0136;-0.11307733
0.0164;-0.11313864
0.0107;-0.11319602
0.0094;-0.11315642
0.0105;-0.11308508
0.0064;-0.11300848
0.0086;-0.11287736
0.0092;-0.11277539
0.0122;-0.11268494
0.0163;-0.11264682
0.0164;-0.11267751
0.017;-0.11273215
0.0166;-0.11281106
0.0175;-0.11288882
0.0169;-0.11297379
0.0157;-0.11304364
0.0165;-0.11309016
0.01;-0.11313444
0.0116;-0.11308824
0.0123;-0.1130484
0.0138;-0.11300146
0.0206;-0.11297397
0.0231;-0.11303707
0.0219;-0.11314717
0.0227;-0.11326305
0.0206;-0.11339308
0.0187;-0.11348762
0.0218;-0.11354382
0.022;-0.11361707
0.024;-0.11367784
0.0279;-0.11375843
0.0435;-0.11388253
0.0471;-0.1141996
0.0462;-0.11457658
0.0454;-0.11496406
0.0447;-0.11532784
0.052;-0.11564237
0.0563;-0.11599915
0.0545;-0.11636762
0.0543;-0.11668769
0.0556;-0.11697341
0.0545;-0.11723074
0.0598;-0.11743157
0.0611;-0.11766288
0.0653;-0.11787889
0.063;-0.1181303
0.0625;-0.11833245
0.0621;-0.11850828
0.0584;-0.11864714
0.0582;-0.11870866
0.0573;-0.11873983
0.0589;-0.11873226
0.0576;-0.11872956
0.0577;-0.11870242
0.0578;-0.1186765
0.0567;-0.11865041
0.0528;-0.11861183
0.0487;-0.1185257
0.0513;-0.11838596
0.0513;-0.11827283
0.0569;-0.1181592
0.0518;-0.11813264
0.0491;-0.11806109
0.0482;-0.11797716
0.0479;-0.11788183
0.0624;-0.11778209
0.0641;-0.11787128
0.0602;-0.11800231
0.0574;-0.11812394
0.0536;-0.11821832
0.0516;-0.11824594
0.0455;-0.11822297
0.0484;-0.11809829
0.0486;-0.1179928
0.0476;-0.11787844
0.0493;-0.11776273
0.0482;-0.11768244
0.0464;-0.11760205
0.0459;-0.11751491
0.0487;-0.11743072
0.0508;-0.11738797
0.0501;-0.11738217
0.0485;-0.11738428
0.052;-0.11737879
0.0489;-0.11741999
0.0474;-0.11742197
0.0486;-0.11740853
0.0486;-0.11740269
0.0485;-0.11739174
0.0457;-0.11738104
0.0525;-0.11733641
0.0595;-0.11737698
0.0639;-0.1175074
0.0732;-0.11771365
0.0796;-0.1180577
0.0826;-0.11849324
0.0846;-0.11897211
0.0874;-0.11946221
0.0915;-0.11995259
0.0909;-0.12044793
0.0933;-0.12088422
0.0845;-0.12130056
0.0815;-0.12154253
0.0752;-0.12168916
0.0744;-0.12168314
0.0703;-0.12161358
0.0668;-0.12144949
0.0646;-0.1212235
0.062;-0.12096168
0.0603;-0.12067029
0.0527;-0.12037221
0.0552;-0.11999825
0.0525;-0.11968134
0.0531;-0.11935171
0.054;-0.11907016
0.0549;-0.11883752
0.0557;-0.11865777
0.0581;-0.11852817
0.0591;-0.11846427
0.0593;-0.11844285
0.0604;-0.11844946
0.0623;-0.118486
0.068;-0.11855488
0.0658;-0.11870166
0.0642;-0.11882587
0.0668;-0.11893408
0.066;-0.11906076
0.0687;-0.11915943
0.0732;-0.11928151
0.077;-0.119448
0.0772;-0.11965759
0.0815;-0.11986771
0.0844;-0.12012582
0.0861;-0.12040378
0.0852;-0.12068821
0.0917;-0.12094009
0.0917;-0.12124906
0.0621;-0.12152551
0.0588;-0.12139234
0.0555;-0.1211744
0.0464;-0.12082187
0.041;-0.12031963
0.0344;-0.11974952
0.0261;-0.11910874
0.0186;-0.11839643
0.0126;-0.11763351
0.0101;-0.11684547
0.0063;-0.11608618
0.005;-0.11535288
0.0057;-0.11468755
0.004;-0.11411647
0.0046;-0.113614
0.009;-0.11320435
0.0121;-0.11292319
0.0138;-0.11275266
0.0178;-0.11267187
0.0222;-0.11269338
0.0511;-0.11280765
0.0515;-0.11330581
0.049;-0.11385712
0.0444;-0.11442656
0.0447;-0.11491346
0.0457;-0.11533707
0.049;-0.11569409
0.052;-0.11602601
0.0517;-0.1163432
0.0552;-0.1166174
0.0607;-0.11690002
0.0639;-0.11721597
0.0664;-0.11754643
0.0615;-0.11788761
0.0606;-0.11813943
0.0483;-0.11834323
0.0434;-0.1183393
0.0353;-0.11822451
0.0305;-0.11795031
0.024;-0.11758214
0.0185;-0.11711542
0.0135;-0.11658515
0.0081;-0.11601179
0.0018;-0.11540474
0.0041;-0.1147638
0.0058;-0.11420007
0.0065;-0.11371745
0.012;-0.11332294
0.0156;-0.11307389
0.0218;-0.1129429
0.0245;-0.11295716
0.0332;-0.11306121
0.031;-0.11331334
0.0241;-0.11356443
0.0233;-0.11374003
0.0251;-0.1138777
0.0124;-0.11399442
0.0086;-0.11392508
0.0023;-0.11377912
-0.0028;-0.11351429
-0.0136;-0.11316582
-0.018;-0.11267816
-0.0218;-0.11213854
-0.0286;-0.11156311
-0.0289;-0.11094005
-0.0275;-0.11035759
-0.0267;-0.10984577
-0.0259;-0.10941552
-0.025;-0.10907182
-0.0246;-0.10881004
-0.0287;-0.10861515
-0.0279;-0.10842329
-0.027;-0.10827412
-0.0284;-0.10815863
-0.0283;-0.10805269
-0.0267;-0.1079689
-0.0253;-0.10791923
-0.0239;-0.10790248
-0.0233;-0.10791917
-0.0235;-0.1079569
-0.0212;-0.10800099
-0.022;-0.10807385
-0.0278;-0.10813758
-0.0219;-0.10813105
-0.0206;-0.10817754
-0.0195;-0.10822934
-0.0109;-0.10830045
-0.0038;-0.10847565
-0.0026;-0.10874514
-0.0018;-0.10904749
0.0022;-0.10936214
0.002;-0.10970461
0.002;-0.11001761
0.0126;-0.11029951
0.0114;-0.11066975
0.0112;-0.11099895
0.0112;-0.1113063
0.0118;-0.11157505
0.0125;-0.11180872
0.008;-0.11201114
0.009;-0.11212444
0.0107;-0.11221483
0.0096;-0.11229192
0.0062;-0.11233746
0.0039;-0.11232983
0.0069;-0.11227868
0.0063;-0.11224712
-0.003;-0.11220298
-0.0038;-0.11205231
-0.0109;-0.11188615
-0.014;-0.11162145
-0.017;-0.11131742
-0.0259;-0.11097822
-0.0368;-0.1105473
-0.0378;-0.11000314
-0.0403;-0.1094554
-0.0424;-0.10890118
-0.0428;-0.1083716
-0.0486;-0.10789552
-0.0508;-0.1074157
-0.0553;-0.10696718
-0.0597;-0.10651542
-0.0752;-0.10605957
-0.0789;-0.10546829
-0.0835;-0.10485588
-0.0839;-0.10421274
-0.0876;-0.10360961
-0.0921;-0.10302824
-0.0943;-0.10246614
-0.1001;-0.10194182
-0.1028;-0.10141455
-0.1042;-0.10091159
-0.103;-0.10044439
-0.1058;-0.10004622
-0.1059;-0.09968092
-0.1061;-0.09937064
-0.1065;-0.09910776
-0.1019;-0.09888716
-0.0905;-0.09875672
-0.0902;-0.09879492
-0.0829;-0.09890084
-0.0805;-0.09912989
-0.0715;-0.09941241
-0.0692;-0.09980406
-0.0642;-0.10022651
-0.0601;-0.10069497
-0.0581;-0.10118496
-0.0565;-0.10166584
-0.0562;-0.10212227
-0.0534;-0.10253111
-0.0519;-0.10291567
-0.05;-0.10326535
-0.0472;-0.1035905
-0.0419;-0.10390499
-0.0406;-0.10424347
-0.035;-0.10456964
-0.0321;-0.10493278
-0.0233;-0.1053026
-0.0283;-0.10574865
-0.0343;-0.10611509
-0.0373;-0.10637498
-0.0375;-0.1065342
-0.0247;-0.10662443
-0.0241;-0.10681554
-0.0232;-0.10700505
-0.0228;-0.10721257
-0.0222;-0.10741447
-0.0187;-0.10760413
-0.018;-0.10781161
-0.0162;-0.10800811
-0.0131;-0.10820878
-0.0151;-0.10842664
-0.0095;-0.10860413
-0.0105;-0.10882664
-0.0069;-0.109017
-0.011;-0.1092338
-0.0111;-0.10938171
-0.0086;-0.10950419
-0.0113;-0.10962462
-0.0099;-0.1096922
-0.0106;-0.10975946
-0.0128;-0.1098012
-0.0132;-0.10980581
-0.0126;-0.10979287
-0.0137;-0.10977565
-0.0143;-0.10974122
-0.0137;-0.10969897
-0.0123;-0.10966305
-0.016;-0.10964623
-0.0155;-0.1095925
-0.0109;-0.1095472
-0.0099;-0.10955451
-0.012;-0.10958403
-0.0109;-0.10960385
-0.0122;-0.10964018
-0.0104;-0.10965776
-0.009;-0.10969318
-0.0078;-0.10974198
-0.0044;-0.10980668
-0.0029;-0.10991331
-0.0028;-0.1100404
0.0016;-0.11017051
0.0015;-0.11034717
0.0013;-0.11051533
0.0013;-0.11067313
0.0008;-0.11081323
0.0056;-0.11092634
0.0041;-0.11107621
0.0033;-0.11119434
0.0081;-0.11129367
0.0037;-0.11143286
-0.0007;-0.11150663
0.0078;-0.11151616
0.0072;-0.11160225
0.0077;-0.11166896
0.0107;-0.11174817
0.0074;-0.11186001
0.0053;-0.1119282
0.0036;-0.11196318
0.0015;-0.11195844
-0.001;-0.11191041
-0.0003;-0.11181838
0.0029;-0.11172504
0.0032;-0.11166864
0.0005;-0.11162813
-0.0033;-0.11157244
-0.0046;-0.111479
-0.0013;-0.11136717
0.0029;-0.11129133
0.0071;-0.11127478
0.0136;-0.11133157
0.0222;-0.11149274
0.0233;-0.11178218
0.0231;-0.1121075
0.0244;-0.11243752
0.0239;-0.11276235
0.0231;-0.11304618
0.0235;-0.11328139
0.0266;-0.1134797
0.0257;-0.11367755
0.0322;-0.11383548
0.0354;-0.11405148
0.0386;-0.1142887
0.0507;-0.11455864
0.053;-0.11496754
0.0488;-0.11539704
0.0483;-0.11576832
0.0513;-0.11609773
0.0427;-0.11640833
0.0425;-0.11655984
0.0413;-0.11666279
0.0502;-0.11669596
0.0469;-0.1168078
0.0504;-0.11686416
0.0524;-0.11696944
0.0527;-0.1170911
0.0566;-0.11721425
0.0592;-0.11738101
0.0561;-0.11757165
0.0645;-0.11771709
0.0552;-0.11795603
0.0582;-0.11805606
0.0553;-0.11818207
0.0558;-0.11823492
0.0544;-0.11827431
0.0579;-0.11827555
0.0582;-0.11830974
0.0559;-0.118341
0.0551;-0.11834642
0.0534;-0.1183397
0.0497;-0.11830327
0.0418;-0.1182135
0.0396;-0.1180167
0.0415;-0.11778159
0.051;-0.11755978
0.0572;-0.1174681
0.0577;-0.11748922
0.0604;-0.11756797
0.0677;-0.11771759
0.0676;-0.11797278
0.0725;-0.11823229
0.0746;-0.11855551
0.0739;-0.11888815
0.0745;-0.11919236
0.0775;-0.11947422
0.0783;-0.11975572
0.0815;-0.120011
0.083;-0.12027762
0.0886;-0.12053346
0.0892;-0.1208368
0.0946;-0.12112246
0.0929;-0.12145862
0.0922;-0.12174384
0.094;-0.12199428
0.0965;-0.12222882
0.0921;-0.12245725
0.0924;-0.12259707
0.0906;-0.12271464
0.0935;-0.12277283
0.0918;-0.1228444
0.1052;-0.12287331
0.1101;-0.1230724
0.1084;-0.12332973
0.109;-0.12358473
0.1107;-0.12384896
0.1089;-0.12411068
0.1063;-0.12431802
0.1032;-0.12446083
0.1036;-0.12452669
0.099;-0.12456286
0.095;-0.12450776
0.0982;-0.12438381
0.0963;-0.12428583
0.1042;-0.12415394
0.0988;-0.12414011
0.0895;-0.12406641
0.0858;-0.12389718
0.086;-0.1236793
0.0868;-0.12345015
0.0885;-0.12323271
0.0975;-0.12305771
0.0937;-0.12303032
0.0907;-0.12298724
0.0875;-0.12294622
0.0854;-0.12287285
0.084;-0.12277016
0.083;-0.12264495
0.0803;-0.12250704
0.084;-0.12234004
0.0836;-0.1222319
0.0798;-0.1221304
0.083;-0.12200344
0.0848;-0.12193469
0.0918;-0.12189741
0.0982;-0.12197062
0.1068;-0.12214689
0.1132;-0.12246093
0.1155;-0.1228772
0.1176;-0.12333266
0.1202;-0.12380517
0.1252;-0.1242781
0.122;-0.12477185
0.1228;-0.12517242
0.1247;-0.12553664
0.122;-0.12586398
0.1191;-0.12610032
0.1142;-0.12625246
0.1091;-0.12629083
0.1129;-0.1262181
0.1148;-0.12616007
0.0986;-0.12610175
0.0871;-0.12582931
0.0904;-0.12541403
0.0884;-0.12502013
0.0869;-0.12458922
0.0868;-0.12417527
0.0865;-0.12380449
0.0851;-0.12347798
0.0845;-0.12318365
0.0824;-0.12292863
0.0702;-0.12268654
0.0641;-0.12232089
0.0591;-0.12190167
0.0482;-0.12142246
0.0429;-0.12082039
0.0397;-0.12017905
0.0359;-0.11952619
0.032;-0.11887428
0.0313;-0.11823703
0.0298;-0.11765926
0.0238;-0.11713377
0.0287;-0.11660868
0.0289;-0.11621149
0.0297;-0.11587812
0.0295;-0.11562661
0.0292;-0.11543269
0.0275;-0.11528383
0.0238;-0.11515068
0.0231;-0.11499812
0.02;-0.11485216
0.0201;-0.1146778
0.0159;-0.11451672
0.0197;-0.1143163
0.0184;-0.11417755
0.0195;-0.11403951
0.0197;-0.11394159
0.0164;-0.11386691
0.0136;-0.11377162
0.013;-0.1136539
0.0088;-0.11353105
0.0009;-0.11336026
-0.0008;-0.11309887
-0.0012;-0.1128151
0.0025;-0.11252666
0.0025;-0.11230197
0.0044;-0.11211245
0.0033;-0.11198796
0.0032;-0.11188601
0.0033;-0.11181159
0.0039;-0.11175665
0.0067;-0.11172304
0.0059;-0.11173508
0.0039;-0.11175027
0.0058;-0.1117515
0.0049;-0.11177485
-0.0004;-0.1117847
-0.0014;-0.11173084
0.0011;-0.1116561
0.002;-0.11159887
0.004;-0.11155396
0.0014;-0.11154535
0.0015;-0.11151862
0.0004;-0.11150087
-0.002;-0.11146954
-0.006;-0.11140949
-0.0069;-0.11129852
-0.0078;-0.11117021
-0.0041;-0.11102722
-0.0059;-0.11093429
-0.0032;-0.11083658
-0.0007;-0.11079206
0.0017;-0.11079384
0.0021;-0.11084441
0.001;-0.11091691
0.0024;-0.11098542
-0.0006;-0.11106848
-0.0055;-0.11110816
-0.0047;-0.11107859
-0.0105;-0.11103833
-0.0142;-0.11091203
-0.0131;-0.11073241
-0.0105;-0.11055464
-0.0073;-0.11041079
-0.0053;-0.11032667
-0.0018;-0.11029734
0.001;-0.11033957
0.0006;-0.1104395
0.0007;-0.11055304
0.0029;-0.11067335
0.0018;-0.11081257
0.0022;-0.11092871
0.0006;-0.11103778
-0.0046;-0.11111107
-0.0103;-0.11110471
-0.0129;-0.11100648
-0.019;-0.11084886
-0.0173;-0.11059803
-0.0218;-0.1103581
-0.0289;-0.11006957
-0.0349;-0.10971627
-0.0313;-0.10930458
-0.0307;-0.10894556
-0.0304;-0.10862381
-0.0306;-0.1083566
-0.0305;-0.10813701
-0.0275;-0.10796227
-0.0227;-0.10785925
-0.0205;-0.10784744
-0.0202;-0.10789891
-0.0159;-0.10798471
-0.0146;-0.10813549
-0.0156;-0.10830823
-0.0147;-0.10847107
-0.0097;-0.10863279
-0.0104;-0.10883477
-0.0054;-0.10901636
-0.0061;-0.10924553
-0.0029;-0.10945179
-0.0053;-0.1096811
-0.0082;-0.10986099
-0.0094;-0.1099822
-0.0141;-0.11005474
-0.0181;-0.11003827
-0.021;-0.1099451
-0.0233;-0.10979047
-0.0272;-0.10959166
-0.0311;-0.10934243
-0.0327;-0.109051
-0.0336;-0.10874867
-0.0446;-0.10845219
-0.0466;-0.10805415
-0.0449;-0.10765064
-0.0479;-0.10728087
-0.0483;-0.10691422
-0.0473;-0.10658839
-0.0478;-0.10631696
-0.0466;-0.10608596
-0.0418;-0.10591226
-0.036;-0.10583253
-0.0354;-0.10586129
-0.0383;-0.10594123
-0.0395;-0.10601723
-0.0371;-0.10608222
-0.0385;-0.10616253
-0.0416;-0.106218
-0.0432;-0.10623015
-0.0436;-0.10620838
-0.0458;-0.10616561
-0.0467;-0.10608842
-0.0381;-0.10599601
-0.0374;-0.10600087
-0.0392;-0.10603309
-0.0329;-0.10607059
-0.0318;-0.10618772
-0.0265;-0.10632408
-0.0251;-0.10652971
-0.0222;-0.10675458
-0.0236;-0.1070108
-0.0231;-0.10723859
-0.0172;-0.1074499
-0.0059;-0.10770016
-0.0041;-0.10806332
-0.0026;-0.10844792
-0.0059;-0.10884701
-0.0095;-0.10917953
-0.0079;-0.10942324
-0.0083;-0.10962704
-0.0066;-0.10977487
-0.0071;-0.10990725
-0.0143;-0.11000714
-0.0126;-0.11000136
-0.012;-0.10998847
-0.0115;-0.10995729
-0.0119;-0.10992648
-0.0122;-0.1098927
-0.0109;-0.10985889
-0.0114;-0.1098433
-0.0128;-0.10982662
-0.0165;-0.10979876
-0.0282;-0.10972753
-0.0347;-0.1095119
-0.0377;-0.10919926
-0.0426;-0.10882602
-0.0453;-0.10839204
-0.0466;-0.10794231
-0.0456;-0.10750538
-0.0582;-0.10712115
-0.057;-0.10664403
-0.0632;-0.10621665
-0.0672;-0.10574953
-0.0689;-0.1052777
-0.071;-0.10482359
-0.0739;-0.10438982
-0.0759;-0.10397293
-0.0756;-0.10358149
-0.0745;-0.10323931
-0.0781;-0.10295846
-0.0757;-0.10268974
-0.073;-0.10248855
-0.0657;-0.10235546
-0.0565;-0.10234661
-0.054;-0.10248967
-0.0504;-0.10271445
-0.0473;-0.1030129
-0.0456;-0.10335398
-0.045;-0.103706
-0.043;-0.10404256
-0.0419;-0.10436812
-0.0335;-0.10466905
-0.0266;-0.10502969
-0.0234;-0.10544622
-0.019;-0.10588826
-0.0124;-0.10636118
-0.0077;-0.10687961
0.0005;-0.10742012
0.0052;-0.10802153
0.0126;-0.10864084
0.0202;-0.10930703
0.025;-0.11001629
0.0249;-0.11073434
0.027;-0.11139439
0.0279;-0.11200746
0.0274;-0.11254801
0.0254;-0.11300177
0.0257;-0.11335301
0.0241;-0.11363363
0.0223;-0.11382855
0.0201;-0.11394835
0.0138;-0.11399595
0.0096;-0.11392935
0.0025;-0.11377939
-0.0047;-0.11351413
-0.0089;-0.11314332
-0.0135;-0.11271082
-0.0161;-0.11222649
-0.0171;-0.11173263
-0.0192;-0.11126181
-0.0201;-0.11081412
-0.0055;-0.11040998
-0.0009;-0.11023331
-0.0011;-0.11018568
0.001;-0.1102208
0.0047;-0.11033165
0.0077;-0.11050854
0.009;-0.11073191
0.0153;-0.11097376
0.0128;-0.1112837
0.0143;-0.11155125
0.0282;-0.11181822
0.0354;-0.11222079
0.0405;-0.1126952
0.0429;-0.11323299
0.0464;-0.11378421
0.047;-0.1143425
0.0491;-0.1148565
0.0518;-0.11533798
0.0547;-0.1157892
0.0538;-0.11621732
0.0562;-0.11658016
0.0612;-0.11692144
0.0639;-0.11727326
0.0623;-0.11761801
0.0648;-0.11790994
0.0649;-0.11819715
0.065;-0.11844286
0.0651;-0.11865412
0.0671;-0.11883111
0.0651;-0.11900114
0.0573;-0.11911789
0.0499;-0.11911232
0.0496;-0.11898275
0.052;-0.11881191
0.0535;-0.11864592
0.0534;-0.11850231
0.0538;-0.1183793
0.0523;-0.11828604
0.0528;-0.1181941
0.0559;-0.11812488
0.064;-0.11810601
0.0652;-0.11820415
0.068;-0.118339
0.0726;-0.11853302
0.0712;-0.11879017
0.0778;-0.11902584
0.0812;-0.11933568
0.0805;-0.11966591
0.0788;-0.11997146
0.0787;-0.12023018
0.0862;-0.12044927
0.0865;-0.12072373
0.0852;-0.12096909
0.0855;-0.12118152
0.0847;-0.12137087
0.0835;-0.12151697
0.0857;-0.12161802
0.0856;-0.12172034
0.0853;-0.12179833
0.0849;-0.12185989
0.0939;-0.1219037
0.0963;-0.12205392
0.104;-0.12222896
0.1077;-0.12251639
0.1077;-0.12285239
0.1041;-0.12318765
0.1045;-0.12345777
0.1027;-0.12369765
0.104;-0.12386593
0.104;-0.12401232
0.1119;-0.12412292
0.1122;-0.12431535
0.1148;-0.1244937
0.1178;-0.12470624
0.1204;-0.12494521
0.1265;-0.12520371
0.1285;-0.1255273
0.1267;-0.1258577
0.129;-0.12614672
0.1299;-0.12643863
0.1293;-0.1267014
0.1282;-0.12692122
0.1241;-0.12709223
0.1232;-0.12717272
0.1196;-0.12720868
0.116;-0.1271622
0.1131;-0.12704654
0.1098;-0.12687534
0.1072;-0.12665053
0.1057;-0.1263915
0.1021;-0.1261206
0.0963;-0.12581775
0.0916;-0.1254614
0.0932;-0.12506604
0.0912;-0.12471342
0.0896;-0.12436201
0.0923;-0.1240346
0.0921;-0.12378484
0.0925;-0.12357347
0.0909;-0.12341346
0.0904;-0.12326935
0.0904;-0.12314874
0.0901;-0.12304871
0.0898;-0.12296239
0.0888;-0.12288833
0.0887;-0.12281458
0.0872;-0.12275057
0.0895;-0.12267503
0.0876;-0.12263804
0.0788;-0.12258241
0.0762;-0.12242305
0.0752;-0.12223126
0.0739;-0.12201433
0.0783;-0.12178335
0.0809;-0.12162532
0.0808;-0.12152489
0.0778;-0.12145956
0.0775;-0.12138617
0.0751;-0.1213261
0.0734;-0.12123989
0.0699;-0.1211371
0.0732;-0.12099107
0.0776;-0.12089119
0.0781;-0.12085369
0.08;-0.12084445
0.0834;-0.12088473
0.0849;-0.12098302
0.0845;-0.12111044
0.0856;-0.12123898
0.0951;-0.12137841
0.0976;-0.12162971
0.0956;-0.12190425
0.1005;-0.12215546
0.1062;-0.12245663
0.1077;-0.12280233
0.1079;-0.12314591
0.1088;-0.12347107
0.1102;-0.12377547
0.1082;-0.12405856
0.1012;-0.12427552
0.1024;-0.12436228
0.1006;-0.12442447
0.0941;-0.12441726
0.0962;-0.12430155
0.0936;-0.12419833
0.0882;-0.12404406
0.085;-0.12382461
0.0859;-0.12356918
0.0888;-0.12332942
0.0864;-0.1231411
0.0854;-0.12294964
0.0879;-0.1227801
0.0855;-0.12266695
0.0863;-0.12254431
0.0893;-0.12245741
0.0909;-0.12242444
0.09;-0.12242943
0.091;-0.12244192
0.0943;-0.12247998
0.0946;-0.12256388
0.0922;-0.12265387
0.0907;-0.12271605
0.09;-0.1227531
0.0884;-0.12276634
0.0871;-0.1227449
0.0833;-0.12269699
0.0808;-0.12259183
0.0803;-0.12244964
0.0756;-0.12229598
0.0691;-0.1220829
0.07;-0.12179524
0.0702;-0.12152537
0.0719;-0.12126625
0.0741;-0.12105722
0.0782;-0.12091118
0.0787;-0.12085591
0.0802;-0.12084333
0.0811;-0.12088199
0.0803;-0.12094937
0.0812;-0.12101543
0.0848;-0.12109412
0.0812;-0.12121329
0.0875;-0.12128063
0.09;-0.12142722
0.0871;-0.12159242
0.0875;-0.1217203
0.0825;-0.12184615
0.0799;-0.12188484
0.0758;-0.12186925
0.0634;-0.12177309
0.0607;-0.1214959
0.0553;-0.12116712
0.0466;-0.12074798
0.0407;-0.12022483
0.0342;-0.11964463
0.0265;-0.11900532
0.021;-0.11830643
0.0156;-0.11758462
0.0021;-0.11684839
-0.008;-0.11600852
-0.0093;-0.11510746
-0.022;-0.11424388
-0.0248;-0.11329789
-0.0256;-0.1124036
-0.0263;-0.11158121
-0.0265;-0.11085199
-0.0276;-0.11022924
-0.0306;-0.10969893
-0.0299;-0.10922847
-0.0279;-0.10884465
-0.0296;-0.10855193
-0.0322;-0.10830535
-0.0348;-0.10808336
-0.0362;-0.10786821
-0.0387;-0.10766222
-0.041;-0.10744894
-0.0408;-0.10722901
-0.0409;-0.10702918
-0.0402;-0.10684986
-0.0348;-0.1067048
-0.0355;-0.10664923
-0.0305;-0.1066195
-0.0281;-0.10667671
-0.0282;-0.10678351
-0.0269;-0.10690798
-0.0264;-0.1070518
-0.0256;-0.10719508
-0.0247;-0.10733684
-0.0223;-0.10747511
-0.023;-0.10762704
-0.023;-0.10775881
-0.021;-0.10787693
-0.0231;-0.10800034
-0.0216;-0.10808451
-0.0201;-0.10817094
-0.0155;-0.10825917
-0.0183;-0.10839298
-0.0225;-0.10849251
-0.0288;-0.10853648
-0.0292;-0.10848325
-0.0288;-0.10839388
-0.0325;-0.10828594
-0.0331;-0.10813159
-0.0349;-0.10797308
-0.0385;-0.10779851
-0.0436;-0.10759297
-0.0477;-0.10733784
-0.0524;-0.10704087
-0.0564;-0.10669608
-0.0587;-0.10631659
-0.0619;-0.10592805
-0.0594;-0.10552965
-0.0508;-0.10519323
-0.0488;-0.10499963
-0.0494;-0.10489603
-0.0492;-0.10485069
-0.0509;-0.10484698
-0.0489;-0.10484399
-0.0438;-0.10487057
-0.043;-0.10495922
-0.039;-0.10506976
-0.0321;-0.10523604
-0.0303;-0.10548553
-0.0295;-0.10576372
-0.0298;-0.10605093
-0.0285;-0.1063167
-0.0217;-0.10656751
-0.0212;-0.10686442
-0.0097;-0.10714585
-0.0067;-0.10754348
-0.0062;-0.10796392
-0.0014;-0.10838056
0.0074;-0.10882243
0.0053;-0.10932931
0.0037;-0.10977994
0.0034;-0.11017259
0.0029;-0.1105011
-0.0006;-0.11076124
0.0014;-0.1109238
0.0025;-0.11105983
0.0029;-0.11116808
0.0062;-0.11125781
0.0063;-0.11137104
0.0101;-0.11147544
0.0085;-0.11161951
0.0059;-0.11173719
0.0009;-0.11181509
0.0084;-0.11181217
-0.0002;-0.1118733
-0.0025;-0.11181589
-0.0022;-0.11172682
-0.0044;-0.11162168
-0.0064;-0.1114838
-0.0065;-0.11132578
-0.0085;-0.11117195
-0.0071;-0.11100462
-0.0089;-0.11086839
-0.0111;-0.11072773
-0.0087;-0.11058011
-0.0092;-0.1104742
-0.0131;-0.11037827
-0.0162;-0.11025612
-0.0163;-0.11010759
-0.0231;-0.1099598
-0.0233;-0.10973746
-0.0234;-0.10951839
-0.0254;-0.10930371
-0.0386;-0.10908538
-0.0405;-0.108735
-0.0416;-0.10836741
-0.0401;-0.10798693
-0.0389;-0.10764857
-0.0384;-0.10736604
-0.0377;-0.10714008
-0.039;-0.10697049
-0.0371;-0.10682733
-0.039;-0.10673748
-0.0311;-0.10665151
-0.0269;-0.10667659
-0.0267;-0.10677515
-0.0134;-0.10690786
-0.0089;-0.10721038
-0.0016;-0.10758296
0.0;-0.10805902
0.0023;-0.10855157
0.0044;-0.10904945
0.0073;-0.10952948
0.0122;-0.10999312
0.014;-0.11046311
0.0169;-0.11090689
0.0168;-0.11133985
0.0185;-0.11172269
0.0188;-0.11207598
0.0198;-0.11238124
0.0234;-0.11265144
0.0246;-0.11292184
0.0249;-0.11317168
0.0231;-0.11339715
0.0219;-0.11357048
0.0237;-0.11369614
0.0269;-0.11380981
0.0295;-0.11393653
0.0288;-0.11408191
0.0286;-0.11421239
0.03;-0.11433105
0.0304;-0.11445025
0.0322;-0.11455812
0.0367;-0.11467528
0.0368;-0.11483648
0.035;-0.11499275
0.0348;-0.11512171
0.0389;-0.11523184
0.0373;-0.11537087
0.0382;-0.11547438
0.041;-0.11557983
0.0402;-0.11570448
0.0367;-0.11580824
0.0348;-0.11585944
0.0392;-0.11586955
0.0376;-0.11591262
0.0355;-0.11592413
0.034;-0.11591047
0.035;-0.11587157
0.0324;-0.11583686
0.0325;-0.11576619
0.0329;-0.11569837
0.0335;-0.11563544
0.0373;-0.11558602
0.0364;-0.11559319
0.0355;-0.11560195
0.0356;-0.11561306
0.0295;-0.11562752
0.0287;-0.11556374
0.0296;-0.115483
0.0301;-0.11539984
0.0305;-0.11532257
0.0313;-0.11525968
0.0402;-0.11521863
0.0413;-0.11530025
0.0403;-0.11541424
0.0387;-0.11554012
0.0401;-0.11564898
0.04;-0.11576263
0.0432;-0.11585797
0.0444;-0.11598045
0.0459;-0.11610709
0.0488;-0.11624695
0.0527;-0.1164148
0.0554;-0.11662278
0.0547;-0.1168577
0.0575;-0.11707562
0.0569;-0.11731264
0.0572;-0.11751737
0.0568;-0.11770266
0.057;-0.11785469
0.0563;-0.11798237
0.0593;-0.11807606
0.0624;-0.11818668
0.0599;-0.1183199
0.0624;-0.1184145
0.0621;-0.11853358
0.058;-0.11863261
0.0537;-0.11866862
0.0543;-0.11863354
0.0563;-0.11858265
0.0562;-0.11853889
0.0574;-0.11849281
0.0586;-0.11847023
0.061;-0.1184705
0.0626;-0.11851032
0.0627;-0.11857903
0.0665;-0.11865668
0.0776;-0.11878501
0.0779;-0.1190531
0.0795;-0.11933046
0.0794;-0.11963883
0.0835;-0.1199294
0.0798;-0.12024537
0.0802;-0.12047935
0.0824;-0.12068774
0.0854;-0.12088242
0.0893;-0.121083
0.0951;-0.12131153
0.0937;-0.12159949
0.0969;-0.12185609
0.0971;-0.12214116
0.1087;-0.1223989
0.1109;-0.12278292
0.1107;-0.12316738
0.1123;-0.12353902
0.1161;-0.12390228
0.1185;-0.12427288
0.1218;-0.12463249
0.1236;-0.124999
0.1252;-0.12535152
0.1269;-0.12568901
0.129;-0.12601015
0.1314;-0.12631983
0.1325;-0.12662362
0.1329;-0.12690647
0.135;-0.12716146
0.1318;-0.1274107
0.13;-0.12758103
0.1312;-0.12769775
0.1266;-0.12779446
0.1235;-0.12779666
0.1224;-0.12773891
0.1163;-0.12764402
0.1171;-0.12745114
0.1215;-0.12726729
0.1246;-0.12713882
0.1286;-0.12706749
0.1307;-0.12708063
0.1318;-0.12715031
0.135;-0.1272581
0.1387;-0.12742038
0.1431;-0.12763256
0.1472;-0.12790142
0.1507;-0.12821928
0.1536;-0.12857373
0.1463;-0.12894998
0.1522;-0.12919879
0.1558;-0.12949866
0.1524;-0.12979035
0.1527;-0.13000305
0.1544;-0.13019492
0.1571;-0.130371
0.1578;-0.13055228
0.152;-0.13071927
0.1486;-0.130788
0.1478;-0.13079213
0.1517;-0.13075401
0.1491;-0.13074546
0.1449;-0.13068864
0.1421;-0.1305819
0.1399;-0.13043714
0.1488;-0.13025783
0.1508;-0.13020349
0.1461;-0.13018242
0.1521;-0.13013074
0.1534;-0.13018684
0.1543;-0.13025898
0.1595;-0.1303574
0.1592;-0.1305325
0.1595;-0.13069879
0.1602;-0.13087018
0.1546;-0.13103738
0.1522;-0.131107
0.1496;-0.1311257
0.1475;-0.13107748
0.1422;-0.13097832
0.1333;-0.13079192
0.1322;-0.13047875
0.1294;-0.13014989
0.1255;-0.12977876
0.1255;-0.1293761
0.1156;-0.12900488
0.1161;-0.12853195
0.1179;-0.12811217
0.1146;-0.12774418
0.1159;-0.12737893
0.1145;-0.12708767
0.1127;-0.1268216
0.1076;-0.12657839
0.1068;-0.12630458
0.1031;-0.12605123
0.104;-0.12576903
0.1052;-0.12552641
0.0995;-0.12532426
0.0976;-0.12507947
0.1017;-0.12484348
0.1043;-0.12467998
0.1099;-0.12457348
0.1085;-0.12457749
0.1117;-0.12459593
0.1083;-0.12468755
0.1017;-0.12474205
0.0955;-0.12471367
0.0959;-0.12458977
0.0945;-0.12444802
0.0934;-0.12426981
0.0901;-0.12408188
0.0863;-0.12386245
0.0793;-0.1236093
0.0738;-0.12327836
0.0659;-0.12288928
0.0587;-0.12240831
0.052;-0.12185223
0.0451;-0.12123187
0.045;-0.12055507
0.0375;-0.1199199
0.0379;-0.1192442
0.0356;-0.11864462
0.0336;-0.1180823
0.0317;-0.11757213
0.0315;-0.11711033
0.0355;-0.11671266
0.0376;-0.1164269
0.0376;-0.11623009
0.0373;-0.11609621
0.038;-0.11600777
0.0394;-0.11596059
0.0381;-0.11595271
0.0381;-0.11594552
0.0358;-0.11594924
0.0308;-0.11592671
0.0274;-0.11584096
0.0271;-0.11570461
0.0277;-0.11555276
0.0183;-0.11540587
0.0206;-0.11515354
0.0191;-0.11493945
0.0108;-0.11471049
0.0103;-0.11440255
0.0101;-0.11410552
0.0071;-0.11381784
0.0104;-0.11352155
0.01;-0.11329754
0.0094;-0.11310314
0.01;-0.11294208
0.0115;-0.1128203
0.013;-0.11274315
0.0098;-0.11270899
0.0092;-0.11265834
0.0117;-0.11261307
0.0173;-0.11259998
0.0225;-0.11266132
0.0211;-0.11280231
0.0219;-0.11294728
0.0211;-0.11311035
0.0218;-0.11325297
0.024;-0.11338751
0.0245;-0.11352924
0.0227;-0.11366165
0.021;-0.11375937
0.0197;-0.11381921
0.0185;-0.11384163
0.0192;-0.11382966
0.0202;-0.11381157
0.0184;-0.11379807
0.0177;-0.11376306
0.0131;-0.11372121
0.0069;-0.1136212
0.0066;-0.11344145
-0.0001;-0.11324716
-0.0088;-0.11296605
-0.013;-0.11258516
-0.0165;-0.11215371
-0.0176;-0.11168636
-0.0195;-0.11123002
-0.0201;-0.11079031
-0.0177;-0.11039285
-0.0154;-0.11007605
-0.012;-0.10984351
-0.0085;-0.10971033
0.0032;-0.10967313
0.0051;-0.10982191
0.0113;-0.11004101
0.0138;-0.11037135
0.0162;-0.11074269
0.0198;-0.11113822
0.0198;-0.11155415
0.0162;-0.11193794
0.0174;-0.11223842
0.0143;-0.11250141
0.002;-0.11267234
-0.0047;-0.11264742
-0.0059;-0.11248668
-0.0114;-0.11225361
-0.0134;-0.11192497
-0.0145;-0.11156933
-0.0163;-0.1112105
-0.0216;-0.11085711
-0.0246;-0.11047632
-0.0275;-0.11009309
-0.0517;-0.10970507
-0.0596;-0.10906568
-0.0614;-0.10834152
-0.0701;-0.10758874
-0.0831;-0.10677333
-0.085;-0.10587075
-0.0897;-0.1050009
-0.0942;-0.10414702
-0.0982;-0.10333224
-0.0979;-0.10256465
-0.1106;-0.1018907
-0.1119;-0.10117409
-0.114;-0.10051461
-0.1109;-0.09989776
-0.1105;-0.09939029
-0.1107;-0.09897466
-0.1049;-0.09864275
-0.0977;-0.09844445
-0.0984;-0.09839499
-0.1038;-0.09841189
-0.0631;-0.09841676
-0.0615;-0.0988657
-0.0556;-0.09942131
-0.0445;-0.10011321
-0.042;-0.10092905
-0.0418;-0.10175024
-0.0481;-0.10252183
-0.0428;-0.10313718
-0.043;-0.10370238
-0.0415;-0.1041651
-0.0457;-0.10456528
-0.0458;-0.10484666
-0.0482;-0.10505906
-0.0512;-0.10518242
-0.0535;-0.10522249
-0.0541;-0.10519457
-0.0565;-0.10512826
-0.0578;-0.10501694
-0.0625;-0.10488285
-0.0605;-0.10469344
-0.0578;-0.104526
-0.0602;-0.10439847
-0.0612;-0.10427003
-0.0563;-0.10415275
-0.0529;-0.10410471
-0.0488;-0.10411778
-0.04;-0.10420676
-0.0358;-0.10442156
-0.0345;-0.10471199
-0.0293;-0.10503618
-0.0232;-0.10541524
-0.0226;-0.10584793
-0.0196;-0.10626981
-0.0156;-0.10669705
-0.015;-0.10712997
-0.0101;-0.10752957
-0.0086;-0.10794337
-0.012;-0.10833178
-0.0072;-0.10863969
-0.0152;-0.10895371
-0.0191;-0.1091242
-0.0172;-0.10920101
-0.0145;-0.10924298
-0.0162;-0.10927977
-0.019;-0.10928433
-0.0188;-0.10925049
-0.0203;-0.10920838
-0.0205;-0.10914046
-0.0239;-0.10906829
-0.0265;-0.1089569
-0.0298;-0.10881583
-0.0313;-0.10863434
-0.0334;-0.10843583
-0.0381;-0.10821864
-0.0371;-0.10795908
-0.0376;-0.10772304
-0.0363;-0.1074992
-0.0299;-0.107319
-0.0276;-0.10724478
-0.0217;-0.10723855
-0.0182;-0.10734185
-0.0179;-0.10751815
-0.018;-0.10772121
-0.0175;-0.1079266
-0.0158;-0.10812352
-0.0144;-0.10831834
-0.0121;-0.10850788
-0.0114;-0.10870513
-0.0116;-0.10889309
-0.0057;-0.10906085
0.0016;-0.10927682
0.0008;-0.10956433
-0.0004;-0.10984068
0.002;-0.11009301
0.0002;-0.11034378
0.0006;-0.11053948
0.0;-0.11070806
-0.0007;-0.11083596
-0.0017;-0.11092716
-0.0035;-0.11098121
0.0003;-0.11099229
0.0022;-0.11103077
0.0036;-0.11108373
0.0061;-0.11115749
0.0069;-0.11126455
0.0082;-0.1113826
0.012;-0.11151472
0.013;-0.11168583
0.016;-0.1118627
0.012;-0.11206921
0.0135;-0.11221529
0.0183;-0.11236015
0.0206;-0.11253558
0.0208;-0.11272416
0.0185;-0.11290808
0.0169;-0.11305078
0.0168;-0.11315105
0.0168;-0.11322135
0.0156;-0.11326712
0.0216;-0.1132815
0.0202;-0.11335712
0.0178;-0.11341229
0.0157;-0.11344297
0.0156;-0.1134394
0.0133;-0.11342044
0.0108;-0.11336221
0.0113;-0.1132675
0.0171;-0.11317296
0.0141;-0.11314901
0.0255;-0.11310334
0.0279;-0.11321599
0.03;-0.11337516
0.036;-0.11358785
0.035;-0.11388142
0.0335;-0.11415944
0.0355;-0.1144071
0.0348;-0.1146481
0.0351;-0.114845
0.0333;-0.1150151
0.0328;-0.115132
0.032;-0.11521459
0.0334;-0.11526045
0.0361;-0.11530337
0.0373;-0.1153664
0.0397;-0.11544062
0.0392;-0.11554553
0.0416;-0.1156432
0.042;-0.11576727
0.0397;-0.11588745
0.0443;-0.11597105
0.0436;-0.1160982
0.0458;-0.11620167
0.0493;-0.11632694
0.0487;-0.11648523
0.0496;-0.11662929
0.0507;-0.11677723
0.049;-0.11692315
0.0478;-0.11703175
0.0524;-0.11710791
0.0548;-0.11722065
0.0578;-0.11734853
0.0558;-0.11751223
0.0525;-0.1176472
0.0559;-0.11773157
0.0604;-0.11783689
0.0631;-0.11797663
0.0622;-0.11814427
0.0664;-0.11829963
0.0756;-0.11850099
0.0749;-0.1188046
0.0767;-0.11909278
0.0789;-0.11940059
0.0788;-0.11971082
0.0783;-0.11998937
0.0789;-0.12022895
0.0782;-0.12043898
0.0813;-0.120603
0.079;-0.12077552
0.078;-0.12089013
0.0751;-0.12097282
0.0739;-0.12099305
0.0712;-0.12097601
0.0713;-0.12090397
0.0673;-0.12082128
0.066;-0.12067971
0.0655;-0.12052321
0.0627;-0.12036075
0.0593;-0.12017114
0.0641;-0.11995193
0.0664;-0.11980655
0.0642;-0.11970723
0.0646;-0.11961281
0.0658;-0.11955094
0.0641;-0.11951835
0.0662;-0.11947697
0.0702;-0.11947331
0.0723;-0.11952601
0.0773;-0.11961634
0.0892;-0.11978357
0.0989;-0.12011142
0.1109;-0.12057495
0.1147;-0.12121059
0.1159;-0.1218974
0.1166;-0.12258382
0.1163;-0.12322785
0.1152;-0.12379347
0.1153;-0.1242619
0.1145;-0.124649
0.1118;-0.12494795
0.1109;-0.12514539
0.1097;-0.12527494
0.1065;-0.1253393
0.1048;-0.12532528
0.1039;-0.12526333
0.1037;-0.12516908
0.1026;-0.12506266
0.0983;-0.12494171
0.1014;-0.12477075
0.0972;-0.12465005
0.0978;-0.12447849
0.0973;-0.12433536
0.0937;-0.12419598
0.0934;-0.12402652
0.0943;-0.12387009
0.0958;-0.12373622
0.0985;-0.12363911
0.097;-0.12359905
0.0973;-0.12356146
0.0907;-0.12354839
0.0901;-0.12345575
0.0922;-0.12335931
0.0848;-0.1232809
0.0942;-0.12310761
0.0912;-0.12307003
0.0892;-0.12299357
0.0885;-0.12292022
0.0842;-0.12284741
0.0844;-0.12272232
0.0828;-0.1226045
0.0848;-0.12246577
0.0872;-0.12236308
0.0861;-0.12230361
0.0865;-0.12224969
0.0862;-0.12222089
0.087;-0.12219822
0.0794;-0.12219387
0.0812;-0.12209468
0.078;-0.12202129
0.0761;-0.1218944
0.0735;-0.12174773
0.0708;-0.12157004
0.0703;-0.12136412
0.0446;-0.12116084
0.0364;-0.12063779
0.0355;-0.12001969
0.0312;-0.11936253
0.029;-0.11866699
0.0295;-0.11799935
0.0361;-0.11740571
0.041;-0.11697286
0.0446;-0.11669007
0.0468;-0.11654703
0.0491;-0.11651121
0.0521;-0.11656171
0.0509;-0.11668581
0.0471;-0.11681522
0.0484;-0.11690287
0.0459;-0.11699374
0.0374;-0.11703213
0.0377;-0.11694886
0.0339;-0.11684757
0.0294;-0.11667453
0.0267;-0.11644094
0.0236;-0.11617266
0.0175;-0.11587059
0.0138;-0.11550724
0.0092;-0.11511578
-0.0022;-0.11468632
-0.0057;-0.1141436
-0.0066;-0.11358249
-0.0064;-0.1130342
-0.0047;-0.11253533
-0.0058;-0.11212021
-0.0069;-0.1117625
-0.0123;-0.11145878
-0.0144;-0.11114502
-0.0131;-0.11084576
-0.0151;-0.11059043
-0.0062;-0.11034564
-0.0048;-0.11024319
-0.0043;-0.11020114
-0.0034;-0.11021425
-0.0027;-0.11026673
-0.0049;-0.11034152
-0.0036;-0.11039499
-0.0033;-0.11045917
-0.0073;-0.11051755
-0.0131;-0.11052226
-0.0155;-0.11044595
-0.0163;-0.11031937
-0.0225;-0.11016422
-0.0258;-0.10993109
-0.0309;-0.10965973
-0.0338;-0.10932933
-0.0343;-0.10897325
-0.0405;-0.10862675
-0.0436;-0.10823661
-0.0517;-0.10784093
-0.0502;-0.10737866
-0.0498;-0.10695919
-0.0495;-0.10657889
-0.0466;-0.10625528
-0.0442;-0.10602042
-0.0399;-0.1058691
-0.0389;-0.10582056
-0.0347;-0.1058313
-0.0284;-0.10592553
-0.0148;-0.10611618
-0.0078;-0.10648645
-0.0046;-0.10696796
-0.002;-0.10750863
-0.0062;-0.10806942
0.0021;-0.10854226
-0.0018;-0.10905157
-0.0049;-0.10945144
-0.0081;-0.1097583
-0.0105;-0.1099572
-0.0349;-0.11006105
-0.0413;-0.1098178
-0.0411;-0.1094299
-0.0477;-0.10897168
-0.0507;-0.10842265
-0.0516;-0.10786095
-0.0558;-0.10732424
-0.0583;-0.1067921
-0.0621;-0.10628916
-0.0692;-0.10579842
-0.0717;-0.10528076
-0.0782;-0.10477871
-0.0802;-0.10424691
-0.0791;-0.10373655
-0.0813;-0.10328536
-0.0837;-0.10287061
-0.085;-0.10249072
-0.0838;-0.10214857
-0.0846;-0.10186678
-0.0847;-0.10162516
-0.0618;-0.10142757
-0.0579;-0.10152035
-0.0571;-0.10173713
-0.0498;-0.10203842
-0.0461;-0.10244486
-0.0477;-0.10289446
-0.0396;-0.10331421
-0.0344;-0.10378832
-0.0338;-0.10428357
-0.0352;-0.10475537
-0.0271;-0.10516839
-0.0271;-0.10561682
-0.0272;-0.10601717
-0.0242;-0.10637481
-0.0232;-0.1067162
-0.0248;-0.10702214
-0.0274;-0.10726828
-0.027;-0.10744035
-0.0286;-0.10757053
-0.0304;-0.10764249
-0.0392;-0.10766376
-0.0405;-0.1075569
-0.0429;-0.1074051
-0.0421;-0.1072006
-0.0433;-0.1070006
-0.0526;-0.10679737
-0.0547;-0.10650711
-0.0564;-0.1062007
-0.0584;-0.10587969
-0.0587;-0.10555603
-0.0567;-0.10525738
-0.0588;-0.10501583
-0.0617;-0.10479254
-0.0633;-0.10457462
-0.0652;-0.10436433
-0.0659;-0.10415325
-0.066;-0.1039543
-0.065;-0.10377559
-0.0648;-0.10363238
-0.0619;-0.10351843
-0.0636;-0.10346293
-0.0609;-0.10341481
-0.0599;-0.10341536
-0.058;-0.10344109
-0.0562;-0.10350133
-0.049;-0.10359094
-0.0516;-0.10376811
-0.0491;-0.10392788
-0.0478;-0.10411566
-0.046;-0.1043046
-0.0491;-0.1045
-0.0514;-0.10464416
-0.0521;-0.10473731
-0.0509;-0.1047899
-0.047;-0.10482895
-0.0478;-0.10489713
-0.05;-0.10495532
-0.0508;-0.10498839
-0.0491;-0.10500191
-0.0515;-0.10502185
-0.0502;-0.10500889
-0.0537;-0.10500591
-0.0544;-0.10495928
-0.0557;-0.10489978
-0.0573;-0.10481906
-0.0573;-0.1047186
-0.0566;-0.10461876
-0.0562;-0.10453229
-0.0535;-0.10446207
-0.0496;-0.1044367
-0.0458;-0.10447315
-0.0389;-0.10457463
-0.0364;-0.10477565
-0.0373;-0.10502551
-0.0371;-0.10527506
-0.0331;-0.10551411
-0.0318;-0.10577215
-0.0291;-0.10602122
-0.0278;-0.10628044
-0.0282;-0.10653225
-0.0146;-0.10675597
-0.0164;-0.10710984
-0.0181;-0.10743232
-0.0206;-0.10772648
-0.0213;-0.10795458
-0.0224;-0.10812709
-0.0227;-0.10824116
-0.0252;-0.10831478
-0.0238;-0.10833071
-0.0219;-0.10834046
-0.024;-0.10835783
-0.0258;-0.10834879
-0.0194;-0.10831703
-0.013;-0.10835336
-0.0067;-0.10846995
-0.0012;-0.10868298
0.0043;-0.10898379
0.0044;-0.10936363
0.0068;-0.10974537
0.0123;-0.11013733
0.0116;-0.11055986
0.0093;-0.110939
0.0115;-0.11125221
0.0119;-0.11154038
0.0114;-0.11178276
0.0139;-0.1119791
0.0167;-0.11216895
0.0172;-0.11236235
0.0186;-0.11254174
0.0229;-0.11272043
0.0244;-0.1129318
0.0256;-0.11314598
0.0301;-0.11336226
0.0329;-0.11361565
0.0344;-0.11388528
0.0413;-0.11415835
0.0403;-0.1144966
0.0401;-0.11480135
0.0393;-0.1150827
0.0454;-0.11531724
0.0447;-0.11558818
0.0467;-0.115817
0.0456;-0.11604902
0.0473;-0.11623859
0.0452;-0.11642231
0.0441;-0.11655045
0.0412;-0.11663967
0.04;-0.11666454
0.0428;-0.11664972
0.041;-0.11664896
0.0409;-0.1166164
0.0385;-0.11658421
0.0364;-0.11652017
0.0343;-0.11642931
0.0336;-0.11630921
0.0323;-0.11617941
0.0303;-0.11603685
0.0289;-0.1158785
0.0284;-0.11571333
0.0251;-0.11555323
0.0249;-0.11536656
0.0238;-0.11519264
0.0202;-0.11501856
0.0188;-0.11481863
0.0219;-0.11461771
0.0217;-0.11446837
0.0276;-0.11433849
0.0329;-0.11431047
0.0366;-0.11437658
0.0489;-0.11452292
0.0477;-0.11484808
0.0475;-0.1151788
0.0496;-0.11551857
0.0503;-0.11585969
0.0515;-0.1161728
0.0528;-0.11646344
0.0546;-0.11673167
0.0555;-0.11698631
0.0579;-0.11721937
0.0668;-0.11745297
0.0713;-0.11777182
0.0731;-0.11812918
0.078;-0.11850138
0.0852;-0.11891647
0.0815;-0.11939304
0.0838;-0.11979105
0.0817;-0.12018415
0.0798;-0.12049316
0.0868;-0.12072599
0.0883;-0.12099607
0.0887;-0.12124079
0.0857;-0.12146897
0.0864;-0.12163216
0.0829;-0.12177446
0.0814;-0.12183587
0.0823;-0.12185137
0.0818;-0.12185159
0.0838;-0.12182806
0.0808;-0.12182528
0.0744;-0.12178174
0.0785;-0.12165827
0.0809;-0.12158252
0.0823;-0.12152909
0.0828;-0.12150861
0.0855;-0.12151243
0.0922;-0.12156489
0.0941;-0.12171297
0.0973;-0.12189545
0.094;-0.1221316
0.0922;-0.12232102
0.0903;-0.12247414
0.0913;-0.12257164
0.0952;-0.12265114
0.0993;-0.12275563
0.1035;-0.12290049
0.1074;-0.12309861
0.1089;-0.12334843
0.1079;-0.12361492
0.1041;-0.12385772
0.1044;-0.12402759
0.1008;-0.12416853
0.0949;-0.12422214
0.0945;-0.12416884
0.0939;-0.12408197
0.0919;-0.12396163
0.0923;-0.12380928
0.0913;-0.12366712
0.0892;-0.12352018
0.0837;-0.12336136
0.0778;-0.12314509
0.0773;-0.12286307
0.0781;-0.12257981
0.0788;-0.12231537
0.08;-0.12208574
0.0767;-0.12190688
0.0778;-0.12172136
0.0792;-0.12158265
0.0811;-0.12148271
0.0846;-0.12143163
0.0869;-0.12144974
0.0883;-0.12151925
0.0899;-0.12162587
0.09;-0.12176313
0.0901;-0.12190209
0.0895;-0.1220362
0.0892;-0.12214899
0.0918;-0.12224142
0.101;-0.12235011
0.1172;-0.12256481
0.1241;-0.12298888
0.1282;-0.1235166
0.1253;-0.124118
0.1274;-0.12466602
0.1295;-0.12519895
0.1294;-0.12568869
0.1277;-0.12610927
0.1317;-0.1264438
0.1322;-0.12677099
0.1278;-0.12704529
0.1281;-0.12721862
0.1284;-0.12735744
0.1223;-0.12745522
0.1142;-0.12743913
0.114;-0.12729229
0.1147;-0.12711668
0.1191;-0.12692569
0.1167;-0.12679674
0.1127;-0.1266534
0.0954;-0.12648724
0.0956;-0.12610513
0.0986;-0.12573475
0.0982;-0.12538706
0.0944;-0.12505774
0.0966;-0.12472525
0.0975;-0.12446749
0.0983;-0.12425767
0.0992;-0.12410186
0.1028;-0.1239969
0.0982;-0.12397212
0.0977;-0.12391271
0.0979;-0.12387003
0.0947;-0.12383182
0.0978;-0.12375452
0.0974;-0.1237231
0.0942;-0.12368646
0.0868;-0.12361918
0.0868;-0.12346019
0.0841;-0.12329854
0.0741;-0.12309182
0.0746;-0.12276211
0.0768;-0.12244891
0.0737;-0.12216717
0.073;-0.12187397
0.072;-0.12161204
0.0709;-0.12136941
0.0689;-0.12114553
0.0672;-0.1209266
0.0649;-0.12071353
0.0623;-0.12049457
0.0594;-0.12026421
0.0579;-0.12001669
0.0573;-0.11976914
0.0557;-0.11953401
0.0561;-0.1193032
0.056;-0.11910508
0.0559;-0.1189326
0.0581;-0.11878787
0.0594;-0.11869766
0.0613;-0.11864868
0.0653;-0.11864885
0.063;-0.11871973
0.0651;-0.11877757
0.0699;-0.1188729
0.0687;-0.11902511
0.065;-0.11916094
0.0659;-0.1192486
0.0627;-0.11933128
0.059;-0.11934921
0.0572;-0.11930344
0.0497;-0.11921543
0.0441;-0.11901584
0.0414;-0.1187361
0.0366;-0.11841101
0.0247;-0.11802655
0.0223;-0.11750875
0.0121;-0.11697851
0.0066;-0.11633835
-0.009;-0.11566667
-0.0154;-0.11484088
-0.0194;-0.11398061
-0.0235;-0.11311401
-0.0269;-0.11226737
-0.0322;-0.11146708
-0.0367;-0.11069741
-0.037;-0.10996635
-0.0377;-0.10931682
-0.0399;-0.108746
-0.0393;-0.10823922
-0.0409;-0.10782062
-0.0402;-0.10745708
-0.0364;-0.10716706
-0.0337;-0.10697741
-0.0349;-0.10687543
-0.0308;-0.10681226
-0.0251;-0.10683165
-0.018;-0.10694224
-0.0196;-0.10716286
-0.0214;-0.10739096
-0.0229;-0.10760355
-0.0228;-0.10777647
-0.0206;-0.10791792
-0.0206;-0.10805431
-0.0196;-0.10816942
-0.0216;-0.10828063
-0.0229;-0.1083533
-0.0203;-0.10839418
-0.0214;-0.10844627
-0.0191;-0.1084745
-0.0165;-0.10852462
-0.0156;-0.10860167
-0.0168;-0.10869208
-0.0183;-0.1087698
-0.0177;-0.10882307
-0.0189;-0.10886941
-0.0195;-0.10888875
-0.0211;-0.1088913
-0.0255;-0.10886572
-0.0249;-0.10878039
-0.026;-0.10869121
-0.0297;-0.10858274
-0.0326;-0.108435
-0.0343;-0.10825621
-0.0354;-0.10805867
-0.0354;-0.1078548
-0.0344;-0.10766471
-0.0314;-0.10750654
-0.0317;-0.10740912
-0.0313;-0.10733902
-0.0294;-0.10730053
-0.0327;-0.10730165
-0.028;-0.10727891
-0.0281;-0.10731616
-0.0308;-0.10735701
-0.0311;-0.10737516
-0.0354;-0.107386
-0.0372;-0.10733765
-0.0369;-0.10725655
-0.0457;-0.10716619
-0.0439;-0.10697163
-0.0448;-0.10679144
-0.0452;-0.10659865
-0.0435;-0.10641734
-0.0462;-0.10627578
-0.0482;-0.10612851
-0.0504;-0.10597968
-0.0555;-0.10581812
-0.0546;-0.10560814
-0.0484;-0.10541315
-0.0457;-0.1052999
-0.0475;-0.10525081
-0.0489;-0.10522166
-0.0509;-0.10520013
-0.053;-0.10516241
-0.0529;-0.10509937
-0.0492;-0.10503275
-0.0478;-0.10500778
-0.0469;-0.10501087
-0.0334;-0.10504121
-0.0307;-0.10523754
-0.0325;-0.1054927
-0.0318;-0.10575406
-0.0299;-0.1060164
-0.0205;-0.10627393
-0.019;-0.1066125
-0.0203;-0.10695449
-0.008;-0.107269
-0.0139;-0.10769588
-0.0194;-0.10802925
-0.0286;-0.10826936
-0.0324;-0.10834062
-0.0352;-0.10829672
-0.0361;-0.10815865
-0.0369;-0.10797499
-0.0375;-0.10777062
-0.0358;-0.10756587
-0.0341;-0.10739744
-0.0289;-0.10727359
-0.0356;-0.10724063
-0.0228;-0.1071642
-0.0255;-0.10725459
-0.0274;-0.10733356
-0.0331;-0.10741401
-0.0358;-0.10742312
-0.0447;-0.10737968
-0.0477;-0.10720716
-0.0493;-0.10697363
-0.0435;-0.10670157
-0.0484;-0.10649841
-0.0468;-0.10626806
-0.0447;-0.10608886
-0.0433;-0.10595937
-0.0418;-0.10587834
-0.038;-0.10584562
-0.0332;-0.105882
-0.0313;-0.10599674
-0.0257;-0.10615619
-0.0226;-0.10639386
-0.0204;-0.10667334
-0.0164;-0.10697813
-0.0126;-0.10731672
-0.0028;-0.10768034
0.0001;-0.10813776
0.0025;-0.10861311
0.0069;-0.1090975
0.0063;-0.10959674
0.0072;-0.11004385
0.0036;-0.11045043
-0.0003;-0.11075437
-0.0012;-0.11094975
-0.0022;-0.1110698
-0.0013;-0.11112367
-0.0022;-0.11115164
-0.0057;-0.11114677
-0.0068;-0.11108837
-0.0072;-0.11100541
-0.0106;-0.1109078
-0.0129;-0.1107686
-0.0113;-0.11060411
-0.0107;-0.1104603
-0.0113;-0.1103346
-0.0116;-0.1102225
-0.0118;-0.11012652
-0.013;-0.11004406
-0.0124;-0.10996118
-0.0115;-0.10989626
-0.0103;-0.10985179
-0.0037;-0.10983384
-0.0045;-0.10990718
-0.0014;-0.10998959
0.0019;-0.11012467
0.0034;-0.11030167
0.0061;-0.11049803
0.0117;-0.11072236
0.013;-0.11100318
0.0186;-0.11128981
0.0289;-0.1116315
0.0303;-0.11207945
0.0336;-0.11253329
0.0373;-0.11301167
0.0424;-0.11349846
0.0479;-0.11400499
0.0509;-0.11453544
0.0564;-0.11506036
0.0587;-0.11560851
0.0591;-0.11613493
0.0606;-0.1166151
0.0549;-0.117055
0.056;-0.11735906
0.0594;-0.1176136
0.0595;-0.11784472
0.0575;-0.11803213
0.0555;-0.1181641
0.054;-0.11824058
0.0512;-0.1182671
0.0533;-0.11823158
0.0548;-0.11820316
0.0567;-0.11818181
0.0581;-0.11818796
0.0552;-0.1182199
0.0573;-0.11822341
0.0565;-0.11825633
0.0539;-0.11827359
0.0548;-0.11825766
0.055;-0.11824801
0.0544;-0.11823373
0.0556;-0.11821213
0.059;-0.1182072
0.0576;-0.11824723
0.056;-0.1182759
0.0587;-0.11829171
0.0617;-0.11833817
0.0598;-0.11841758
0.0611;-0.11847576
0.0567;-0.11855206
0.0554;-0.11856382
0.0563;-0.11854987
0.0515;-0.11853008
0.0495;-0.11843987
0.048;-0.11832116
0.0455;-0.11817537
0.0425;-0.11799781
0.0411;-0.1177884
0.0398;-0.11756975
0.0336;-0.11734658
0.0316;-0.11706375
0.0379;-0.11677393
0.0402;-0.1165765
0.043;-0.11643746
0.0483;-0.11638032
0.053;-0.11642936
0.0594;-0.11657094
0.0598;-0.11682117
0.0619;-0.11709435
0.062;-0.11739846
0.0624;-0.11768633
0.0665;-0.11795282
0.0722;-0.11823766
0.0726;-0.11856313
0.0732;-0.11887108
0.072;-0.11916564
0.0706;-0.11941173
0.0714;-0.1196022
0.0736;-0.11976258
0.072;-0.11991481
0.0732;-0.12002043
0.0765;-0.12012281
0.0764;-0.12024706
0.0765;-0.12035716
0.0758;-0.12046148
0.0742;-0.12054406
0.0747;-0.12059159
0.0746;-0.12062989
0.0742;-0.12065183
0.0732;-0.12066019
0.075;-0.12064949
0.0733;-0.12065718
0.0674;-0.12063947
0.0682;-0.12054726
0.0711;-0.12046024
0.0719;-0.12040016
0.0723;-0.12035656
0.0735;-0.12033398
0.0748;-0.12033957
0.0765;-0.12037095
0.0744;-0.12043172
0.0742;-0.12047033
0.0787;-0.12050724
0.0798;-0.12059411
0.0797;-0.12069035
0.0793;-0.120789
0.081;-0.12087917
0.0805;-0.12098163
0.0813;-0.12106563
0.0816;-0.12115105
0.0805;-0.12122864
0.0805;-0.12128208
0.0774;-0.12132531
0.0725;-0.12131617
0.0692;-0.12123311
0.0685;-0.12109283
0.0663;-0.12092895
0.0632;-0.12073222
0.0636;-0.12050382
0.0641;-0.12029257
0.0638;-0.12010311
0.0667;-0.11993489
0.0704;-0.11983141
0.0705;-0.11980187
0.0734;-0.11980332
0.0775;-0.11986766
0.0805;-0.11999781
0.082;-0.12017749
0.0829;-0.12038358
0.0832;-0.12059896
0.0847;-0.12080511
0.0893;-0.12101056
0.093;-0.12125218
0.0936;-0.12152143
0.0943;-0.12178423
0.0962;-0.12203858
0.0967;-0.12229073
0.0994;-0.12251945
0.1018;-0.12275582
0.1022;-0.12299521
0.1025;-0.12321641
0.1072;-0.12341863
0.1074;-0.12365641
0.1084;-0.12387034
0.1097;-0.12408026
0.1107;-0.12428303
0.1135;-0.12447439
0.1167;-0.12467985
0.1195;-0.1249056
0.1239;-0.12515102
0.1238;-0.12543914
0.1404;-0.12570727
0.1454;-0.12618199
0.1421;-0.12669551
0.1414;-0.12716265
0.1416;-0.12759301
0.14;-0.12796618
0.141;-0.12825419
0.1405;-0.1284991
0.1406;-0.12868364
0.1355;-0.12882935
0.1386;-0.12887006
0.1379;-0.12892766
0.1237;-0.1289437
0.1146;-0.1287549
0.1178;-0.12843628
0.0982;-0.12813108
0.0973;-0.12754244
0.0915;-0.12697162
0.0894;-0.12632252
0.082;-0.12568878
0.0742;-0.12501031
0.0704;-0.12429629
0.0703;-0.12359355
0.0695;-0.12295073
0.0664;-0.1223705
0.0672;-0.12183385
0.069;-0.12138799
0.0692;-0.12103619
0.0689;-0.12075767
0.0654;-0.12054032
0.0636;-0.12032987
0.0623;-0.12013459
0.0648;-0.11994675
0.0665;-0.11981248
0.0655;-0.11972323
0.0643;-0.11965036
0.0637;-0.11958641
0.0625;-0.1195282
0.0622;-0.11946236
0.0579;-0.1193988
0.0568;-0.11928496
0.0553;-0.11916119
0.0539;-0.11901729
0.0516;-0.1188615
0.0457;-0.11868579
0.0425;-0.11844669
0.0343;-0.11817653
0.0259;-0.11780862
0.026;-0.11734574
0.0158;-0.11689159
0.0193;-0.1163298
0.0202;-0.11584915
0.0203;-0.11541905
0.0247;-0.11505613
0.0288;-0.11481338
0.0265;-0.11468393
0.0291;-0.11458801
0.0289;-0.11456956
0.0283;-0.11457343
0.0277;-0.11458883
0.0244;-0.11460415
0.0219;-0.11457904
0.017;-0.11451782
0.0126;-0.11438581
0.0054;-0.11418971
0.0012;-0.11389571
-0.0039;-0.1135446
-0.0035;-0.11313143
-0.0084;-0.11273637
-0.0139;-0.11230996
-0.0217;-0.11185692
-0.0235;-0.11134446
-0.0247;-0.11084023
-0.0255;-0.11035667
-0.0261;-0.10991456
-0.0265;-0.10952329
-0.0258;-0.10918608
-0.0237;-0.10891282
-0.0232;-0.10871629
-0.0138;-0.10857543
-0.0108;-0.10858817
-0.0094;-0.10868187
-0.0017;-0.10883562
0.008;-0.10910042
0.0081;-0.10949124
0.0056;-0.10989687
0.0066;-0.11026793
0.0071;-0.11061312
0.0062;-0.11091365
0.0006;-0.11115631
-0.0009;-0.11128649
-0.0005;-0.11135054
-0.0035;-0.11137332
-0.0038;-0.11133155
-0.0014;-0.11126904
-0.0018;-0.11122382
-0.004;-0.11117569
-0.0047;-0.11111012
-0.003;-0.11104003
-0.0049;-0.11099124
-0.0062;-0.11092614
-0.0048;-0.11085366
-0.011;-0.11080083
-0.0105;-0.11067972
-0.0098;-0.11056691
-0.0111;-0.11046018
-0.0146;-0.11034831
-0.0144;-0.11020786
-0.0136;-0.11007721
-0.0102;-0.10996336
-0.0096;-0.10990541
-0.0086;-0.10987699
-0.0062;-0.10988317
-0.006;-0.10993281
-0.0044;-0.1099962
-0.0039;-0.11008522
-0.0029;-0.1101805
-0.0012;-0.11028498
-0.0064;-0.11040337
-0.002;-0.11045258
0.003;-0.11053915
0.0006;-0.11066914
0.0022;-0.11077233
0.0027;-0.11089313
0.0027;-0.1110073
-0.0003;-0.11111027
-0.0005;-0.11116396
-0.0018;-0.11119744
-0.0028;-0.11119605
-0.004;-0.1111695
-0.0033;-0.11111867
-0.0022;-0.11107034
-0.0022;-0.11103487
-0.005;-0.11100596
-0.0007;-0.11095151
-0.0015;-0.11095096
-0.0026;-0.11094522
-0.0058;-0.11093692
-0.007;-0.11089203
-0.0116;-0.11082777
-0.0222;-0.11070124
-0.0243;-0.11044179
-0.0283;-0.11014146
-0.0312;-0.10978177
-0.035;-0.10939745
-0.0424;-0.10898928
-0.0465;-0.10852322
-0.052;-0.10803637
-0.0522;-0.10751379
-0.0604;-0.10702398
-0.0598;-0.10648641
-0.0609;-0.10600235
-0.0576;-0.10555448
-0.0586;-0.10520436
-0.058;-0.10490943
-0.0514;-0.10468358
-0.0504;-0.10458289
-0.0501;-0.10454732
-0.0445;-0.10456143
-0.0403;-0.104665
-0.038;-0.10483749
-0.0369;-0.10505567
-0.0373;-0.10529318
-0.0365;-0.10551782
-0.0349;-0.10573044
-0.0315;-0.10593478
-0.0301;-0.10615396
-0.0334;-0.10637094
-0.0346;-0.10653264
-0.033;-0.1066528
-0.0341;-0.10675755
-0.035;-0.10682498
-0.0378;-0.1068642
-0.0385;-0.10685371
-0.0394;-0.10681802
-0.0395;-0.1067583
-0.0386;-0.10669146
-0.0385;-0.1066352
-0.0383;-0.10658666
-0.0392;-0.10654975
-0.0382;-0.10651075
-0.041;-0.10648888
-0.0412;-0.10643996
-0.0449;-0.10639038
-0.0459;-0.10629681
-0.0496;-0.10618897
-0.0542;-0.10603596
-0.0536;-0.10582987
-0.0591;-0.10562815
-0.0615;-0.10537127
-0.0577;-0.1050988
-0.0558;-0.10488072
-0.0544;-0.10471335
-0.0524;-0.1046031
-0.0487;-0.10455313
-0.0483;-0.10457675
-0.0462;-0.10463315
-0.0432;-0.10473167
-0.038;-0.1048724
-0.0358;-0.10507764
-0.0325;-0.10531393
-0.0308;-0.10558805
-0.0315;-0.10587245
-0.0251;-0.10613175
-0.0208;-0.10643717
-0.0203;-0.10676839
-0.0185;-0.1070898
-0.0144;-0.10740797
-0.0027;-0.10774115
-0.0002;-0.10818201
0.0092;-0.10863797
0.0132;-0.10919197
0.0158;-0.10976879
0.0165;-0.11034641
0.018;-0.11088406
0.0138;-0.11137833
0.0122;-0.11175396
0.011;-0.11203902
0.0082;-0.11223625
0.0106;-0.11233903
0.0132;-0.11242276
0.0131;-0.11250451
0.0175;-0.11257156
0.019;-0.11268525
0.0167;-0.11281275
0.021;-0.11291234
0.0208;-0.11305501
0.0211;-0.11318183
0.0226;-0.11330479
0.0233;-0.11343224
0.0245;-0.11355447
0.024;-0.11367933
0.0236;-0.11378564
0.0254;-0.11387378
0.027;-0.11396809
0.0312;-0.11406882
0.0298;-0.1142139
0.0256;-0.11433806
0.0311;-0.11440545
0.028;-0.1145213
0.029;-0.11457964
0.0313;-0.11464314
0.0284;-0.11472055
0.0291;-0.11475492
0.0284;-0.11479142
0.0289;-0.114807
0.0305;-0.11482149
0.0328;-0.11485007
0.031;-0.1149062
0.0289;-0.1149431
0.0281;-0.11495462
0.0264;-0.114947
0.0259;-0.11490748
0.0224;-0.11485422
0.0198;-0.1147529
0.0222;-0.1146172
0.0217;-0.11450745
0.0287;-0.11439689
0.0301;-0.11438935
0.0313;-0.11442093
0.0338;-0.11449566
0.0376;-0.11461553
0.0403;-0.11478796
0.0435;-0.11499645
0.0463;-0.11524381
0.0498;-0.11551847
0.051;-0.11582403
0.0548;-0.11612681
0.0552;-0.11645467
0.0556;-0.11675918
0.0555;-0.11703968
0.0599;-0.11728273
0.0596;-0.11754411
0.06;-0.11776826
0.0569;-0.11797278
0.0555;-0.11810783
0.0553;-0.11819419
0.0548;-0.11824429
0.0545;-0.1182623
0.0475;-0.11826015
0.0498;-0.11815835
0.0512;-0.11807587
0.052;-0.11799802
0.0537;-0.11793816
0.0534;-0.11791355
0.0514;-0.11789897
0.05;-0.11787104
0.0507;-0.11782955
0.059;-0.11779489
0.0643;-0.11786507
0.0683;-0.11801306
0.0711;-0.11823627
0.0736;-0.11851028
0.0773;-0.118817
0.0772;-0.11915845
0.0824;-0.11947699
0.0844;-0.11983578
0.0862;-0.12018549
0.0885;-0.12052944
0.0915;-0.12086858
0.0951;-0.12120975
0.096;-0.12156191
0.0951;-0.12189194
0.0976;-0.12217684
0.0994;-0.12245542
0.1013;-0.12271547
0.1021;-0.12296702
0.0998;-0.12319876
0.1015;-0.12337145
0.0984;-0.12353702
0.0979;-0.12362765
0.0971;-0.12368758
0.0937;-0.1237096
0.0934;-0.12366782
0.0931;-0.12360884
0.0856;-0.12353334
0.0847;-0.12335663
0.0852;-0.12317054
0.087;-0.12298439
0.0881;-0.12283164
0.0883;-0.12271461
0.0914;-0.12262714
0.0937;-0.12260471
0.0934;-0.12263178
0.097;-0.12267469
0.0995;-0.12277805
0.0993;-0.122917
0.1017;-0.12305735
0.1039;-0.12322719
0.1037;-0.12341411
0.0944;-0.123587
0.0975;-0.12362246
0.0974;-0.12367667
0.098;-0.12369059
0.1008;-0.12370031
0.0996;-0.12374048
0.0924;-0.12376316
0.0989;-0.12369384
0.0977;-0.1237053
0.1;-0.12368445
0.1023;-0.12370469
0.1024;-0.12375854
0.0992;-0.1238205
0.1019;-0.12384506
0.1068;-0.12390225
0.1112;-0.12401257
0.1146;-0.12418066
0.1265;-0.12439999
0.1299;-0.12478122
0.1291;-0.1252035
0.1488;-0.12561749
0.1519;-0.12627608
0.1522;-0.12693228
0.1469;-0.12757955
0.1485;-0.12810397
0.148;-0.1285782
0.1564;-0.1289547
0.152;-0.12937509
0.1542;-0.1296681
0.1547;-0.12995648
0.1542;-0.13019723
0.1544;-0.13039012
0.1542;-0.13054962
0.1507;-0.13067259
0.152;-0.13071908
0.1454;-0.13076183
0.1433;-0.13068661
0.1265;-0.1305736
0.1265;-0.13020799
0.1245;-0.12984212
0.12;-0.12942351
0.1207;-0.1289623
0.1191;-0.12854716
0.1155;-0.12814887
0.1155;-0.12775426
0.1135;-0.12741016
0.1122;-0.12708192
0.1114;-0.12678303
0.1151;-0.12651458
0.1167;-0.12633467
0.1187;-0.12621303
0.1215;-0.12616062
0.1187;-0.1261797
0.1196;-0.12618645
0.1227;-0.12622361
0.1236;-0.12630211
0.1288;-0.12639287
0.1398;-0.1265576
0.143;-0.12686922
0.1491;-0.1272261
0.1562;-0.12767568
0.1561;-0.12820755
0.1542;-0.12871313
0.1501;-0.12916069
0.1453;-0.12949656
0.1451;-0.12970062
0.1301;-0.12983467
0.1186;-0.12969886
0.1052;-0.12937017
0.0991;-0.12880814
0.0881;-0.12813461
0.0807;-0.12730376
0.0761;-0.12640631
0.0732;-0.12549503
0.0682;-0.12461573
0.0617;-0.1237608
0.0451;-0.12292179
0.0412;-0.12196459
0.0378;-0.12104364
0.0371;-0.12014709
0.0358;-0.11933445
0.0311;-0.1186098
0.0279;-0.11793558
0.0322;-0.11732176
0.0321;-0.11684617
0.0341;-0.11645241
0.0402;-0.11617003
0.0511;-0.11603545
0.0529;-0.11610231
0.0582;-0.11625708
0.0672;-0.11653085
0.0726;-0.11693805
0.0761;-0.11742169
0.0759;-0.11794809
0.0773;-0.11844867
0.0788;-0.11892379
0.0778;-0.11935937
0.0724;-0.1197226
0.0734;-0.11995804
0.0722;-0.12014636
0.0706;-0.12025937
0.0719;-0.12031218
0.073;-0.12035097
0.0666;-0.12038197
0.0656;-0.12032074
0.0704;-0.12023944
0.0654;-0.1202035
0.0638;-0.12010169
0.0685;-0.11999182
0.073;-0.11994158
0.0748;-0.1199559
0.073;-0.12001543
0.0736;-0.12007305
0.0751;-0.12014671
0.0764;-0.12023416
0.0758;-0.12033266
0.079;-0.12041865
0.0791;-0.12053955
0.0775;-0.12065185
0.0769;-0.12073816
0.0767;-0.12080482
0.0743;-0.12085204
0.0716;-0.12085362
0.0697;-0.12080835
0.0707;-0.1207253
0.0647;-0.1206448
0.0584;-0.12048397
0.0573;-0.12024699
0.0559;-0.11999158
0.0554;-0.11971781
0.0559;-0.11945455
0.0568;-0.11922313
0.0572;-0.11903453
0.0553;-0.11888525
0.0528;-0.11874457
0.0511;-0.11859835
0.0331;-0.11844689
0.0296;-0.11807846
0.0195;-0.11766759
0.0123;-0.11711146
0.0111;-0.11647519
0.0052;-0.11584239
0.0028;-0.11517767
0.0004;-0.11454453
0.0005;-0.11394596
-0.0026;-0.11341967
-0.0069;-0.11293001
-0.0056;-0.11246053
-0.0055;-0.11206596
-0.0054;-0.11172859
-0.0052;-0.11145256
-0.0045;-0.11123335
-0.0032;-0.11106961
-0.0047;-0.11096156
-0.0051;-0.11087006
-0.0087;-0.11079901
-0.0154;-0.11069988
-0.0222;-0.11052795
-0.0241;-0.11027005
-0.0245;-0.10997815
-0.0363;-0.10968047
-0.036;-0.10926252
-0.039;-0.10886358
-0.037;-0.10844529
-0.0365;-0.10808606
-0.0385;-0.10777895
-0.0292;-0.10750289
-0.0291;-0.10738119
-0.0313;-0.10731399
-0.0282;-0.10727362
-0.0265;-0.10729435
-0.0268;-0.10734967
-0.0299;-0.10741563
-0.0278;-0.10745043
-0.0265;-0.10750145
-0.0299;-0.10755838
-0.0266;-0.10757396
-0.0284;-0.10762049
-0.0311;-0.10763942
-0.0315;-0.10762429
-0.0375;-0.10759401
-0.0369;-0.10748412
-0.0378;-0.10736963
-0.0395;-0.10723701
-0.0423;-0.10709056
-0.0431;-0.10692037
-0.0414;-0.10674866
-0.0387;-0.1066068
-0.0365;-0.1065157
-0.0327;-0.1064779
-0.0298;-0.10651253
-0.0293;-0.10660678
-0.0297;-0.10672773
-0.0258;-0.10685206
-0.0261;-0.10701598
-0.023;-0.10716924
-0.0204;-0.10735003
-0.0238;-0.10754932
-0.0234;-0.10769917
-0.021;-0.10783365
-0.024;-0.1079689
-0.0228;-0.10805043
-0.0236;-0.10812764
-0.0258;-0.10817607
-0.0277;-0.10818525
-0.0294;-0.1081572
-0.0242;-0.10809446
-0.0252;-0.108082
-0.0226;-0.10806227
-0.0212;-0.1080853
-0.0142;-0.10813324
-0.008;-0.10827272
-0.0011;-0.10849871
0.0015;-0.10882467
0.0049;-0.10919411
0.0098;-0.10960141
0.012;-0.11004651
0.0135;-0.11048984
0.0124;-0.11091659
0.0109;-0.11128562
0.0097;-0.11158442
0.0101;-0.1118117
0.0126;-0.11198995
0.013;-0.11215425
0.0146;-0.11229317
0.0146;-0.11243095
0.0121;-0.11255066
0.0134;-0.11262406
0.0117;-0.11269359
0.0123;-0.11272302
0.0078;-0.11274673
0.0064;-0.11270382
0.0054;-0.1126332
0.0029;-0.11253699
0.0001;-0.1124059
-0.0065;-0.11224152
-0.0078;-0.11199912
-0.0086;-0.11174126
-0.0068;-0.11147683
-0.0047;-0.11125259
-0.0043;-0.11108349
-0.0021;-0.11095718
-0.0006;-0.11089264
0.0026;-0.11087543
0.0068;-0.11092155
0.0116;-0.11103803
0.0156;-0.11122991
0.0173;-0.11148398
0.0236;-0.11176495
0.0254;-0.11211599
0.0247;-0.11247475
0.0222;-0.1128069
0.0215;-0.11307476
0.0229;-0.11328822
0.0234;-0.11347063
0.0273;-0.1136207
0.0262;-0.11379105
0.0226;-0.11392836
0.022;-0.11400681
0.0203;-0.1140538
0.0227;-0.11405341
0.0202;-0.11406401
0.0179;-0.11403378
0.0158;-0.11397308
0.0109;-0.11387943
0.0177;-0.11371965
0.0179;-0.11363828
0.0173;-0.1135654
0.0196;-0.11351083
0.0179;-0.1135012
0.0173;-0.11348325
0.0172;-0.11346792
0.0127;-0.11345249
0.0114;-0.11338229
0.0208;-0.11329284
0.025;-0.11331074
0.025;-0.11339127
0.0253;-0.11350204
0.0309;-0.1136328
0.0352;-0.11383089
0.033;-0.11407727
0.0371;-0.11429605
0.0485;-0.11455377
0.0488;-0.11492912
0.0535;-0.11529765
0.0551;-0.11571828
0.0562;-0.1161307
0.0568;-0.11652354
0.0592;-0.11688067
0.061;-0.11722077
0.062;-0.11753725
0.0621;-0.11782591
0.0632;-0.11807759
0.0625;-0.11830551
0.063;-0.11848821
0.0607;-0.11864512
0.0581;-0.11874174
0.0553;-0.11877845
0.0562;-0.11875189
0.0532;-0.11871308
0.0546;-0.11862057
0.0543;-0.11854275
0.0531;-0.11845978
0.0518;-0.11837059
0.0435;-0.1182737
0.0392;-0.11807818
0.0391;-0.11783022
0.039;-0.11757316
0.0386;-0.11732053
0.0405;-0.11708607
0.0406;-0.11690554
0.0417;-0.11675879
0.0434;-0.11665963
0.0406;-0.11660962
0.0394;-0.11654888
0.0369;-0.11649001
0.0468;-0.11640421
0.0479;-0.11644454
0.0476;-0.11650874
0.0464;-0.11659636
0.0447;-0.11667797
0.0431;-0.11673332
0.0429;-0.11675559
0.041;-0.11675989
0.0403;-0.11672761
0.0446;-0.11667885
0.0435;-0.11667805
0.0428;-0.11666631
0.0446;-0.11665703
0.0414;-0.11667277
0.0403;-0.11664952
0.0413;-0.11661375
0.0423;-0.11658398
0.0478;-0.1165649
0.0542;-0.11661991
0.0725;-0.11676621
0.0719;-0.11716325
0.0717;-0.11757991
0.071;-0.11801982
0.0702;-0.11842612
0.0706;-0.11877491
0.0712;-0.11907328
0.0727;-0.1193253
0.0737;-0.11955043
0.0721;-0.11975023
0.072;-0.11989871
0.0705;-0.12001795
0.0716;-0.12008869
0.0719;-0.12015007
0.0672;-0.12019537
0.0736;-0.12016892
0.0756;-0.12021507
0.0769;-0.12027487
0.0804;-0.12036067
0.0798;-0.12049678
0.079;-0.12062523
0.0804;-0.12074145
0.0824;-0.12086254
0.0836;-0.12099294
0.0841;-0.12112664
0.0842;-0.12125695
0.0865;-0.12137687
0.0865;-0.12151262
0.0898;-0.12163359
0.0965;-0.12178673
0.1008;-0.12201443
0.1059;-0.12229211
0.11;-0.12263614
0.1118;-0.12302507
0.1139;-0.12342153
0.1225;-0.12381938
0.1249;-0.12429436
0.1275;-0.12476043
0.1305;-0.12523076
0.1271;-0.12569761
0.1285;-0.12606862
0.1276;-0.12640798
0.1259;-0.12667234
0.1251;-0.12686269
0.1254;-0.12699558
0.1256;-0.12709121
0.1237;-0.12715784
0.1203;-0.12717737
0.1135;-0.12713613
0.1045;-0.12698837
0.1053;-0.1267054
0.0985;-0.12641881
0.0981;-0.1260296
0.0983;-0.12565564
0.0968;-0.12530406
0.0979;-0.12497005
0.0984;-0.12469573
0.0982;-0.12447043
0.0987;-0.12428652
0.098;-0.12414826
0.0983;-0.12403239
0.0978;-0.1239472
0.0979;-0.1238748
0.097;-0.12382032
0.0953;-0.12376595
0.0969;-0.12369917
0.0988;-0.12365974
0.1027;-0.12364937
0.105;-0.12370093
0.1098;-0.12379496
0.1131;-0.12396573
0.1122;-0.12418629
0.1113;-0.1243982
0.1089;-0.12459119
0.1072;-0.12472905
0.1067;-0.12481573
0.1032;-0.12486495
0.1041;-0.12484182
0.1008;-0.12481375
0.101;-0.12472557
0.1025;-0.12463744
0.1049;-0.12456532
0.105;-0.12453133
0.1084;-0.1245117
0.1102;-0.12455277
0.1128;-0.12462683
0.1156;-0.12474649
0.1177;-0.12490802
0.1162;-0.1250981
0.1073;-0.1252636
0.1059;-0.1252981
0.1045;-0.1252905
0.1049;-0.12522459
0.1022;-0.12514341
0.0989;-0.12501833
0.096;-0.12485309
0.0924;-0.1246524
0.0891;-0.12440829
0.0931;-0.12412938
0.0928;-0.12391602
0.092;-0.12371789
0.0913;-0.12354638
0.0933;-0.12339668
0.0935;-0.12329829
0.0941;-0.12322418
0.0898;-0.12318137
0.0915;-0.12309889
0.0937;-0.12305054
0.0929;-0.12303139
0.091;-0.12301156
0.0925;-0.12297878
0.0921;-0.12296997
0.0895;-0.12295556
0.0907;-0.12291176
0.0868;-0.12288532
0.0822;-0.12280472
0.0821;-0.12266691
0.0774;-0.12252332
0.0522;-0.1223143
0.0454;-0.12178433
0.0428;-0.1211656
0.0357;-0.12048285
0.0333;-0.1197269
0.0351;-0.11899291
0.0338;-0.11834511
0.0295;-0.1177631
0.029;-0.11721915
0.0284;-0.11674964
0.0249;-0.11634078
0.0242;-0.11595498
0.0248;-0.11561865
0.0203;-0.11533768
0.0188;-0.11504882
0.0178;-0.11478298
0.0135;-0.1145345
0.014;-0.11426377
0.0134;-0.11402649
0.0069;-0.11380644
0.0079;-0.11353795
0.0065;-0.11330513
0.0043;-0.1130732
-0.0016;-0.11284251
-0.0033;-0.11256576
-0.0017;-0.11228671
-0.0036;-0.11204198
-0.0073;-0.1118018
-0.0066;-0.11155055
-0.0029;-0.11133303
-0.0101;-0.11118391
-0.0116;-0.11098304
-0.0155;-0.1107909
-0.0201;-0.11056215
-0.0233;-0.11029057
-0.0272;-0.10999054
-0.0315;-0.10965646
-0.0345;-0.10928943
-0.0369;-0.10890784
-0.0364;-0.10852373
-0.0364;-0.10817797
-0.035;-0.10787344
-0.0335;-0.10763244
-0.0296;-0.10745645
-0.0273;-0.10737141
-0.0252;-0.10735666
-0.0255;-0.10740402
-0.0194;-0.1074736
-0.0151;-0.10762595
-0.0133;-0.10783713
-0.0097;-0.10808025
-0.0061;-0.10836522
-0.0044;-0.10868189
-0.0004;-0.10900387
0.0059;-0.10935139
0.0059;-0.10974773
0.0014;-0.11012146
-0.002;-0.1104126
-0.0056;-0.11061403
-0.0077;-0.1107128
-0.0213;-0.11073208
-0.0203;-0.11054565
-0.021;-0.11032965
-0.0262;-0.1100729
-0.0302;-0.10975917
-0.0337;-0.10941229
-0.0378;-0.10903862
-0.0392;-0.10863762
-0.0413;-0.10824625
-0.0434;-0.10786358
-0.0643;-0.10749675
-0.0649;-0.10692941
-0.0691;-0.10636653
-0.0779;-0.10576359
-0.0791;-0.10510287
-0.0813;-0.10447298
-0.0779;-0.10387275
-0.0727;-0.10337937
-0.075;-0.10302538
-0.072;-0.102738
-0.0695;-0.1025579
-0.0658;-0.10246305
-0.0635;-0.10245977
-0.0606;-0.10252403
-0.0602;-0.10265078
-0.0592;-0.10280003
-0.0565;-0.10296433
-0.0569;-0.10315154
-0.0577;-0.10332489
-0.0658;-0.10347436
-0.0646;-0.10350952
-0.0652;-0.1035199
-0.0606;-0.10349122
-0.0588;-0.10350083
-0.0582;-0.1035345
-0.056;-0.10358755
-0.057;-0.10367223
-0.058;-0.10374908
-0.0562;-0.10381131
-0.0553;-0.10388234
-0.0553;-0.10395487
-0.0549;-0.10402285
-0.0547;-0.10408928
-0.052;-0.10415035
-0.0479;-0.10423458
-0.0394;-0.1043625
-0.0409;-0.10459172
-0.0391;-0.10481814
-0.0393;-0.10506623
-0.0417;-0.10529395
-0.0427;-0.10546917
-0.0417;-0.1055991
-0.0425;-0.10570528
-0.0445;-0.10577606
-0.0429;-0.10580443
-0.0437;-0.10583201
-0.0434;-0.1058382
-0.0438;-0.10584205
-0.0442;-0.10583691
-0.0466;-0.10582473
-0.0469;-0.10578266
-0.0521;-0.1057323
-0.0537;-0.10561812
-0.0599;-0.10547873
-0.0645;-0.10526174
-0.0679;-0.10498723
-0.0728;-0.10466966
-0.0798;-0.10430241
-0.0823;-0.10386968
-0.0785;-0.10342274
-0.0759;-0.10304183
-0.0753;-0.10273933
-0.0759;-0.10250818
-0.0747;-0.10232883
-0.0741;-0.10220691
-0.0729;-0.1021268
-0.0705;-0.10208884
-0.069;-0.10210031
-0.0689;-0.10214873
-0.0585;-0.10221362
-0.0477;-0.10240056
-0.0453;-0.102727
-0.0335;-0.10311338
-0.0286;-0.10364555
-0.0248;-0.10423387
-0.0214;-0.10485369
-0.0132;-0.10547554
-0.0085;-0.1061395
-0.0053;-0.10680497
0.0015;-0.10745475
0.0035;-0.10812213
0.0056;-0.10874942
0.0092;-0.10933669
0.0101;-0.10989459
0.0083;-0.11039288
0.0072;-0.11080189
0.005;-0.11112695
0.0036;-0.11135542
-0.0007;-0.11150451
-0.0094;-0.11154857
-0.0128;-0.11144345
-0.0178;-0.11125432
-0.0269;-0.11097059
-0.0268;-0.1105644
-0.0268;-0.11015382
-0.0282;-0.10975333
-0.0277;-0.1093742
-0.0264;-0.10904785
-0.0198;-0.10878541
-0.0059;-0.10865109
-0.0036;-0.10873617
0.0016;-0.10891835
0.0074;-0.10921854
0.0093;-0.10960992
0.0185;-0.1100288
0.0279;-0.11054438
0.0301;-0.11115032
0.038;-0.11176377
0.0471;-0.11244059
0.0551;-0.11317948
0.0591;-0.11396946
0.0642;-0.11475813
0.0679;-0.11554737
0.0704;-0.11630572
0.0764;-0.1170134
0.0786;-0.11771139
0.0837;-0.1183526
0.0859;-0.11898264
0.088;-0.11956368
0.0831;-0.12010127
0.0805;-0.12050286
0.0764;-0.12079835
0.0756;-0.12096088
0.0705;-0.12104505
0.0633;-0.12100756
0.0601;-0.12084067
0.0576;-0.12060206
0.0557;-0.12030971
0.0572;-0.11999248
0.0586;-0.11970981
0.0592;-0.11947276
0.0612;-0.11928284
0.0618;-0.11915866
0.0602;-0.11907776
0.0596;-0.11900759
0.0607;-0.11895072
0.0585;-0.11891839
0.0571;-0.11886655
0.0572;-0.11880513
0.0579;-0.11874647
0.0643;-0.11869902
0.0667;-0.11874007
0.0678;-0.11882472
0.0717;-0.11894427
0.0771;-0.11912306
0.0823;-0.11937094
0.0833;-0.11968505
0.0856;-0.12000903
0.0836;-0.1203506
0.0821;-0.1206383
0.0804;-0.12087204
0.0803;-0.1210391
0.08;-0.1211617
0.0754;-0.12124327
0.0718;-0.12123808
0.0696;-0.12116479
0.0664;-0.12103948
0.0666;-0.12085726
0.0609;-0.12067343
0.0612;-0.12041981
0.0581;-0.12018432
0.0516;-0.11992006
0.0444;-0.11959537
0.0443;-0.11919816
0.0423;-0.11881302
0.042;-0.11842141
0.0422;-0.11806422
0.0446;-0.11775264
0.0443;-0.11751852
0.0465;-0.11732894
0.0481;-0.11721323
0.0496;-0.11715432
0.0506;-0.11714689
0.0534;-0.11717661
0.0551;-0.117258
0.0622;-0.11737064
0.0632;-0.11757977
0.0638;-0.11780521
0.0678;-0.1180422
0.0687;-0.11831675
0.0704;-0.11858211
0.0732;-0.11884923
0.0742;-0.11912555
0.0732;-0.11938757
0.0747;-0.11961036
0.0769;-0.11982186
0.0787;-0.12002827
0.0794;-0.12023132
0.0842;-0.12042165
0.0866;-0.12065349
0.0851;-0.12089583
0.0848;-0.12110471
0.0853;-0.12128957
0.082;-0.12145071
0.0835;-0.12153963
0.0816;-0.12162253
0.0821;-0.1216533
0.0812;-0.12167536
0.0865;-0.1216711
0.0861;-0.12172898
0.0859;-0.12177804
0.0862;-0.12183274
0.0866;-0.12188944
0.0897;-0.12194556
0.0905;-0.12203611
0.0915;-0.12213217
0.0938;-0.12224078
0.0939;-0.1223742
0.0967;-0.12250123
0.0973;-0.1226576
0.1048;-0.12280938
0.1031;-0.12305048
0.1054;-0.12325618
0.1079;-0.12348829
0.1056;-0.12373073
0.1043;-0.12392081
0.1046;-0.1240712
0.1042;-0.12419342
0.103;-0.12428027
0.1052;-0.12432884
0.1066;-0.1243885
0.1066;-0.12445159
0.1055;-0.12450959
0.1043;-0.12454934
0.1053;-0.12456639
0.1072;-0.12458706
0.1086;-0.12462401
0.1096;-0.12467715
0.1116;-0.12474531
0.1126;-0.12484074
0.1145;-0.12494743
0.1194;-0.12507692
0.1177;-0.12526563
0.1211;-0.1254242
0.1194;-0.12562458
0.1182;-0.12578255
0.116;-0.12590969
0.1144;-0.12598269
0.1162;-0.12600952
0.1138;-0.12603734
0.1112;-0.12601557
0.1093;-0.12595417
0.1122;-0.12585944
0.1103;-0.12579721
0.1041;-0.12570857
0.0947;-0.12554963
0.0953;-0.12527119
0.0888;-0.12499721
0.0955;-0.12462978
0.094;-0.12437157
0.0912;-0.12411413
0.0943;-0.12386881
0.0924;-0.12370159
0.0925;-0.12353799
0.0901;-0.12341042
0.0907;-0.12327425
0.0899;-0.1231664
0.0915;-0.12306146
0.0907;-0.12299411
0.0916;-0.12293038
0.0907;-0.12289476
0.0911;-0.1228577
0.0941;-0.12283586
0.0975;-0.12285867
0.1017;-0.12293255
0.1028;-0.12307252
0.1071;-0.12323673
0.1158;-0.12346321
0.1106;-0.12379877
0.1085;-0.1240582
0.1064;-0.12428366
0.1057;-0.1244418
0.1077;-0.12454893
0.1048;-0.1246457
0.1002;-0.124677
0.0971;-0.12463269
0.0947;-0.12452874
0.0891;-0.12437429
0.0833;-0.12413602
0.0808;-0.12382112
0.0745;-0.12347503
0.0725;-0.12305476
0.0613;-0.12263121
0.057;-0.12208685
0.0561;-0.12152271
0.0539;-0.12097368
0.0572;-0.12044163
0.0567;-0.12001278
0.0574;-0.11964314
0.0609;-0.1193546
0.0649;-0.11917142
0.0705;-0.11909357
0.0766;-0.11913812
0.0822;-0.119304
0.0902;-0.11957629
0.1032;-0.11997369
0.105;-0.12054757
0.1195;-0.12114507
0.13;-0.12192404
0.1331;-0.1228012
0.1362;-0.12368344
0.131;-0.1245514
0.1564;-0.12526232
0.1545;-0.12622067
0.151;-0.12703758
0.1501;-0.12775509
0.15;-0.12836541
0.1586;-0.12886353
0.1617;-0.12938039
0.1626;-0.12985297
0.1637;-0.13028382
0.1649;-0.13067669
0.1664;-0.1310297
0.1663;-0.13134952
0.1651;-0.13161807
0.1605;-0.13182624
0.1617;-0.13192816
0.1434;-0.13200973
0.1296;-0.13179219
0.1276;-0.13136898
0.1204;-0.1308754
0.1129;-0.13025288
0.1037;-0.12955017
0.0954;-0.12876053
0.0896;-0.12790978
0.083;-0.12703933
0.0807;-0.12614964
0.0673;-0.12531225
0.0676;-0.1243865
0.0648;-0.12356241
0.0567;-0.12278096
0.0498;-0.12199657
0.0473;-0.12122084
0.0413;-0.12049428
0.0332;-0.11977046
0.0341;-0.11902826
0.0354;-0.11837262
0.0051;-0.11780652
0.0049;-0.11695141
0.0049;-0.11616015
0.0016;-0.11539052
0.0012;-0.11465522
-0.0051;-0.11400763
-0.0093;-0.11337587
-0.0132;-0.11277884
-0.0166;-0.11220441
-0.0234;-0.11165437
-0.0297;-0.111086
-0.0302;-0.11049937
-0.0251;-0.10995482
-0.0134;-0.10952497
-0.0103;-0.10930744
0.0083;-0.10922239
0.0097;-0.10944638
0.0202;-0.10976669
0.0313;-0.11027141
0.0401;-0.11092721
0.0502;-0.1116949
0.0521;-0.11257187
0.0563;-0.11343578
0.0618;-0.11429097
0.068;-0.11512737
0.0762;-0.11595004
0.0792;-0.11678807
0.0837;-0.11758067
0.0888;-0.11834949
0.087;-0.11909448
0.0904;-0.11972851
0.0887;-0.12032049
0.0886;-0.12079683
0.0878;-0.12119113
0.0866;-0.12149543
0.0771;-0.12171596
0.0723;-0.12175362
0.0714;-0.12167797
0.0676;-0.12153644
0.0619;-0.12131359
0.0514;-0.12100969
0.0504;-0.12057146
0.0502;-0.12012497
0.0493;-0.1196839
0.0436;-0.1192681
0.0372;-0.1188303
0.0351;-0.11836106
0.0242;-0.11790335
0.0095;-0.11734526
-0.0033;-0.11664392
-0.0225;-0.11580836
-0.0258;-0.1147581
-0.0282;-0.11369655
-0.0314;-0.11265481
-0.0335;-0.11167275
-0.0345;-0.11078407
-0.0363;-0.11000513
-0.0397;-0.1093245
-0.0395;-0.10871525
-0.0433;-0.1082036
-0.0439;-0.10773285
-0.0447;-0.10732901
-0.045;-0.10697844
-0.0474;-0.10668275
-0.0501;-0.10641212
-0.0509;-0.10615358
-0.0549;-0.10591793
-0.0555;-0.1056655
-0.0558;-0.10543016
-0.0571;-0.10521392
-0.0648;-0.10501057
-0.062;-0.10474686
-0.061;-0.10452735
-0.0624;-0.10433643
-0.0626;-0.10416253
-0.0645;-0.10401559
-0.0626;-0.10387105
-0.066;-0.10376647
-0.07;-0.10364347
-0.0689;-0.10349002
-0.0711;-0.10335164
-0.0742;-0.10319716
-0.069;-0.10302115
-0.0628;-0.10291183
-0.0596;-0.10289432
-0.0509;-0.10295305
-0.0415;-0.10314597
-0.0364;-0.10347854
-0.0313;-0.10390174
-0.0184;-0.10439718
-0.0115;-0.10503153
-0.0095;-0.10573409
-0.0086;-0.10644014
-0.0074;-0.10710783
-0.0074;-0.10771634
-0.0066;-0.10824234
-0.0069;-0.10869503
-0.0063;-0.10906634
-0.0053;-0.10937522
-0.0045;-0.10963538
-0.0055;-0.10985568
-0.008;-0.11002403
-0.01;-0.11012694
-0.0113;-0.11017071
-0.0125;-0.11016663
-0.0165;-0.11012411
-0.0157;-0.11001885
-0.0119;-0.10991196
-0.0126;-0.10984594
-0.007;-0.10978503
-0.0062;-0.10980918
-0.004;-0.10986161
-0.0027;-0.10995966
-0.002;-0.11008201
-0.0026;-0.11021515
-0.0031;-0.11033606
-0.0027;-0.11043885
-0.0048;-0.11052953
-0.0113;-0.11057885
-0.02;-0.11053412
-0.0217;-0.11036146
-0.0204;-0.11013635
-0.0203;-0.10990536
-0.0185;-0.10968272
-0.0204;-0.10950619
-0.0208;-0.1093385
-0.0168;-0.10919508
-0.0175;-0.10912028
-0.0171;-0.10906294
-0.0087;-0.1090353
-0.0069;-0.10912155
-0.0066;-0.10925069
-0.0025;-0.10940647
0.0024;-0.10961492
0.0089;-0.10987727
0.0097;-0.11021441
0.013;-0.11055799
0.021;-0.11092807
0.0272;-0.1113673
0.0405;-0.11185727
0.054;-0.11248937
0.055;-0.11326883
0.055;-0.11404651
0.0568;-0.1147873
0.0575;-0.11547349
0.059;-0.11607624
0.0608;-0.11660713
0.0632;-0.11707518
0.0574;-0.11749817
0.0526;-0.11778176
0.0506;-0.11794302
0.0484;-0.11801025
0.0432;-0.11799212
0.0386;-0.11787022
0.0395;-0.11766529
0.0427;-0.11745369
0.0447;-0.11727942
0.0482;-0.11715046
0.0508;-0.11709776
0.0494;-0.11710963
0.0521;-0.1171326
0.054;-0.11720663
0.0561;-0.11730874
0.0576;-0.11744178
0.0597;-0.11759409
0.0618;-0.11776911
0.0617;-0.11796234
0.0603;-0.11814344
0.0625;-0.1182918
0.0603;-0.118446
0.0589;-0.11854813
0.0587;-0.11861388
0.06;-0.11865398
0.0597;-0.1186914
0.0548;-0.11871348
0.0504;-0.11866789
0.0476;-0.1185581
0.0464;-0.11839696
0.0489;-0.11820926
0.0526;-0.11805323
0.0518;-0.11795779
0.0525;-0.11787977
0.0563;-0.1178392
0.0559;-0.11786384
0.0588;-0.1178986
0.0636;-0.11798456
0.0661;-0.11813606
0.0669;-0.11832553
0.0797;-0.1185299
0.0826;-0.11889235
0.0846;-0.11928333
0.0809;-0.11970271
0.091;-0.12005217
0.0908;-0.12049317
0.0913;-0.12088068
0.0941;-0.12124458
0.0952;-0.12160015
0.0945;-0.12192329
0.0976;-0.12219597
0.0999;-0.122468
0.1001;-0.12272886
0.1008;-0.12296131
0.0996;-0.12317453
0.0985;-0.12334082
0.0956;-0.12346302
0.0972;-0.12351625
0.0994;-0.12356342
0.1013;-0.12361528
0.1007;-0.12368272
0.1015;-0.12374021
0.0972;-0.123807
0.0967;-0.1238095
0.0946;-0.12379812
0.0949;-0.12374271
0.0941;-0.12368338
0.0937;-0.12360837
0.0949;-0.1235313
0.0998;-0.12347513
0.0962;-0.12349136
0.0976;-0.12347232
0.0983;-0.12348917
0.0975;-0.12351419
0.0999;-0.12353109
0.1049;-0.12358074
0.1044;-0.12369427
0.1051;-0.12380417
0.1092;-0.1239299
0.1077;-0.12410291
0.1151;-0.12424538
0.1175;-0.12447996
0.119;-0.12472914
0.1209;-0.12499394
0.1203;-0.12526931
0.1226;-0.12551314
0.1206;-0.1257611
0.1227;-0.12594883
0.1239;-0.12613718
0.1248;-0.12630834
0.127;-0.12646814
0.1265;-0.12663709
0.1277;-0.12677962
0.1303;-0.12692271
0.13;-0.12708092
0.1338;-0.1272179
0.139;-0.1273943
0.1424;-0.12762389
0.1457;-0.12788914
0.1481;-0.12819195
0.149;-0.12851292
0.1483;-0.1288251
0.1459;-0.12909953
0.1436;-0.12930611
0.1406;-0.12944175
0.1388;-0.12949488
0.1374;-0.12948757
0.1329;-0.12943183
0.1275;-0.12929611
0.1226;-0.12907897
0.1044;-0.12878898
0.1027;-0.12824866
0.1046;-0.12769608
0.1073;-0.12716064
0.1142;-0.12669735
0.1197;-0.1263914
0.1246;-0.12623335
0.1303;-0.12621926
0.1348;-0.12634577
0.145;-0.12657748
0.1472;-0.12697484
0.1452;-0.12740964
0.1444;-0.12781975
0.1456;-0.12819235
0.1447;-0.12853125
0.1441;-0.1288036
0.1387;-0.12902088
0.137;-0.12911844
0.1329;-0.12915458
0.1336;-0.12909265
0.1313;-0.1290146
0.1355;-0.12888514
0.1357;-0.12881336
0.1368;-0.1287462
0.1413;-0.1287135
0.1402;-0.12875655
0.1427;-0.12879549
0.1407;-0.12888443
0.138;-0.12894534
0.1361;-0.12896983
0.1326;-0.12895787
0.1312;-0.1288832
0.1304;-0.1287787
0.1297;-0.12865406
0.1277;-0.12852012
0.1216;-0.12836657
0.1235;-0.1281419
0.122;-0.12795548
0.1223;-0.12775292
0.1206;-0.12757756
0.1237;-0.12740088
0.1257;-0.12729104
0.129;-0.12722816
0.1298;-0.12723714
0.1309;-0.12728001
0.133;-0.12735738
0.1362;-0.12747101
0.1362;-0.12762897
0.1374;-0.1277844
0.1374;-0.12795259
0.143;-0.1281066
0.145;-0.12832172
0.1437;-0.12854442
0.1418;-0.12874037
0.1428;-0.12889463
0.1512;-0.12903626
0.1461;-0.12926395
0.1384;-0.12939762
0.1329;-0.12942363
0.1099;-0.12934764
0.1075;-0.12891772
0.1072;-0.12843366
0.1035;-0.12789838
0.1005;-0.12732434
0.1008;-0.12675713
0.1064;-0.12624927
0.0991;-0.12587689
0.0981;-0.12547557
0.0993;-0.12513691
0.1012;-0.12485807
0.1008;-0.12464873
0.1025;-0.12448029
0.1011;-0.12437759
0.102;-0.12428841
0.1039;-0.12423877
0.1046;-0.12423025
0.1045;-0.12424555
0.1;-0.12427272
0.0987;-0.12424685
0.099;-0.1242037
0.0985;-0.12415354
0.0959;-0.124092
0.0903;-0.12399894
0.0855;-0.12383592
0.0849;-0.12361008
0.068;-0.12337252
0.0615;-0.12291531
0.0565;-0.12238767
0.0494;-0.12178809
0.0458;-0.12111671
0.044;-0.12043966
0.0408;-0.11979043
0.0383;-0.11916694
0.0361;-0.11858675
0.0353;-0.11805204
0.0336;-0.11757845
0.0313;-0.11715207
0.0319;-0.11676229
0.0267;-0.11643742
0.0231;-0.11609976
0.0191;-0.11576413
0.0181;-0.1154112
0.0152;-0.11507538
0.0098;-0.11473522
0.0079;-0.11436506
0.0047;-0.11400316
0.002;-0.11363146
0.0004;-0.11326163
-0.0097;-0.11290751
-0.0099;-0.1124688
-0.0114;-0.11205794
-0.0116;-0.11165459
-0.0108;-0.11129153
-0.0085;-0.11098596
-0.0057;-0.11075899
-0.0014;-0.11061746
0.0005;-0.1105773
-0.0055;-0.11060527
-0.0038;-0.11059659
-0.008;-0.11061803
-0.0118;-0.11058329
-0.0181;-0.11049777
-0.0241;-0.11032367
-0.0314;-0.11006317
-0.0391;-0.10970232
-0.0408;-0.10924332
-0.049;-0.1087643
-0.0509;-0.1082081
-0.0541;-0.10766146
-0.0574;-0.10711671
-0.0605;-0.10658664
-0.0626;-0.10607646
-0.066;-0.10559791
-0.0687;-0.10513693
-0.0729;-0.10469903
-0.0753;-0.10426364
-0.0773;-0.10384629
-0.0781;-0.10344964
-0.0797;-0.10308911
-0.0728;-0.10275786
-0.0716;-0.10254902
-0.068;-0.10241142
-0.0629;-0.10237125
-0.054;-0.10243341
-0.0484;-0.102635
-0.0479;-0.10293879
-0.0404;-0.10327598
-0.0313;-0.10369685
-0.0172;-0.10420854
-0.0139;-0.10487353
-0.0116;-0.10557387
-0.008;-0.10627849
-0.0058;-0.10696862
-0.0047;-0.10761294
-0.0026;-0.1081937
-0.0085;-0.1087198
-0.0065;-0.10909855
-0.0073;-0.10942122
-0.0121;-0.1096581
-0.0184;-0.10978103
-0.0223;-0.10977621
-0.0271;-0.1096728
-0.0281;-0.10947065
-0.0332;-0.10923164
-0.0387;-0.1089258
-0.0436;-0.10856228
-0.0506;-0.10815021
-0.0578;-0.10767113
-0.0652;-0.10712775
-0.07;-0.10652108
-0.0721;-0.1058871
-0.075;-0.10526806
-0.0757;-0.10467208
-0.0747;-0.10413398
-0.0757;-0.10367759
-0.0735;-0.10328532
-0.0714;-0.10298769
-0.0693;-0.10277862
-0.0687;-0.10265401
-0.0653;-0.10258791
-0.0617;-0.10259774
-0.0606;-0.10267793
-0.0588;-0.10279632
-0.0575;-0.10294864
-0.0577;-0.10311766
-0.0477;-0.10327893
-0.0437;-0.10353935
-0.0408;-0.10384461
-0.0313;-0.10418759
-0.0268;-0.10462911
-0.0226;-0.10511241
-0.0181;-0.10563003
-0.0112;-0.10617012
-0.0027;-0.10675135
0.0032;-0.10739141
0.0082;-0.10806326
0.0152;-0.10875225
0.0227;-0.10947137
0.0322;-0.11022163
0.036;-0.11102803
0.0339;-0.11182223
0.0329;-0.11252484
0.035;-0.11312783
0.0337;-0.11365549
0.0293;-0.11407316
0.0227;-0.11435571
0.0219;-0.11447937
0.0187;-0.11451948
0.0141;-0.11446035
0.015;-0.11430965
0.0154;-0.11414709
0.0152;-0.1139807
0.017;-0.11382328
0.0168;-0.11370669
0.0172;-0.11360945
0.0169;-0.11353984
0.0172;-0.11348411
0.0115;-0.11344597
0.0031;-0.11334819
-0.0023;-0.11315015
-0.0031;-0.11287329
-0.0134;-0.1125719
-0.0129;-0.11214893
-0.0156;-0.11174462
-0.0076;-0.11132477
-0.0034;-0.1110388
0.0053;-0.11085786
0.014;-0.11085147
0.0277;-0.11101545
0.028;-0.11140469
0.0313;-0.11184721
0.0331;-0.11235148
0.035;-0.11285587
0.0387;-0.11334324
0.0406;-0.11382464
0.0429;-0.11427623
0.0445;-0.11470513
0.0484;-0.11510178
0.0523;-0.11549672
0.0525;-0.11589365
0.0525;-0.11625312
0.052;-0.11657246
0.0491;-0.11683878
0.0476;-0.11702122
0.0437;-0.11713871
0.0399;-0.11716302
0.0343;-0.11710362
0.0307;-0.11694287
0.0266;-0.11671412
0.0266;-0.11641972
0.028;-0.11612517
0.0261;-0.11586124
0.0264;-0.11560426
0.0295;-0.11538737
0.0301;-0.115241
0.0315;-0.11513719
0.0333;-0.11508615
0.0376;-0.11508418
0.0394;-0.11515674
0.0432;-0.11526972
0.0457;-0.11544453
0.0469;-0.11565579
0.0487;-0.11588204
0.0512;-0.1161212
0.0509;-0.11637393
0.0525;-0.11660243
0.0516;-0.1168279
0.052;-0.1170138
0.0528;-0.11717762
0.0512;-0.11732253
0.0499;-0.1174227
0.0514;-0.11748469
0.0535;-0.11754283
0.0504;-0.11761012
0.0516;-0.11763081
0.058;-0.11766114
0.0644;-0.11776109
0.0632;-0.11794251
0.0653;-0.11812139
0.0669;-0.11833347
0.0706;-0.1185523
0.0721;-0.11880195
0.0788;-0.11905243
0.0803;-0.11937175
0.0853;-0.11969034
0.0878;-0.12005788
0.0901;-0.12043165
0.0909;-0.12080892
0.0946;-0.12116252
0.0961;-0.12152576
0.0986;-0.12186665
0.1005;-0.12220348
0.1035;-0.12252636
0.1058;-0.12285213
0.1084;-0.12317212
0.1076;-0.1234933
0.1094;-0.12377015
0.1087;-0.12403736
0.108;-0.12425564
0.105;-0.12443051
0.1002;-0.12453018
0.098;-0.12453328
0.0969;-0.12447514
0.0924;-0.12437345
0.0881;-0.12419707
0.0816;-0.12396109
0.0707;-0.12363802
0.066;-0.12317587
0.0647;-0.12265888
0.0655;-0.12213272
0.0677;-0.12164852
0.0708;-0.12124591
0.069;-0.12094885
0.0729;-0.12069713
0.0689;-0.12055742
0.071;-0.1204105
0.0711;-0.12033039
0.0719;-0.12027144
0.0685;-0.12024433
0.0674;-0.12018865
0.068;-0.1201286
0.0659;-0.12007567
0.0673;-0.11999807
0.0681;-0.11994467
0.0692;-0.11990584
0.0773;-0.11989174
0.0776;-0.11999268
0.0857;-0.12011067
0.0877;-0.12035322
0.0915;-0.12062566
0.0919;-0.12095277
0.0935;-0.12127242
0.0953;-0.12159172
0.0962;-0.1219013
0.097;-0.12218753
0.0986;-0.1224493
0.1007;-0.12269648
0.1057;-0.12293728
0.1061;-0.12321444
0.1061;-0.12347144
0.1074;-0.12370904
0.1054;-0.12393545
0.1057;-0.12410341
0.1089;-0.12424642
0.1053;-0.12439986
0.106;-0.12448062
0.105;-0.12455617
0.1064;-0.12459461
0.1067;-0.12463698
0.1065;-0.12467082
0.1075;-0.12469697
0.1089;-0.12473215
0.1102;-0.12478146
0.1132;-0.12484626
0.1162;-0.12495062
0.118;-0.12509392
0.1259;-0.12526149
0.1247;-0.12553307
0.1256;-0.1257798
0.1254;-0.12603651
0.124;-0.12626588
0.1258;-0.12644748
0.1209;-0.12662189
0.1213;-0.12669687
0.1211;-0.12675446
0.1296;-0.12677817
0.126;-0.1269003
0.1281;-0.12696296
0.1276;-0.1270656
0.129;-0.12714973
0.1306;-0.12724581
0.1303;-0.127352
0.129;-0.1274453
0.1306;-0.12751321
0.1301;-0.12759118
0.1302;-0.12764744
0.1354;-0.12769718
0.1387;-0.12780847
0.1426;-0.12795646
0.1462;-0.12816106
0.1496;-0.12841417
0.1545;-0.12870874
0.1589;-0.12905896
0.1645;-0.12945093
0.1665;-0.12989876
0.1672;-0.13034576
0.1741;-0.1307712
0.1719;-0.13125013
0.1707;-0.13164416
0.1699;-0.13198242
0.1671;-0.13225357
0.1639;-0.13242944
0.1583;-0.13251217
0.1485;-0.13247241
0.1427;-0.13226034
0.1379;-0.13194083
0.1145;-0.13152955
0.1161;-0.13079017
0.1194;-0.1300984
0.121;-0.12944555
0.1208;-0.12887208
0.1203;-0.12838359
0.1194;-0.12797749
0.1191;-0.12763682
0.1164;-0.12735747
0.1147;-0.12709528
0.105;-0.12685591
0.1017;-0.1265193
0.097;-0.126168
0.09;-0.12576519
0.0825;-0.125293
0.0767;-0.12475026
0.069;-0.12416054
0.0598;-0.12350397
0.0512;-0.1227718
0.0455;-0.12197635
0.0461;-0.12115914
0.0485;-0.12041058
0.0427;-0.11977049
0.0453;-0.11915477
0.0469;-0.11866956
0.0488;-0.1182837
0.0479;-0.11800412
0.0454;-0.11778647
0.0473;-0.11759671
0.0525;-0.11747094
0.0534;-0.11743932
0.0468;-0.11745144
0.046;-0.11741144
0.044;-0.1173719
0.0411;-0.11729786
0.035;-0.11718351
0.0348;-0.11698984
0.0365;-0.11679012
0.0377;-0.11661031
0.0363;-0.11646215
0.0374;-0.11632357
0.0399;-0.11622428
0.0425;-0.11617591
0.0446;-0.11618155
0.0481;-0.11623529
0.0514;-0.1163503
0.0508;-0.11651824
0.0485;-0.11668587
0.0462;-0.11682191
0.0356;-0.11691102
0.0314;-0.11684009
0.0316;-0.11668418
0.0323;-0.11649249
0.0325;-0.11629526
0.0316;-0.11611103
0.0234;-0.11593784
0.0197;-0.11568655
0.0168;-0.11540437
0.013;-0.11508952
0.0173;-0.11474048
0.0045;-0.1144649
0.0091;-0.1140645
0.0122;-0.1137547
0.0146;-0.11350411
0.0177;-0.11333194
0.0183;-0.11324935
0.0213;-0.11321971
0.0262;-0.11326141
0.0304;-0.11338554
0.0348;-0.11358036
0.0396;-0.11384404
0.043;-0.11417247
0.0429;-0.11453971
0.0445;-0.11489262
0.0423;-0.11523835
0.0434;-0.11551731
0.0433;-0.11576715
0.0394;-0.11596987
0.0346;-0.11608591
0.0216;-0.11610524
0.0067;-0.11592238
0.005;-0.11551259
-0.0007;-0.11503377
-0.0001;-0.11445867
0.0017;-0.11390891
-0.0039;-0.11342208
-0.0085;-0.11293276
-0.0103;-0.11245355
-0.0104;-0.11200246
-0.0211;-0.11159814
-0.0392;-0.11111942
-0.0394;-0.11046865
-0.0407;-0.10982685
-0.0459;-0.10918798
-0.0519;-0.10854736
-0.059;-0.10790493
-0.0651;-0.10724259
-0.0716;-0.10656647
-0.0762;-0.10587095
-0.0827;-0.1051797
-0.0821;-0.10447636
-0.0849;-0.10384251
-0.0835;-0.10325146
-0.0846;-0.10275595
-0.079;-0.10232921
-0.079;-0.1020404
-0.0829;-0.10182929
-0.0826;-0.10164265
-0.0812;-0.10149813
-0.0827;-0.10139532
-0.0849;-0.1013032
-0.0876;-0.10120697
-0.0894;-0.10109058
-0.086;-0.10095729
-0.0878;-0.10086407
-0.0892;-0.10076742
-0.0815;-0.10067227
-0.0793;-0.10067084
-0.0733;-0.10071924
-0.0619;-0.10086285
-0.0499;-0.10115741
-0.0464;-0.10161884
-0.0436;-0.10215447
-0.0417;-0.10272704
-0.0447;-0.10329129
-0.0406;-0.10377037
-0.0383;-0.10422661
-0.0357;-0.10464173
-0.034;-0.10503233
-0.0293;-0.10539392
-0.0284;-0.10576472
-0.0248;-0.10610759
-0.0259;-0.10645599
-0.0334;-0.10675482
-0.0344;-0.10692666
-0.0299;-0.10703126
-0.0315;-0.10713302
-0.0312;-0.10718818
-0.0294;-0.10723308
-0.0269;-0.10728516
-0.0284;-0.10735984
-0.0319;-0.10741703
-0.0339;-0.10742979
-0.0369;-0.1074044
-0.0414;-0.10732614
-0.0385;-0.10718113
-0.0363;-0.10705698
-0.0381;-0.10695994
-0.0398;-0.1068622
-0.0379;-0.10676299
-0.0335;-0.10669513
-0.0337;-0.10668993
-0.0319;-0.10670397
-0.0286;-0.10675729
-0.0252;-0.10685825
-0.0197;-0.10700747
-0.0143;-0.10722871
-0.0103;-0.10752004
-0.0091;-0.10786311
-0.0117;-0.10821591
-0.0177;-0.10851812
-0.0178;-0.10871059
-0.0175;-0.10884668
-0.0161;-0.10893379
-0.0177;-0.10900396
-0.0108;-0.10903607
-0.0141;-0.10913652
-0.0136;-0.10919511
-0.0182;-0.10926033
-0.0076;-0.10925952
-0.0145;-0.10936891
-0.0182;-0.10939399
-0.0154;-0.10937873
-0.0174;-0.10937589
-0.0158;-0.10933731
-0.0146;-0.10931619
-0.014;-0.10930954
-0.0112;-0.10931692
-0.0131;-0.1093644
-0.012;-0.1093968
-0.0117;-0.10944506
-0.0111;-0.10949279
-0.0081;-0.10954483
-0.0057;-0.10962899
-0.0032;-0.10974139
0.0008;-0.10988642
0.005;-0.11007993
0.0087;-0.11032298
0.0134;-0.11060874
0.0151;-0.11094464
0.0189;-0.11128914
0.0226;-0.11165988
0.0234;-0.11204742
0.0353;-0.11241524
0.0423;-0.1128943
0.0428;-0.11342961
0.0426;-0.11395435
0.0414;-0.11444251
0.0504;-0.11485885
0.0503;-0.11532193
0.0473;-0.11572604
0.0484;-0.11605161
0.0482;-0.11633738
0.0467;-0.11656368
0.0444;-0.11672533
0.0419;-0.11681754
0.0395;-0.1168415
0.0371;-0.11680354
0.0333;-0.11671104
0.0308;-0.11655494
0.0296;-0.11635876
0.0279;-0.11614448
0.0257;-0.1159161
0.0224;-0.11567616
0.0201;-0.11541434
0.0197;-0.11514337
0.0202;-0.11488692
0.0168;-0.11466119
0.0223;-0.11442472
0.022;-0.11428585
0.0273;-0.11417291
0.027;-0.11416258
0.0264;-0.11417874
0.0273;-0.11421414
0.0366;-0.11426978
0.0379;-0.11444121
0.0407;-0.11463638
0.0471;-0.11487979
0.0494;-0.11519884
0.0485;-0.11553801
0.0496;-0.1158541
0.0548;-0.11615635
0.0551;-0.11648515
0.0565;-0.11678325
0.0589;-0.11707076
0.0608;-0.11735386
0.062;-0.11762772
0.0597;-0.11788669
0.0616;-0.11808626
0.06;-0.1182774
0.0576;-0.11841246
0.0502;-0.11848952
0.0511;-0.11844306
0.0484;-0.11837818
0.0488;-0.11825038
0.0517;-0.1181211
0.0537;-0.11802903
0.0537;-0.11797577
0.0466;-0.1179444
0.0422;-0.11784164
0.0408;-0.1176888
0.0357;-0.11750759
0.0505;-0.11725761
0.0541;-0.1171997
0.0557;-0.11720842
0.057;-0.11729197
0.0607;-0.1174252
0.0636;-0.11761803
0.0644;-0.11784862
0.0654;-0.11808603
0.0662;-0.1183243
0.0744;-0.11855134
0.078;-0.11885825
0.0883;-0.11918946
0.0951;-0.11964332
0.1003;-0.12016949
0.105;-0.12075102
0.1121;-0.12136688
0.1266;-0.12203357
0.1269;-0.12284012
0.1276;-0.12359805
0.1299;-0.12431848
0.123;-0.12498865
0.1236;-0.12547328
0.1243;-0.12587814
0.1191;-0.12619378
0.1102;-0.12636414
0.1066;-0.12635711
0.09;-0.12624663
0.0955;-0.125861
0.0903;-0.12552468
0.0887;-0.1250887
0.0885;-0.12466113
0.0826;-0.12426269
0.0798;-0.12382941
0.0778;-0.12340806
0.0749;-0.12299885
0.0753;-0.12259399
0.0704;-0.12223957
0.0685;-0.121866
0.0691;-0.12151563
0.0699;-0.12121008
0.0716;-0.12095494
0.0763;-0.1207666
0.0804;-0.12068266
0.0864;-0.12069351
0.0925;-0.12082253
0.1026;-0.12106217
0.1131;-0.12145677
0.1116;-0.1220018
0.1135;-0.12253312
0.114;-0.12307741
0.1152;-0.12357636
0.1164;-0.12403066
0.1194;-0.12443608
0.1185;-0.1248206
0.1228;-0.12513722
0.1186;-0.12546496
0.1297;-0.12568687
0.1367;-0.12602353
0.1381;-0.12640907
0.1441;-0.12679948
0.1467;-0.12725511
0.1487;-0.12771086
0.1494;-0.12815957
0.15;-0.12857339
0.1479;-0.12894559
0.1482;-0.12923515
0.145;-0.12947755
0.1415;-0.12962247
0.141;-0.12967758
0.1394;-0.12968634
0.1406;-0.1296397
0.1383;-0.12959296
0.139;-0.12950492
0.1371;-0.12943013
0.1349;-0.12932979
0.1361;-0.12920782
0.134;-0.12910849
0.1333;-0.1289854
0.1338;-0.1288671
0.1315;-0.12876531
0.1271;-0.12864341
0.1248;-0.1284764
0.1227;-0.12828794
0.1226;-0.12807538
0.1184;-0.12787205
0.1124;-0.12762691
0.1121;-0.12732369
0.1105;-0.12703398
0.1121;-0.12673669
0.1132;-0.12648986
0.1141;-0.1262898
0.1132;-0.1261408
0.1123;-0.12601632
0.115;-0.12591054
0.1171;-0.12586205
0.122;-0.12585737
0.1257;-0.12593801
0.1255;-0.12608433
0.1262;-0.12624346
0.127;-0.12641832
0.1284;-0.12659346
0.1289;-0.12677132
0.1303;-0.12693736
0.1305;-0.12710436
0.1334;-0.12725429
0.1351;-0.12742597
0.1423;-0.12760133
0.1434;-0.12786166
0.1375;-0.12812129
0.1377;-0.12829377
0.1363;-0.12844947
0.1419;-0.12854461
0.1369;-0.12868725
0.1342;-0.12873475
0.1277;-0.1287404
0.1183;-0.12863512
0.1151;-0.1283835
0.1132;-0.12807024
0.1105;-0.12771456
0.1091;-0.1273305
0.1063;-0.12695412
0.0974;-0.12657404
0.095;-0.12611517
0.0955;-0.12566398
0.0939;-0.12524705
0.0818;-0.1248506
0.0723;-0.12434711
0.0713;-0.12376721
0.065;-0.12319939
0.0642;-0.12258013
0.061;-0.12200573
0.0604;-0.12144653
0.0592;-0.12094764
0.061;-0.12049953
0.0607;-0.12014198
0.0562;-0.11984449
0.0541;-0.11955142
0.0552;-0.11927977
0.0574;-0.11905419
0.0612;-0.11888841
0.0635;-0.11880814
0.0687;-0.11879556
0.0676;-0.11888458
0.0679;-0.11898556
0.0667;-0.11910787
0.0713;-0.11921173
0.0681;-0.11936393
0.0659;-0.11946166
0.0627;-0.11952366
0.0599;-0.11952361
0.0561;-0.11946589
0.0533;-0.11933985
0.052;-0.11916452
0.0525;-0.11896511
0.0549;-0.11877474
0.0606;-0.11862898
0.0636;-0.11858007
0.0648;-0.11860164
0.0675;-0.11867332
0.0697;-0.11880139
0.0674;-0.11896627
0.0698;-0.11910352
0.0677;-0.11926385
0.0676;-0.11937799
0.0556;-0.11947504
0.0467;-0.11939581
0.0448;-0.11917858
0.0427;-0.11889604
0.0362;-0.11856195
0.0377;-0.11815134
0.0336;-0.11777949
0.0334;-0.11738177
0.0253;-0.11702369
0.0213;-0.11660393
0.0097;-0.11617379
0.0057;-0.1156272
0.0082;-0.11505865
0.0066;-0.11454491
0.0051;-0.11406156
0.0029;-0.11362807
-0.0005;-0.11323155
-0.003;-0.11285104
-0.0057;-0.11248881
-0.0088;-0.11213578
-0.0087;-0.11178467
-0.006;-0.11147115
-0.0062;-0.11122794
-0.0025;-0.11102845
0.004;-0.11091919
0.0039;-0.1109286
0.0051;-0.11098038
0.0052;-0.11107942
0.0084;-0.11119117
0.0084;-0.1113416
0.0109;-0.11148747
0.009;-0.11165699
0.0083;-0.11179187
0.007;-0.11190309
0.0052;-0.1119758
-0.0055;-0.1120047
-0.0084;-0.11188333
-0.0103;-0.11169922
-0.012;-0.111462
-0.0205;-0.11119741
-0.0264;-0.11084087
-0.0266;-0.11042526
-0.0234;-0.11001449
-0.0256;-0.10966517
-0.0268;-0.10933754
-0.0273;-0.10904869
-0.0276;-0.10879704
-0.0261;-0.10858088
-0.0249;-0.10841842
-0.0246;-0.10830517
-0.02;-0.1082292
-0.0149;-0.1082343
-0.0135;-0.10832512
-0.0112;-0.10846081
-0.0094;-0.10864162
-0.0049;-0.10884692
-0.0053;-0.10910002
-0.0054;-0.10933965
-0.0039;-0.10956302
-0.0031;-0.10977733
0.0047;-0.10997316
0.0042;-0.1102373
0.0029;-0.11048047
0.0062;-0.11069645
0.0008;-0.11092433
0.0001;-0.11105826
-0.0021;-0.11115339
0.0001;-0.11118465
0.0007;-0.11121416
-0.0059;-0.11123358
0.0045;-0.11116899
0.0003;-0.11121929
-0.003;-0.11121721
-0.0055;-0.11118876
-0.0086;-0.1111223
-0.0089;-0.11100683
-0.0085;-0.11087868
-0.0071;-0.11075348
-0.0042;-0.11065458
-0.0009;-0.11060738
0.0055;-0.11062188
0.009;-0.11073738
0.0129;-0.11091979
0.0141;-0.11116943
0.0225;-0.11144016
0.0215;-0.11180587
0.0261;-0.1121472
0.0301;-0.11252805
0.0296;-0.11292589
0.0262;-0.11328785
0.032;-0.11357141
0.0304;-0.11387679
0.0292;-0.11411509
0.0247;-0.11430547
0.025;-0.11440095
0.0251;-0.11446024
0.0218;-0.11448471
0.0183;-0.11444834
0.0161;-0.11435485
0.0141;-0.11421938
0.0093;-0.1140495
0.0161;-0.11381999
0.0136;-0.11367749
0.0134;-0.11351994
0.0151;-0.11339181
0.0166;-0.11330473
0.016;-0.11325653
0.0163;-0.11322269
0.0124;-0.11320882
0.0102;-0.11315611
0.0024;-0.11307821
0.0024;-0.11289888
0.0018;-0.11270989
-0.0004;-0.11250594
-0.0049;-0.11228698
-0.0088;-0.11203147
-0.0086;-0.11174423
-0.0087;-0.11147188
-0.0054;-0.11121856
-0.0032;-0.1110362
-0.0078;-0.11091843
-0.0077;-0.11078721
0.0057;-0.1106839
0.0034;-0.11075323
0.0031;-0.11082666
-0.0011;-0.1109317
-0.0033;-0.11098993
-0.0048;-0.11100904
-0.0062;-0.11098807
-0.0114;-0.11093268
-0.0103;-0.11080413
-0.0128;-0.11067911
-0.0087;-0.11052025
-0.0074;-0.1104181
-0.005;-0.11034746
-0.0025;-0.11033144
0.0034;-0.11036814
0.0044;-0.11049521
0.0081;-0.11065302
0.0114;-0.11086755
0.0131;-0.11112127
0.0163;-0.11139037
0.0178;-0.11168508
0.0195;-0.11197813
0.0196;-0.11226849
0.0209;-0.11253147
0.0247;-0.11277843
0.0274;-0.11303835
0.0306;-0.11330387
0.0363;-0.11358733
0.0373;-0.11391987
0.0409;-0.11424558
0.0419;-0.11459506
0.0444;-0.11492692
0.0444;-0.11525803
0.0473;-0.11555265
0.0458;-0.11584695
0.0471;-0.11608461
0.0474;-0.11630412
0.0462;-0.11649009
0.0431;-0.11663011
0.0394;-0.11670198
0.0358;-0.11669749
0.0318;-0.11661794
0.0301;-0.1164632
0.0285;-0.11627034
0.0254;-0.11605102
0.0242;-0.11580016
0.0256;-0.11554835
0.0254;-0.11533148
0.0231;-0.11513833
0.0215;-0.11494891
0.016;-0.11476673
0.0135;-0.11453668
0.0104;-0.11429045
0.0133;-0.11401559
0.0143;-0.11379169
0.0128;-0.11360484
0.008;-0.11343691
0.008;-0.11324259
0.01;-0.11306737
0.0113;-0.11292951
0.0113;-0.1128299
0.0148;-0.11275764
0.0137;-0.11275117
0.0159;-0.11275129
0.0175;-0.11279456
0.0175;-0.11286446
0.0178;-0.11294107
0.0223;-0.11302242
0.0244;-0.11315362
0.0238;-0.11330736
0.0306;-0.11345464
0.0297;-0.11367787
0.0324;-0.11388027
0.0318;-0.11410902
0.0367;-0.11431124
0.0437;-0.11455333
0.05;-0.11486019
0.0544;-0.11523494
0.0518;-0.11565798
0.0526;-0.11603394
0.0691;-0.11638795
0.0687;-0.11690048
0.0756;-0.11737218
0.0703;-0.1179168
0.0697;-0.11835147
0.0676;-0.11873043
0.0675;-0.11901145
0.0683;-0.11922671
0.067;-0.11939557
0.0653;-0.11950531
0.0648;-0.11956204
0.0631;-0.11958494
0.0617;-0.11956402
0.0628;-0.119511
0.0642;-0.11946195
0.0639;-0.11942726
0.0687;-0.11939451
0.0764;-0.11943214
0.0764;-0.11957707
0.0799;-0.11973959
0.08;-0.11996385
0.0825;-0.12018506
0.0809;-0.12042829
0.0884;-0.1206298
0.0941;-0.12090653
0.1048;-0.12123075
0.1106;-0.12168457
0.1024;-0.12220404
0.1028;-0.12260501
0.119;-0.12297858
0.1171;-0.12349774
0.1143;-0.12393597
0.112;-0.12431681
0.1083;-0.124616
0.1074;-0.12480365
0.1081;-0.12492056
0.1074;-0.12499483
0.1036;-0.12502454
0.1018;-0.12498344
0.1049;-0.1249041
0.0954;-0.12485145
0.0968;-0.1246663
0.0972;-0.12450939
0.0972;-0.12434873
0.0974;-0.12420087
0.0978;-0.12407526
0.1019;-0.12397537
0.0999;-0.12394953
0.0957;-0.12391587
0.0904;-0.1238482
0.0874;-0.12371574
0.0863;-0.12353851
0.0883;-0.12333949
0.0902;-0.12316944
0.0944;-0.12303932
0.0974;-0.12299119
0.1042;-0.12301144
0.1109;-0.12315091
0.1203;-0.12340097
0.1211;-0.12379573
0.1337;-0.1242113
0.1323;-0.12479632
0.1323;-0.12533332
0.1337;-0.12584765
0.1338;-0.12632355
0.1301;-0.12673435
0.1324;-0.1270314
0.1337;-0.1272997
0.133;-0.12752369
0.1328;-0.12769586
0.1365;-0.1278324
0.1355;-0.12798871
0.1367;-0.12810493
0.1382;-0.1282247
0.1391;-0.12834613
0.1344;-0.12846504
0.1392;-0.12850705
0.1403;-0.12860352
0.1383;-0.12869081
0.1392;-0.12874678
0.1447;-0.12881006
0.1495;-0.12893575
0.1515;-0.12911855
0.1484;-0.12933122
0.1481;-0.1295016
0.15;-0.12965791
0.1458;-0.12981269
0.1444;-0.12988283
0.1446;-0.12991692
0.1481;-0.12992768
0.1467;-0.12996837
0.1468;-0.12998007
0.1453;-0.1299972
0.1462;-0.1299894
0.1444;-0.12999147
0.1458;-0.12996285
0.1384;-0.12995426
0.1347;-0.12983926
0.1349;-0.12967864
0.1327;-0.1295097
0.1323;-0.12930675
0.133;-0.12911153
0.1317;-0.12894118
0.1314;-0.12877391
0.131;-0.12862787
0.1283;-0.12849684
0.1223;-0.12834875
0.118;-0.12813714
0.1117;-0.12787952
0.1101;-0.12754084
0.1126;-0.12719096
0.1139;-0.12688778
0.1117;-0.12663142
0.114;-0.1263904
0.1215;-0.12622465
0.1238;-0.12619224
0.1157;-0.12622602
0.1196;-0.12619118
0.1224;-0.12623094
0.1245;-0.12629686
0.1251;-0.12639539
0.1265;-0.12650743
0.1283;-0.12663943
0.1267;-0.12678918
0.124;-0.12690803
0.1177;-0.12697966
0.1079;-0.12694664
0.0997;-0.1267587
0.0955;-0.12643431
0.0884;-0.12602781
0.063;-0.12551658
0.0617;-0.12468316
0.0642;-0.12385754
0.0612;-0.1230676
0.0611;-0.12230414
0.059;-0.12163785
0.0578;-0.12104055
0.0573;-0.12052232
0.0547;-0.12008114
0.0493;-0.11968195
0.0489;-0.11928026
0.0491;-0.11892529
0.0449;-0.11861421
0.0372;-0.11829674
0.0351;-0.11792608
0.0349;-0.11755828
0.0413;-0.11720999
0.0425;-0.11697651
0.0419;-0.11680655
0.04;-0.11668672
0.0358;-0.11658462
0.0373;-0.11645486
0.0385;-0.11635518
0.0359;-0.11627702
0.0344;-0.11618246
0.0312;-0.11608361
0.0302;-0.11595106
0.026;-0.11581061
0.0248;-0.1156219
0.0233;-0.11542547
0.0223;-0.11521755
0.0171;-0.11501212
0.021;-0.11476122
0.0235;-0.11457609
0.0247;-0.11444095
0.0182;-0.11435606
0.016;-0.11422466
0.0189;-0.11408422
0.0225;-0.11398012
0.0277;-0.11392997
0.0308;-0.11396745
0.0309;-0.11407154
0.0296;-0.11420185
0.0292;-0.11432602
0.0244;-0.114438
0.0206;-0.114474
0.0183;-0.11444141
0.0153;-0.11435303
0.0105;-0.11420716
0.0092;-0.11399218
0.0132;-0.11375672
0.0124;-0.11357282
0.0127;-0.11340041
0.0157;-0.11326437
0.0172;-0.11319134
0.0168;-0.11316304
0.0166;-0.11315589
0.0187;-0.11316302
0.018;-0.11320266
0.0179;-0.11323809
0.0173;-0.11327537
0.0173;-0.11330216
0.0153;-0.11332387
0.0155;-0.11331541
0.0103;-0.11330321
0.0059;-0.11322084
0.0025;-0.11307795
0.0007;-0.11288045
-0.0052;-0.11265303
-0.0052;-0.11235677
-0.0085;-0.11206938
-0.0136;-0.11175647
-0.0133;-0.11140797
-0.0169;-0.11108589
-0.0197;-0.11074796
-0.0242;-0.11041093
-0.0227;-0.11005127
-0.0241;-0.10973822
-0.0255;-0.10944283
-0.0271;-0.10917291
-0.0291;-0.10892165
-0.0306;-0.10868012
-0.0321;-0.10844988
-0.0369;-0.10822816
-0.0375;-0.10797545
-0.0553;-0.10773464
-0.0594;-0.10730533
-0.0635;-0.10682835
-0.0697;-0.10629633
-0.0749;-0.10571477
-0.0768;-0.10510865
-0.0801;-0.10452245
-0.0838;-0.10395338
-0.0888;-0.10340481
-0.0899;-0.10286093
-0.0938;-0.10235947
-0.0907;-0.10187224
-0.0938;-0.1014753
-0.089;-0.10110843
-0.0851;-0.10085351
-0.0829;-0.10070211
-0.0829;-0.10063884
-0.0783;-0.10062735
-0.0757;-0.10069796
-0.0714;-0.10082191
-0.0521;-0.10101207
-0.0513;-0.10142805
-0.0484;-0.10189058
-0.045;-0.10240352
-0.0438;-0.10293177
-0.0431;-0.10343364
-0.0454;-0.10389172
-0.0484;-0.10426363
-0.0487;-0.10453513
-0.0544;-0.10473454
-0.0522;-0.10481021
-0.0531;-0.10485893
-0.0517;-0.104861
-0.0493;-0.10486174
-0.0483;-0.10488237
-0.0419;-0.1049175
-0.0397;-0.10503154
-0.0353;-0.10518301
-0.0333;-0.10539702
-0.0356;-0.10563846
-0.0329;-0.10584956
-0.0302;-0.10607077
-0.0293;-0.10629681
-0.0286;-0.10651366
-0.0267;-0.1067187
-0.0264;-0.10692246
-0.025;-0.10710718
-0.0257;-0.1072862
-0.0192;-0.10743505
-0.0178;-0.10763772
-0.0167;-0.10784327
-0.0156;-0.10805482
-0.0138;-0.10826377
-0.0115;-0.10847374
-0.0082;-0.10868983
-0.0081;-0.10892582
-0.0053;-0.10914645
-0.0032;-0.10938106
-0.0032;-0.10961823
-0.004;-0.1098353
0.0012;-0.11001918
0.0001;-0.1102363
-0.0007;-0.11041743
-0.0033;-0.1105714
-0.0055;-0.11066797
-0.0083;-0.11070901
-0.0108;-0.11068725
-0.0109;-0.11061092
