actual;predicted
-0.0633;-0.05292157
-0.067;-0.05654546
-0.069;-0.06036281
-0.0701;-0.06354503
-0.0729;-0.06586401
-0.0744;-0.068243
-0.0733;-0.07023779
-0.072;-0.07096752
-0.0682;-0.07073796
-0.0652;-0.06895629
-0.0665;-0.0664676
-0.0665;-0.06528492
-0.0631;-0.06465475
-0.0579;-0.06304713
-0.0565;-0.05997382
-0.0577;-0.05736313
-0.0559;-0.05622521
-0.0526;-0.05500322
-0.0544;-0.05303
-0.0548;-0.05245535
-0.0549;-0.05240327
-0.0522;-0.05252093
-0.0535;-0.05160923
-0.051;-0.05146008
-0.0511;-0.05046244
-0.051;-0.04981509
-0.0468;-0.04939812
-0.0454;-0.04755301
-0.0452;-0.04573293
-0.0439;-0.04449909
-0.0439;-0.04329667
-0.0501;-0.04258515
-0.0517;-0.04461394
-0.0531;-0.04681114
-0.0536;-0.04882719
-0.0559;-0.05027813
-0.0571;-0.05199856
-0.0595;-0.05352569
-0.0605;-0.05536535
-0.0618;-0.05690167
-0.0618;-0.05831261
-0.0631;-0.05914678
-0.0614;-0.06007954
-0.0599;-0.05997398
-0.0586;-0.05920048
-0.0546;-0.05810343
-0.0527;-0.05580709
-0.0522;-0.05350358
-0.0489;-0.0518471
-0.0469;-0.04961528
-0.0457;-0.04743224
-0.0388;-0.04562848
-0.0376;-0.04190414
-0.0348;-0.03896336
-0.0339;-0.03611359
-0.0358;-0.03404885
-0.0379;-0.03362582
-0.0358;-0.03440786
-0.0379;-0.03429332
-0.0388;-0.03501067
-0.0387;-0.03589029
-0.0354;-0.03644123
-0.0355;-0.03548363
-0.034;-0.03475908
-0.033;-0.03370526
-0.0326;-0.03262565
-0.0293;-0.03179216
-0.0255;-0.03002939
-0.0249;-0.0273848
-0.0248;-0.02540559
-0.024;-0.02419301
-0.0186;-0.02324441
-0.0178;-0.02064378
-0.0179;-0.01858213
-0.0193;-0.01737428
-0.0193;-0.01728316
-0.0225;-0.01739406
-0.0181;-0.01878122
-0.0185;-0.01810556
-0.0174;-0.01767209
-0.0135;-0.0169555
-0.0199;-0.01496883
-0.0207;-0.01607087
-0.0219;-0.01735679
-0.0225;-0.01872646
-0.0237;-0.01984655
-0.0244;-0.02098449
-0.0318;-0.02194923
-0.0344;-0.025378
-0.0395;-0.02875196
-0.042;-0.03286503
-0.0393;-0.03645359
-0.0373;-0.03757456
-0.037;-0.03718928
-0.0387;-0.03656182
-0.0364;-0.0367097
-0.0381;-0.03595135
-0.0322;-0.03604893
-0.0297;-0.03389199
-0.0268;-0.03136775
-0.0251;-0.02858376
-0.0216;-0.02615573
-0.0203;-0.02333781
-0.0185;-0.02107724
-0.0169;-0.01905634
-0.0133;-0.01725349
-0.0118;-0.01480706
-0.0102;-0.01267965
-0.0044;-0.01078639
-0.0062;-0.0074269
-0.0034;-0.00592065
-0.0047;-0.00408695
-0.002;-0.00349172
-0.0051;-0.00223956
-0.0083;-0.00265432
-0.0006;-0.00433602
0.0002;-0.00259796
-0.0012;-0.00090726
-0.0018;-0.00032028
-0.0034;-0.00028924
-0.0052;-0.0009845
-0.0067;-0.00222182
-0.0065;-0.0036603
-0.0098;-0.00452035
-0.01;-0.00627557
-0.0116;-0.00751297
-0.0144;-0.00885529
-0.0147;-0.01075798
-0.016;-0.01209833
-0.0159;-0.01337266
-0.0138;-0.01408688
-0.0138;-0.01363516
-0.0125;-0.01319691
-0.0105;-0.01237155
-0.0089;-0.01102802
-0.0097;-0.00950522
-0.0107;-0.00883523
-0.0117;-0.00889421
-0.01;-0.00942794
-0.01;-0.0091894
-0.0056;-0.00898757
-0.005;-0.00715076
-0.0016;-0.00560549
0.0009;-0.00331823
0.0025;-0.00085934
0.0062;0.00131123
0.0091;0.00404966
0.0139;0.00690069
0.0145;0.01052655
0.0131;0.01306753
0.0122;0.0139794
0.011;0.0139636
0.0115;0.01330316
0.011;0.01295066
0.0108;0.01252436
0.0137;0.0121676
0.0106;0.01307039
0.0101;0.01256618
0.0086;0.01194944
0.0064;0.01094249
0.0055;0.00941479
0.0046;0.00805308
0.0045;0.00686602
0.0018;0.00612042
-0.0005;0.00467907
-0.0017;0.00285042
-0.0021;0.00120825
-0.0033;5.4092394e-05
-0.0033;-0.00105537
-0.0012;-0.00170559
0.0018;-0.00122549
0.0016;0.00038258
0.0021;0.00147117
0.0054;0.00233311
0.0059;0.00411356
0.0128;0.00549336
0.0107;0.00899041
0.0106;0.0105521
0.0096;0.01132059
0.0117;0.01126234
0.0145;0.01189364
0.0136;0.01338919
0.0128;0.01405845
0.0149;0.01409397
0.0153;0.01483228
0.0157;0.0154851
0.0162;0.01604164
0.0165;0.01656332
0.0179;0.01698869
0.0198;0.01777438
0.0197;0.01902408
0.0231;0.01981217
0.0273;0.02157525
0.026;0.02437706
0.0252;0.02573628
0.0234;0.02613909
0.0234;0.0255385
0.022;0.0250033
0.0223;0.02408297
0.0219;0.02357159
0.0276;0.02312778
0.0288;0.02507548
0.0366;0.02700926
0.0436;0.03129881
0.0508;0.03693031
0.0511;0.04341088
0.0558;0.04766693
0.063;0.05188709
0.0671;0.05717713
0.0673;0.06208512
0.0694;0.06513628
0.0721;0.06758177
0.0757;0.06996468
0.0759;0.07274382
0.0764;0.07453104
0.0741;0.07569715
0.0738;0.07540106
0.0692;0.07488938
0.0671;0.07269443
0.0644;0.07030728
0.0616;0.06770077
0.058;0.06496239
0.0567;0.06185977
0.052;0.05940824
0.0492;0.05615232
0.0422;0.05301083
0.0423;0.04837932
0.0404;0.04542043
0.0353;0.04302074
0.0372;0.03969891
0.0371;0.03834413
0.0363;0.03769226
0.0362;0.03714281
0.0349;0.03683998
0.0354;0.03621093
0.0371;0.03600719
0.0377;0.03658913
0.0385;0.03728593
0.0376;0.03807253
0.0375;0.03823424
0.0393;0.03823328
0.0364;0.03889056
0.0366;0.03823264
0.0359;0.03777641
0.0348;0.03720652
0.0362;0.03641193
0.0366;0.03643483
0.0362;0.03668668
0.0344;0.03673978
0.0306;0.03607192
0.0297;0.03411082
0.0305;0.03238912
0.0314;0.03161663
0.0286;0.03159181
0.0262;0.03061315
0.0318;0.02901894
0.0287;0.03012081
0.0286;0.02987715
0.0297;0.02962889
0.0286;0.02988541
0.0282;0.02967034
0.0301;0.02934839
0.0269;0.02986345
0.0232;0.02902924
0.0199;0.02696263
0.0188;0.02424149
0.0161;0.02201835
0.0154;0.01962855
0.0181;0.01788347
0.0115;0.01793358
0.0054;0.01564535
0.0004;0.01170073
-0.0021;0.00711108
-0.0036;0.00318892
-0.0022;0.0002426
0.0002;-0.0008902
-0.0025;-0.00039827
-0.0004;-0.00086333
-0.0023;-0.00034573
-0.0083;-0.00064678
-0.0065;-0.00320162
-0.0085;-0.00433832
-0.0135;-0.00572995
-0.0139;-0.00851747
-0.0198;-0.01053464
-0.0237;-0.01400889
-0.0267;-0.01779139
-0.0286;-0.02134312
-0.0298;-0.02424355
-0.03;-0.02639836
-0.0309;-0.02767373
-0.0374;-0.02865374
-0.0403;-0.03167536
-0.0411;-0.03484001
-0.0413;-0.03715681
-0.0478;-0.03857185
-0.0523;-0.04181499
-0.0522;-0.04569589
-0.0509;-0.04814697
-0.0434;-0.04901125
-0.04;-0.04641056
-0.0377;-0.0430278
-0.0348;-0.03981886
-0.0333;-0.03666762
-0.0251;-0.03414271
-0.0301;-0.02949529
-0.0279;-0.02837025
-0.0263;-0.02717053
-0.0214;-0.02592533
-0.0193;-0.02330733
-0.0189;-0.02075749
-0.0172;-0.01901364
-0.0132;-0.01737757
-0.0142;-0.01487651
-0.018;-0.01365606
-0.0216;-0.01450645
-0.0245;-0.01670151
-0.0239;-0.01941572
-0.0253;-0.02098913
-0.0252;-0.02241248
-0.0286;-0.02320179
-0.0252;-0.02491035
-0.0328;-0.02471386
-0.0281;-0.02733365
-0.0424;-0.0273734
-0.0421;-0.03270859
-0.0424;-0.03638773
-0.0453;-0.03873149
-0.0449;-0.04112327
-0.0391;-0.04237863
-0.0413;-0.04074985
-0.0343;-0.04021703
-0.0361;-0.03717827
-0.0371;-0.03572056
-0.0403;-0.03529805
-0.038;-0.0364198
-0.0378;-0.03644057
-0.0406;-0.0363251
-0.039;-0.03730786
-0.0404;-0.03740755
-0.0412;-0.03794694
-0.0431;-0.03861648
-0.0485;-0.03978441
-0.0516;-0.04264984
-0.0603;-0.04581365
-0.0582;-0.05121177
-0.0605;-0.05398714
-0.0559;-0.05636154
-0.0559;-0.05591704
-0.05;-0.05527653
-0.0453;-0.05245483
-0.042;-0.04860666
-0.0428;-0.04475643
-0.0432;-0.04263666
-0.0461;-0.04166891
-0.0418;-0.04238937
-0.0411;-0.04142835
-0.0408;-0.04046873
-0.0415;-0.03973966
-0.046;-0.03958591
-0.046;-0.04130694
-0.046;-0.04260043
-0.0475;-0.04342252
-0.0511;-0.04446327
-0.0555;-0.04650272
-0.0604;-0.04956675
-0.0632;-0.05348638
-0.0641;-0.05710946
-0.0659;-0.05968181
-0.0662;-0.06182833
-0.065;-0.06316212
-0.0628;-0.06338242
-0.0623;-0.06248921
-0.0643;-0.06155775
-0.0645;-0.06168846
-0.066;-0.06193871
-0.0634;-0.06271226
-0.0606;-0.06225263
-0.06;-0.06077152
-0.0567;-0.05947931
-0.0572;-0.05738487
-0.0562;-0.05619617
-0.0564;-0.05515476
-0.0578;-0.05463709
-0.0588;-0.05493818
-0.06;-0.0556304
-0.0589;-0.05660459
-0.057;-0.0568383
-0.0567;-0.05618444
-0.058;-0.05554796
-0.0563;-0.05562393
-0.0529;-0.05508187
-0.0473;-0.05338748
-0.0448;-0.05004006
-0.0412;-0.04679134
-0.0419;-0.04334947
-0.0385;-0.04147483
-0.0366;-0.03918415
-0.0346;-0.03706197
-0.0357;-0.03502202
-0.0351;-0.03422647
-0.0332;-0.0336657
-0.0332;-0.03267243
-0.0346;-0.03204924
-0.0364;-0.03225198
-0.0397;-0.03318393
-0.0411;-0.03515236
-0.0418;-0.0370581
-0.0399;-0.03854055
-0.0426;-0.0386799
-0.0446;-0.03964346
-0.0451;-0.04104394
-0.0433;-0.04215213
-0.0435;-0.04211664
-0.042;-0.04203336
-0.0397;-0.04134956
-0.039;-0.03995348
-0.0381;-0.03871694
-0.0337;-0.03759353
-0.0333;-0.03521178
-0.0291;-0.03345991
-0.0286;-0.03079347
-0.0271;-0.02887673
-0.0268;-0.02718421
-0.0266;-0.02608225
-0.0262;-0.02541967
-0.027;-0.02494411
-0.0278;-0.02501658
-0.0231;-0.02545501
-0.024;-0.02397907
-0.0225;-0.02323241
-0.0202;-0.02221948
-0.0183;-0.02068879
-0.019;-0.01895347
-0.0167;-0.01812064
-0.0165;-0.01681364
-0.0157;-0.01591517
-0.0168;-0.0150996
-0.0108;-0.01505293
-0.0119;-0.01280425
-0.0099;-0.01163828
-0.0118;-0.01020892
-0.011;-0.01005984
-0.0113;-0.0098056
-0.0119;-0.00980457
-0.0127;-0.01008096
-0.0117;-0.01060838
-0.013;-0.01059089
-0.0124;-0.01103709
-0.0145;-0.01111694
-0.014;-0.01194841
-0.0142;-0.01233988
-0.0142;-0.01263044
-0.0159;-0.01278775
-0.0187;-0.0135185
-0.02;-0.01510504
-0.0218;-0.01669294
-0.021;-0.01839625
-0.0202;-0.01915244
-0.02;-0.01920299
-0.0207;-0.01904004
-0.0196;-0.01914545
-0.0213;-0.01879073
-0.0201;-0.01917793
-0.0178;-0.01901689
-0.0148;-0.01798672
-0.0136;-0.01608347
-0.0122;-0.01431883
-0.0105;-0.01266984
-0.0104;-0.0110086
-0.009;-0.00995614
-0.0094;-0.00884451
-0.0103;-0.00834002
-0.0099;-0.00845973
-0.0103;-0.00847936
-0.0113;-0.00867091
-0.0161;-0.00920551
-0.0171;-0.01143956
-0.0164;-0.01340436
-0.0201;-0.0143735
-0.0209;-0.01629533
-0.0232;-0.01785436
-0.0235;-0.01967622
-0.0236;-0.02092642
-0.0216;-0.02166685
-0.0238;-0.02126383
-0.026;-0.02170614
-0.0269;-0.02286727
-0.0282;-0.02401646
-0.0284;-0.02524744
-0.0267;-0.02609343
-0.0251;-0.02591268
-0.0232;-0.0250507
-0.0218;-0.02366559
-0.0192;-0.02217492
-0.0184;-0.02021103
-0.0178;-0.01863086
-0.0221;-0.01745472
-0.0224;-0.01845343
-0.023;-0.01944963
-0.0223;-0.02038105
-0.0209;-0.02070563
-0.0168;-0.02030394
-0.0195;-0.0183716
-0.0183;-0.01802558
-0.0132;-0.0174631
-0.0125;-0.01515816
-0.0207;-0.01328362
-0.0198;-0.01529613
-0.0218;-0.0166205
-0.0233;-0.01827
-0.0236;-0.01992126
-0.0216;-0.02106899
-0.021;-0.02094693
-0.0223;-0.02047708
-0.0222;-0.02059715
-0.0236;-0.02066533
-0.0218;-0.02125067
-0.0202;-0.02097136
-0.0224;-0.02010128
-0.0231;-0.02032586
-0.0244;-0.02082786
-0.0247;-0.02169889
-0.0286;-0.02240995
-0.0254;-0.02435467
-0.0277;-0.02444835
-0.0278;-0.02522799
-0.0267;-0.02576691
-0.0269;-0.02564865
-0.0246;-0.02556914
-0.0215;-0.02460642
-0.0174;-0.0227082
-0.0168;-0.01981816
-0.0131;-0.01765829
-0.0118;-0.01493858
-0.01;-0.01272068
-0.0106;-0.01071268
-0.0071;-0.00975985
-0.0058;-0.00796392
-0.0004;-0.00631793
0.005;-0.00323179
0.0092;0.00090063
0.0239;0.00521748
0.0233;0.01361382
0.0216;0.01899966
0.0201;0.02144027
0.0229;0.02194405
0.0239;0.02296871
0.0223;0.02390836
0.0207;0.02381736
0.0226;0.02300031
0.0232;0.02309929
0.0219;0.02344696
0.0266;0.02319921
0.0265;0.02480962
0.0272;0.02594923
0.0258;0.02692492
0.0312;0.02696372
0.0324;0.02896258
0.0364;0.03083456
0.0385;0.03356999
0.0378;0.03616646
0.0443;0.03750112
0.0398;0.04069031
0.0385;0.04106108
0.04;0.04050929
0.0379;0.04055217
0.0377;0.03976279
0.0357;0.03910119
0.0375;0.03790146
0.0356;0.03779345
0.0354;0.0370937
0.0375;0.03655371
0.0398;0.03704413
0.0386;0.03835553
0.0417;0.0388281
0.0444;0.04026576
0.0388;0.04228448
0.0424;0.04144927
0.0421;0.04203532
0.0433;0.04234257
0.0428;0.04298064
0.037;0.04320887
0.0346;0.04106642
0.0338;0.03854294
0.035;0.03655283
0.0328;0.03581474
0.0363;0.03466076
0.0346;0.03531196
0.0379;0.03526402
0.0338;0.03650345
0.0345;0.0358238
0.0357;0.03550966
0.0366;0.03577014
0.0398;0.03633931
0.0441;0.03798075
0.0464;0.04078925
0.0485;0.04357627
0.0471;0.04614898
0.0506;0.04717301
0.052;0.04897073
0.0518;0.05063629
0.0528;0.05156449
0.0534;0.0524254
0.0556;0.05314102
0.0557;0.05439442
0.0557;0.05524542
0.0575;0.0557311
0.0537;0.05666854
0.0532;0.05580198
0.0533;0.05487917
0.0542;0.05427987
0.051;0.05427202
0.0526;0.05309892
0.0489;0.05288985
0.0469;0.05140561
0.0435;0.04960318
0.0453;0.04711121
0.0426;0.04618146
0.0405;0.04471575
0.0428;0.04299619
0.0428;0.04280579
0.0413;0.04285896
0.0382;0.04239799
0.0385;0.0408905
0.037;0.03995969
0.0362;0.03883781
0.0388;0.03783089
0.0383;0.0382325
0.0408;0.03845201
0.0366;0.03958947
0.0353;0.03877994
0.0392;0.03759992
0.0403;0.03828658
0.0398;0.03931261
0.0377;0.03984404
0.0296;0.03933284
0.028;0.03576051
0.0201;0.03256538
0.0154;0.02747116
0.0138;0.02229256
0.0069;0.0184196
0.0007;0.01350825
0.0001;0.00803647
-0.0012;0.0043809
-0.0093;0.00183581
-0.0093;-0.00265147
-0.0103;-0.00554011
-0.0112;-0.00754458
-0.0137;-0.00895854
-0.0183;-0.01065955
-0.0243;-0.01345848
-0.0201;-0.01759958
-0.0236;-0.01868981
-0.0226;-0.02041294
-0.0231;-0.02105047
-0.0224;-0.02149182
-0.0233;-0.02141595
-0.0168;-0.02162782
-0.018;-0.01924329
-0.0199;-0.01794822
-0.0188;-0.01791604
-0.02;-0.0176215
-0.016;-0.01792445
-0.016;-0.01663957
-0.012;-0.01569875
-0.0044;-0.01356758
-0.0016;-0.00918701
-0.0023;-0.00512496
0.0029;-0.00285296
-0.002;0.00035922
-0.004;0.00046937
0.0008;-0.00058586
0.0006;0.00037152
0.0006;0.0010194
0.0;0.00141889
-0.0085;0.0014005
-0.0094;-0.00195799
-0.016;-0.00476326
-0.0193;-0.00909931
-0.0225;-0.0132255
-0.0259;-0.01702446
-0.0317;-0.02063337
-0.0333;-0.02504489
-0.0386;-0.02843244
-0.0518;-0.03244897
-0.058;-0.04003514
-0.0641;-0.04747603
-0.067;-0.05448605
-0.072;-0.05986644
-0.0765;-0.06487984
-0.0817;-0.06955887
-0.0808;-0.07433242
-0.0817;-0.07686585
-0.084;-0.07847776
-0.0841;-0.08013968
-0.0795;-0.08111698
-0.0782;-0.07982117
-0.0769;-0.07821935
-0.0757;-0.07659593
-0.0758;-0.0750851
-0.0705;-0.07419188
-0.0677;-0.07166474
-0.0614;-0.06887362
-0.0585;-0.06465203
-0.0557;-0.06076359
-0.0491;-0.05728613
-0.0502;-0.05265505
-0.0459;-0.05013945
-0.0425;-0.04715442
-0.0396;-0.04403975
-0.0346;-0.04101807
-0.0307;-0.03725921
-0.0297;-0.03338518
-0.0276;-0.0306041
-0.0258;-0.02821723
-0.0253;-0.02615663
-0.0241;-0.02478117
-0.0243;-0.02358907
-0.0216;-0.02300358
-0.0205;-0.0217001
-0.0174;-0.02043408
-0.0154;-0.0184571
-0.0139;-0.01639653
-0.0133;-0.01452559
-0.0134;-0.0131649
-0.0128;-0.01243894
-0.0143;-0.01186199
-0.0143;-0.01214316
-0.0157;-0.01243537
-0.016;-0.01319944
-0.0181;-0.01385414
-0.0201;-0.01507904
-0.0216;-0.01667167
-0.0228;-0.01829021
-0.0272;-0.01976707
-0.0286;-0.02236096
-0.0307;-0.02461023
-0.0322;-0.02679407
-0.0352;-0.02869722
-0.0416;-0.03098
-0.0405;-0.03487458
-0.0384;-0.03701739
-0.0365;-0.03737011
-0.0383;-0.03659415
-0.0381;-0.03659638
-0.0365;-0.03653141
-0.035;-0.03586317
-0.0366;-0.03479924
-0.0373;-0.03469579
-0.0331;-0.03498876
-0.0321;-0.03361684
-0.0289;-0.03222537
-0.0275;-0.03008273
-0.0268;-0.02812823
-0.0239;-0.02665204
-0.0223;-0.02468146
-0.0216;-0.02282185
-0.0215;-0.02141939
-0.0199;-0.02058143
-0.0143;-0.01953835
-0.0114;-0.01674501
-0.0097;-0.01372342
-0.0091;-0.01113443
-0.0076;-0.00934514
-0.0057;-0.00777524
-0.0064;-0.00614505
-0.0059;-0.00543943
-0.0067;-0.00493318
-0.0083;-0.00499977
-0.0083;-0.00575164
-0.0078;-0.00632401
-0.0064;-0.00649999
-0.0084;-0.0060296
-0.007;-0.00643056
-0.0082;-0.00620662
-0.0101;-0.00648514
-0.0129;-0.00743199
-0.0159;-0.0091833
-0.0177;-0.011535
-0.0193;-0.01377649
-0.0229;-0.01578707
-0.0249;-0.01838684
-0.0287;-0.02080678
-0.0298;-0.0237488
-0.0284;-0.02602559
-0.0282;-0.02681185
-0.0261;-0.027018
-0.0242;-0.02619554
-0.0222;-0.02478944
-0.0199;-0.02302953
-0.0165;-0.02097853
-0.0142;-0.0183466
-0.009;-0.01576088
-0.0094;-0.01214763
-0.0118;-0.00997157
-0.0101;-0.0096987
-0.0154;-0.00913914
-0.0165;-0.01090601
-0.0176;-0.01270407
-0.0211;-0.01433215
-0.0232;-0.0166991
-0.0287;-0.01905028
-0.0323;-0.02264127
-0.0346;-0.02637698
-0.0359;-0.029611
-0.0371;-0.03204865
-0.039;-0.03389214
-0.0415;-0.0356424
-0.0411;-0.03762389
-0.0433;-0.03868136
-0.0386;-0.04006539
-0.0354;-0.03908945
-0.0333;-0.0369779
-0.0328;-0.03465049
-0.0309;-0.03293226
-0.0298;-0.03118101
-0.0291;-0.02969196
-0.0267;-0.02854534
-0.0255;-0.02696996
-0.0202;-0.02551506
-0.0186;-0.0225853
-0.0182;-0.02001354
-0.0199;-0.01827927
-0.0191;-0.01797361
-0.0174;-0.0176772
-0.0165;-0.01691008
-0.0146;-0.01606825
-0.0115;-0.01480692
-0.0118;-0.01278843
-0.0125;-0.01157072
-0.0113;-0.01115876
-0.0105;-0.01055757
-0.0119;-0.00989956
-0.0061;-0.01004197
-0.0064;-0.00798198
-0.004;-0.00661999
-0.0044;-0.00487074
-0.0029;-0.00391663
0.0029;-0.00283382
0.0032;5.7075973e-05
0.0004;0.00213932
0.0019;0.00229782
0.0011;0.00274147
0.0007;0.0026561
0.0007;0.00236812
-0.0018;0.00213855
-0.0026;0.00101762
-0.0026;-8.565026e-05
-0.003;-0.00079444
-0.0045;-0.00134902
-0.0034;-0.00223919
-0.0056;-0.00238572
-0.0082;-0.00324808
-0.0072;-0.00483569
-0.0045;-0.00551847
-0.0041;-0.00481882
-0.0052;-0.004053
-0.0061;-0.00394081
-0.0103;-0.00426995
-0.0139;-0.00616032
-0.0167;-0.00890749
-0.0174;-0.01183236
-0.0165;-0.01396442
-0.0174;-0.0148519
-0.0193;-0.01557503
-0.0174;-0.01667396
-0.0166;-0.0166235
-0.0181;-0.01615082
-0.0157;-0.01634671
-0.0124;-0.01558061
-0.0097;-0.01373708
-0.0095;-0.01140928
-0.0094;-0.00980174
-0.0128;-0.00882782
-0.0096;-0.00963627
-0.0093;-0.0091289
-0.0083;-0.00863213
-0.0094;-0.00792405
-0.0091;-0.00788868
-0.0073;-0.00782059
-0.009;-0.00710303
-0.0083;-0.00725548
-0.0063;-0.00715737
-0.0044;-0.00632177
-0.0049;-0.00499219
-0.0092;-0.00428973
-0.0085;-0.00556843
-0.0083;-0.00632169
-0.0081;-0.00672477
-0.0082;-0.00686252
-0.01;-0.00694561
-0.0113;-0.00767294
-0.012;-0.00868689
-0.0109;-0.00963102
-0.0111;-0.00979173
-0.013;-0.00987969
-0.0143;-0.01063005
-0.0136;-0.01165297
-0.0105;-0.01205713
-0.0082;-0.01104965
-0.0082;-0.00936348
-0.0067;-0.00819468
-0.0017;-0.00691274
0.0002;-0.00418578
0.0044;-0.00161622
0.0116;0.0016135
0.0138;0.00645747
0.0177;0.01047842
0.0226;0.01441403
0.0233;0.01869013
0.0257;0.02159788
0.0295;0.02414563
0.0351;0.02707106
0.0372;0.03102578
0.0421;0.03436396
0.0586;0.0382564
0.0637;0.04706218
0.0679;0.05498752
0.0799;0.06153433
0.0785;0.07004116
0.0816;0.07486653
0.0857;0.07863407
0.0916;0.08226263
0.0993;0.08664525
0.1046;0.09233575
0.1101;0.09801181
0.1154;0.10364495
0.1156;0.10913594
0.117;0.11254063
0.1108;0.11490279
0.1133;0.1137279
0.112;0.11348616
0.1112;0.11276795
0.1149;0.11193068
0.1167;0.11280097
0.1162;0.11420485
0.1168;0.11498611
0.1122;0.1156627
0.1101;0.11427243
0.106;0.11236346
0.1003;0.10946721
0.097;0.10532789
0.096;0.10132279
0.1002;0.0984379
0.0975;0.0984137
0.0992;0.0977243
0.1002;0.0980128
0.0989;0.09871367
0.0938;0.09873744
0.0914;0.0967374
0.0909;0.09434333
0.0894;0.09256268
0.0875;0.09092335
0.0864;0.08921274
0.0884;0.08774447
0.0876;0.08765306
0.085;0.08745985
0.0813;0.08638435
0.0809;0.08421407
0.0804;0.08258354
0.0786;0.08140832
0.074;0.08005213
0.0727;0.07744426
0.0717;0.07520708
0.0734;0.07345246
0.0714;0.07309581
0.0674;0.07228728
0.064;0.07025816
0.0665;0.06757148
0.0604;0.06678193
0.0611;0.06412219
0.0593;0.06261537
0.0645;0.06108504
0.0694;0.06219077
0.0759;0.0650794
0.0739;0.06967349
0.0754;0.07201116
0.0794;0.07386481
0.0704;0.07644043
0.0705;0.07457636
0.0719;0.07297581
0.0709;0.07240069
0.0761;0.07172775
0.078;0.07333495
0.078;0.07531555
0.0838;0.07665555
0.0818;0.07968982
0.0801;0.08095574
0.0777;0.08092806
0.0733;0.07978505
0.0712;0.07718708
0.0698;0.07455053
0.0668;0.07231165
0.0652;0.06979762
0.0627;0.06761545
0.0635;0.06534626
0.0617;0.06427272
0.0619;0.06306325
0.063;0.06243753
0.0586;0.06256507
0.0608;0.06105955
0.0543;0.06084633
0.0482;0.05830605
0.0425;0.05416274
0.0388;0.04916841
0.0349;0.04450423
0.031;0.04012577
0.0245;0.03597166
0.028;0.03096123
0.0218;0.02917625
0.0098;0.02604251
0.0065;0.01945761
0.0069;0.01376298
0.0097;0.0104203
0.0141;0.00973178
0.0158;0.01141544
0.0212;0.01351772
0.0231;0.01708714
0.026;0.02024612
0.0238;0.02333663
0.0297;0.02438152
0.0266;0.02706894
0.0308;0.02762065
0.0366;0.02936708
0.0371;0.03274015
0.0347;0.03519616
0.0346;0.03572462
0.0335;0.03576972
0.0305;0.03523312
0.0308;0.03362649
0.0323;0.03259403
0.0291;0.03255089
0.0247;0.03140024
0.0218;0.02890473
0.0181;0.02607526
0.0144;0.02281788
0.0118;0.0193163
0.0087;0.01611893
0.0067;0.0129877
0.0041;0.01032027
0.0014;0.00775066
0.001;0.00517602
-0.0052;0.00346774
-0.0045;0.00013982
-0.0045;-0.00176519
-0.0074;-0.00280514
-0.0091;-0.00441639
-0.0095;-0.00606979
-0.0158;-0.00723679
-0.0156;-0.01032517
-0.0155;-0.01233116
-0.0162;-0.01345323
-0.0177;-0.01428341
-0.015;-0.01529134
-0.021;-0.01485263
-0.0222;-0.01672994
-0.0239;-0.01854612
-0.0235;-0.02036883
-0.0268;-0.02134504
-0.0277;-0.02312347
-0.027;-0.02461675
-0.029;-0.02524114
-0.0245;-0.02628716
-0.0228;-0.02519613
-0.0212;-0.02362606
-0.0185;-0.02190988
-0.0162;-0.01975201
-0.015;-0.01747014
-0.0125;-0.01557336
-0.0094;-0.01348052
-0.009;-0.01099372
-0.0059;-0.00927513
-0.0062;-0.0071041
-0.0024;-0.00587144
-0.0016;-0.00375435
-0.0029;-0.00208918
-0.0041;-0.00161141
-0.0048;-0.00193634
-0.0051;-0.00255213
-0.0074;-0.00313044
-0.0121;-0.00440111
-0.0116;-0.00708622
-0.0133;-0.00872707
-0.0195;-0.01033063
-0.0207;-0.01368474
-0.0218;-0.01638929
-0.0199;-0.01845143
-0.02;-0.01889513
-0.0194;-0.01898787
-0.0176;-0.01869602
-0.0199;-0.01773345
-0.0145;-0.01792379
-0.0153;-0.01604485
-0.0151;-0.01499627
-0.0168;-0.01430479
-0.0217;-0.01458841
-0.0286;-0.01678493
-0.0276;-0.02105767
-0.0267;-0.02360773
-0.0288;-0.02472825
-0.0308;-0.02603222
-0.0304;-0.02755745
-0.032;-0.02834043
-0.0333;-0.02934913
-0.0354;-0.03046093
-0.034;-0.03195724
-0.035;-0.03237251
-0.0353;-0.03289929
-0.035;-0.03331022
-0.0354;-0.03341993
-0.0354;-0.03359596
-0.0394;-0.033694
-0.0394;-0.03528611
-0.0359;-0.03642432
-0.0365;-0.03576728
-0.0369;-0.03539159
-0.039;-0.03528073
-0.0397;-0.03604103
-0.0376;-0.03687989
-0.036;-0.03662274
-0.0343;-0.0357351
-0.0325;-0.03442659
-0.0303;-0.03284637
-0.0281;-0.03097056
-0.0285;-0.02892031
-0.0257;-0.02778565
-0.0254;-0.02610472
-0.0246;-0.02493249
-0.0235;-0.02395964
-0.0234;-0.0229835
-0.0189;-0.02236606
-0.017;-0.0202995
-0.0171;-0.01815563
-0.0166;-0.01683106
-0.016;-0.01590732
-0.0154;-0.0151854
-0.0137;-0.01456354
-0.0081;-0.01355842
-0.0065;-0.01074895
-0.0053;-0.00819985
-0.0012;-0.00614105
0.0017;-0.0033434
0.0012;-0.00044567
0.0032;0.00116031
0.0028;0.00277164
0.0036;0.00355015
0.005;0.00421664
0.0045;0.00510801
0.0036;0.0054609
0.0027;0.00526266
0.0038;0.00470527
0.0055;0.00471698
0.0044;0.00542047
0.0045;0.00551521
0.0047;0.00557071
0.0037;0.00566408
0.0043;0.00533235
0.0059;0.00531163
0.0063;0.00593667
0.0061;0.00655309
0.0061;0.00687737
0.004;0.00705039
0.0026;0.00631825
0.0037;0.00521646
0.0007;0.00488845
0.0009;0.00358953
-0.0022;0.00278131
-0.0016;0.00111588
-0.0036;0.00024135
-0.0049;-0.00100304
-0.0047;-0.00228641
-0.0047;-0.0030019
-0.0038;-0.00337428
-0.0028;-0.00319073
-0.0024;-0.00260455
0.0003;-0.0020142
0.0026;-0.00058119
0.007;0.00129158
0.0101;0.00422394
0.0148;0.00736478
0.015;0.01117409
0.0153;0.01367776
0.0171;0.0152027
0.0203;0.01667445
0.0194;0.018748
0.0235;0.01970818
0.024;0.02176026
0.0232;0.02328841
0.0229;0.02387363
0.0221;0.02398997
0.0214;0.02365253
0.0192;0.02308656
0.0187;0.02183061
0.0175;0.02076825
0.0158;0.01964221
0.015;0.01828415
0.0157;0.01711449
0.0127;0.0166833
0.0151;0.01535023
0.0178;0.01539207
0.0189;0.01659914
0.0214;0.01794291
0.0239;0.01980851
0.0254;0.02200328
0.0297;0.02399215
0.0332;0.02686911
0.0334;0.03008108
0.0333;0.03218947
0.034;0.03333144
0.0339;0.03414959
0.0267;0.0345187
0.0255;0.03187111
0.023;0.02940851
0.0184;0.02682908
0.0142;0.02342076
0.0098;0.01959985
0.006;0.01548002
0.0004;0.01143418
-0.0014;0.00679023
-0.0057;0.00319156
-0.0068;-0.00056377
-0.0078;-0.00325916
-0.0097;-0.00515366
-0.0104;-0.00689911
-0.0136;-0.00816161
-0.0127;-0.01008123
-0.0133;-0.01094473
-0.0163;-0.01158871
-0.0164;-0.0130738
-0.0159;-0.01408887
-0.0178;-0.01447973
-0.0161;-0.01536646
-0.0173;-0.01527638
-0.0164;-0.01557809
-0.0143;-0.01542206
-0.015;-0.01446207
-0.0145;-0.01403502
-0.0154;-0.01360433
-0.0163;-0.01369526
-0.0165;-0.01416069
-0.0117;-0.01458603
-0.0102;-0.013007
-0.0102;-0.01123843
-0.0109;-0.0100635
-0.0089;-0.00965289
-0.0043;-0.00872844
-0.0073;-0.00635994
-0.0048;-0.00590161
-0.0011;-0.00482041
-0.0026;-0.00271293
-0.0006;-0.00188561
0.0002;-0.00071742
0.0;0.00030647
-0.0011;0.00083495
-0.0006;0.00066598
0.005;0.0006513
0.0053;0.00278849
0.0064;0.0044483
0.0105;0.00590883
0.0109;0.00837052
0.0109;0.01013733
0.0139;0.01116974
0.0146;0.01285855
0.0163;0.01419937
0.0181;0.01564427
0.0139;0.01722116
0.0171;0.01657067
0.018;0.0171549
0.0191;0.01791466
0.017;0.01883801
0.013;0.01861726
0.0144;0.01681102
0.0131;0.01602453
0.0111;0.01508293
0.0119;0.01372783
0.0164;0.0131597
0.0117;0.01462798
0.01;0.01396707
0.0098;0.01274817
0.0092;0.01181335
0.0075;0.01100642
0.0073;0.00986956
0.0094;0.00906507
0.013;0.00941467
0.0135;0.0111642
0.0181;0.01263633
0.023;0.0153542
0.0277;0.01906837
0.0327;0.02332242
0.0395;0.02797197
0.0555;0.03352527
0.0635;0.0432367
0.067;0.05278074
0.0727;0.06010928
0.0759;0.06657824
0.0827;0.07158838
0.0832;0.0770388
0.084;0.08051584
0.0858;0.08269031
0.086;0.0844648
0.0841;0.0854826
0.0809;0.08522098
0.0819;0.0836155
0.0816;0.08278955
0.0813;0.08217454
0.0798;0.08170325
0.0777;0.08085573
0.0747;0.07948823
0.0719;0.07742009
0.0688;0.07496926
0.0715;0.07219476
0.0734;0.07148238
0.0755;0.07200105
0.0752;0.07334722
0.074;0.07422516
0.075;0.07430474
0.0731;0.07465462
0.0757;0.07413739
0.0779;0.07472885
0.0771;0.07603624
0.0786;0.07663811
0.0783;0.07754233
0.0738;0.07799916
0.0719;0.07649112
0.0683;0.0745922
0.0645;0.07191257
0.0596;0.06867117
0.0557;0.06468501
0.0477;0.060619
0.0453;0.05499257
0.0405;0.05043454
0.0363;0.04585784
0.0299;0.04146199
0.0244;0.03633828
0.0198;0.03101865
0.0217;0.02595665
0.0197;0.023627
0.02;0.02176398
0.0171;0.02091568
0.0149;0.01946202
0.0146;0.01772544
0.0174;0.01652606
0.0206;0.0169374
0.022;0.01863689
0.0219;0.02043864
0.0248;0.02159007
0.0278;0.02337361
0.0306;0.02568435
0.0317;0.02825904
0.0372;0.03031271
0.0409;0.03365134
0.0391;0.03725303
0.0413;0.03882588
0.0412;0.0404233
0.0378;0.0412881
0.0357;0.04038621
0.0343;0.03877576
0.0307;0.03708202
0.0307;0.03458454
0.0392;0.03293965
0.0431;0.03528016
0.0498;0.03869633
0.0507;0.04365855
0.0487;0.04731401
0.0513;0.04871648
0.0528;0.05030189
0.0563;0.05177696
0.0581;0.05398871
0.057;0.05610062
0.057;0.05696936
0.0559;0.05735403
0.0558;0.05705524
0.0562;0.05671474
0.0547;0.0566129
0.0524;0.05597804
0.0505;0.05463909
0.0473;0.05298362
0.0432;0.05066332
0.0422;0.04755942
0.0398;0.04515355
0.0369;0.04279646
0.0359;0.04025585
0.038;0.03830657
0.0384;0.0379972
0.0376;0.03817922
0.0401;0.03811397
0.0406;0.03906241
0.0408;0.03996373
0.0422;0.04063163
0.0484;0.04156998
0.0484;0.04457042
0.048;0.04664992
0.0484;0.04774001
0.047;0.04843831
0.0451;0.04823562
0.0428;0.04724047
0.0406;0.04560294
0.0388;0.04362798
0.0393;0.0416429
0.0387;0.04059374
0.0391;0.03981846
0.0414;0.03956458
0.042;0.04038347
0.0437;0.04127016
0.0435;0.04253111
0.049;0.04329021
0.0491;0.04584743
0.0517;0.0476445
0.0536;0.04972459
0.0518;0.0517548
0.0517;0.05229865
0.0489;0.05241832
0.0435;0.05129859
0.0393;0.04834224
0.0342;0.0446359
0.027;0.04021866
0.022;0.03459186
0.0194;0.02903422
0.0148;0.02458245
0.0095;0.0201987
0.0142;0.01552363
0.0151;0.01447788
0.0157;0.01461246
0.0168;0.01521202
0.0195;0.01616256
0.0153;0.01789007
0.0144;0.01745104
0.0134;0.01663266
0.0162;0.01563869
0.0193;0.01605852
0.0188;0.01765745
0.0175;0.0186232
0.018;0.01869842
0.0121;0.01883278
0.0109;0.01660507
0.0101;0.01449793
0.0071;0.01282153
0.0044;0.01065872
0.0102;0.00824434
0.0102;0.00896898
0.0116;0.00976096
0.0094;0.01091146
0.0108;0.01085095
0.0089;0.0112486
0.0078;0.01077659
0.0059;0.00996938
0.0076;0.00867226
0.0099;0.00845757
0.0101;0.0093138
0.0112;0.01006937
0.0122;0.01099692
0.0119;0.01198516
0.0143;0.01249203
0.0144;0.01368087
0.0146;0.01450747
0.0128;0.01506685
0.0125;0.01467291
0.0123;0.01419193
0.0129;0.01376806
0.0114;0.01372823
0.0091;0.01316222
0.0079;0.01187841
0.0087;0.01053181
0.0087;0.00997922
0.0071;0.00972016
0.0056;0.00900342
0.005;0.00795452
0.0039;0.00703549
0.0018;0.00605001
-0.0026;0.00463003
-0.005;0.00201096
-0.007;-0.00066943
-0.0102;-0.00313518
-0.0114;-0.00587027
-0.0077;-0.00803037
-0.0069;-0.00785751
-0.0067;-0.00714948
-0.0078;-0.00647687
-0.0063;-0.0064358
-0.0043;-0.00588015
-0.0027;-0.00472141
0.0013;-0.00330945
0.0041;-0.00084242
0.0048;0.0018879
0.0075;0.00390212
0.0085;0.00611821
0.0103;0.0078605
0.0088;0.0095632
0.0088;0.00999535
0.0083;0.01009932
0.0085;0.00987465
0.0087;0.00974094
0.0076;0.0097188
0.009;0.00928381
0.0084;0.00951151
0.007;0.00947805
0.0068;0.0089049
0.0023;0.00841175
0.0006;0.00635793
-0.002;0.00426218
-0.0016;0.00191187
-0.005;0.00058021
-0.0113;-0.00144621
-0.0135;-0.00516428
-0.0144;-0.00849127
-0.0163;-0.01089001
-0.0199;-0.01298599
-0.0204;-0.01558459
-0.0202;-0.01739282
-0.0196;-0.01833168
-0.0199;-0.01853855
-0.0184;-0.01864662
-0.0156;-0.01807147
-0.0105;-0.01653373
-0.0087;-0.01347396
-0.0039;-0.0106825
0.0002;-0.00707607
0.006;-0.00317813
0.0075;0.00151385
0.0063;0.0050704
0.0094;0.00667947
0.0159;0.00859921
0.0199;0.01222821
0.026;0.01616076
0.0276;0.02100515
0.0282;0.02470932
0.0299;0.02710817
0.0261;0.02904308
0.0224;0.02863153
0.0217;0.02662928
0.0204;0.02483913
0.0168;0.02316169
0.0102;0.02072455
0.0084;0.01658637
0.0034;0.01313452
0.0021;0.00909772
-0.0023;0.00606511
-0.0093;0.00261015
-0.0174;-0.0022175
-0.0229;-0.00845199
-0.0232;-0.01459115
-0.0262;-0.01850629
-0.0317;-0.02181027
-0.0299;-0.02579391
-0.0286;-0.02754527
-0.0288;-0.02784827
-0.0311;-0.02784732
-0.0353;-0.0286041
-0.0378;-0.03072433
-0.0368;-0.03314644
-0.0382;-0.03432189
-0.0382;-0.03546186
-0.0349;-0.03611239
-0.0347;-0.03515876
-0.0361;-0.03428593
-0.0354;-0.03423009
-0.0358;-0.0339946
-0.0362;-0.03400515
-0.0373;-0.03419404
-0.0377;-0.03476423
-0.0405;-0.03532091
-0.0393;-0.03675959
-0.0372;-0.03728146
-0.034;-0.03671773
-0.0326;-0.03498834
-0.0299;-0.03320716
-0.0275;-0.03100754
-0.0237;-0.02866423
-0.0207;-0.02572365
-0.0172;-0.02268708
-0.0131;-0.01944415
-0.0105;-0.01584613
-0.005;-0.01259621
-0.0038;-0.00851409
-0.005;-0.00547668
-0.0044;-0.00418645
-0.0032;-0.00340709
-0.0022;-0.00261239
-0.0019;-0.00179473
-0.0014;-0.00120192
0.0;-0.00068545
0.0016;0.00014558
0.0019;0.00129615
0.0039;0.00215682
0.0048;0.00343425
0.0051;0.00460163
0.0107;0.00542873
0.0134;0.00805808
0.0114;0.01089993
0.0116;0.01194677
0.011;0.01248312
0.0105;0.01245827
0.0111;0.01214113
0.0132;0.0121057
0.0114;0.01290058
0.012;0.01278402
0.0138;0.01286929
0.0171;0.01361549
0.0158;0.01542193
0.0183;0.01616815
0.0206;0.01751646
0.0255;0.0192745
0.0294;0.02230404
0.0315;0.02582776
0.0328;0.02890159
0.0358;0.03126423
0.0372;0.03377736
0.0371;0.03583689
0.0382;0.03699239
0.0402;0.03799285
0.0417;0.03931083
0.0451;0.0407047
0.043;0.04287791
0.042;0.04348059
0.0441;0.04330638
0.0516;0.04386891
0.052;0.04714781
0.0577;0.04962538
0.0624;0.05335516
0.0663;0.05759958
0.0698;0.06180709
0.0735;0.06575949
0.0774;0.06958147
0.0805;0.07339683
0.0817;0.07691002
0.0845;0.07947227
0.0861;0.08198778
0.0871;0.08408602
0.0883;0.08567914
0.0892;0.08702583
0.0885;0.08813118
0.0868;0.08847936
0.0853;0.08792257
0.0839;0.08685583
0.0802;0.08555083
0.0765;0.0832536
0.0746;0.08027902
0.074;0.07760131
0.0707;0.07572573
0.0715;0.07339379
0.0665;0.07225883
0.0648;0.06976647
0.0681;0.06747884
0.0688;0.06735131
0.0689;0.06779462
0.0703;0.06825666
0.0705;0.06913862
0.0757;0.06982689
0.0787;0.07226408
0.0834;0.07511866
0.0883;0.07879778
0.0904;0.08307593
0.0937;0.08661483
0.096;0.0900042
0.0978;0.09292781
0.099;0.09533896
0.1026;0.09718708
0.1046;0.09960811
0.1068;0.10188647
0.1102;0.10411493
0.1121;0.10677613
0.1145;0.10917643
0.1168;0.11154968
0.1149;0.11387472
0.1148;0.11454386
0.117;0.11471285
0.1238;0.1155384
0.1231;0.11870226
0.1254;0.1206375
0.126;0.12265627
0.1245;0.12411234
0.1279;0.12435007
0.1259;0.12564422
0.1261;0.12572254
0.1248;0.1257238
0.1226;0.12516816
0.1178;0.12389192
0.1162;0.1211402
0.111;0.11862981
0.1077;0.11503999
0.1041;0.11142968
0.1043;0.10778284
0.0974;0.10561394
0.0912;0.10178631
0.0854;0.09691795
0.0786;0.09154288
0.0705;0.08552338
0.0677;0.07860883
0.0662;0.07317048
0.0627;0.06940217
0.0601;0.06599161
0.0533;0.06303589
0.0496;0.05870906
0.0496;0.0545247
0.05;0.05195946
0.0482;0.0507393
0.0475;0.04952445
0.0532;0.04859639
0.0566;0.05030478
0.0588;0.05299809
0.0579;0.05572414
0.0595;0.05712645
0.0593;0.05848163
0.0553;0.05918767
0.0563;0.05797958
0.0569;0.05737494
0.0645;0.05722018
0.0768;0.06010833
0.0821;0.06699494
0.0861;0.07383299
0.0902;0.07974601
0.098;0.08490243
0.0915;0.09096809
0.096;0.0922199
0.1036;0.09418327
0.1095;0.09821691
0.1179;0.10315469
0.1193;0.10957997
0.1226;0.11426321
0.1226;0.11826651
0.1154;0.12058215
0.1134;0.11896194
0.1158;0.11665215
0.1095;0.1158988
0.1061;0.11307774
0.1029;0.10981797
0.0871;0.10646132
0.0781;0.09824108
0.0695;0.08915854
0.0587;0.07999442
0.0521;0.07011509
0.0344;0.06141545
0.027;0.04936505
0.0239;0.03880492
0.0218;0.03123191
0.019;0.02617867
0.0162;0.02244529
0.0159;0.01939997
0.0181;0.01763017
0.0185;0.01763486
0.0212;0.01809091
0.0218;0.0195779
0.0206;0.02090262
0.023;0.02129779
0.0274;0.02238259
0.0305;0.02480136
0.031;0.02764948
0.0306;0.02968804
0.0273;0.03071961
0.0242;0.02993634
0.0223;0.02800159
0.014;0.02586345
0.012;0.02124634
0.0092;0.01733053
0.0088;0.01382955
0.0153;0.01157494
0.0139;0.01287025
0.0168;0.01358616
0.021;0.01523829
0.0227;0.01801878
0.024;0.02055814
0.0289;0.02264786
0.0309;0.02578138
0.0316;0.02857565
0.0343;0.03054621
0.0402;0.03269402
0.0477;0.03627153
0.0511;0.04151212
0.0543;0.04626545
0.0568;0.05042452
0.058;0.05386526
0.0561;0.0563199
0.0543;0.05692543
0.0504;0.05632451
0.0494;0.05420987
0.037;0.05226924
0.0342;0.04621308
0.0292;0.04092703
0.0234;0.03568491
0.0218;0.03021671
0.0051;0.02622663
0.0025;0.017498
-0.002;0.01067808
-0.0047;0.00484421
-0.0047;0.00038184
-0.0042;-0.00212696
0.0027;-0.00315641
0.0051;-0.00083107
0.0058;0.00201182
0.0085;0.00425328
0.0124;0.00668527
0.0128;0.00971379
0.0126;0.01180025
0.0145;0.01291498
0.0152;0.01418973
0.0131;0.01520709
0.0122;0.01497096
0.0117;0.01431506
0.0117;0.01361505
0.0114;0.01314358
0.0107;0.01274846
0.0075;0.01224647
0.0043;0.01069291
0.0006;0.0083827
-0.0038;0.00541377
-0.0022;0.00178188
-0.0025;6.82429e-05
-0.0036;-0.00090926
-0.0048;-0.00178334
-0.0071;-0.00271526
-0.0079;-0.00415298
-0.0063;-0.00538684
0.0002;-0.00550953
0.0032;-0.00293609
0.0071;0.00015341
0.0104;0.0037287
0.0122;0.00730756
0.0159;0.01023052
0.0179;0.01338394
0.0185;0.0160861
0.0219;0.01791209
0.0237;0.02021727
0.026;0.02232899
0.0248;0.02448176
0.022;0.02532233
0.016;0.02459255
0.0159;0.02158744
0.0123;0.01936737
0.0079;0.01659052
0.0041;0.01311485
-0.002;0.00941554
-0.0142;0.00473767
-0.0167;-0.00296572
-0.0215;-0.00902368
-0.0234;-0.01451106
-0.024;-0.01850383
-0.0278;-0.02096254
-0.0291;-0.02367562
-0.0321;-0.02576734
-0.0341;-0.0280979
-0.0395;-0.03027622
-0.0397;-0.03366087
-0.0385;-0.03592544
-0.0345;-0.03674801
-0.0339;-0.03550111
-0.029;-0.03419671
-0.0279;-0.03139072
-0.027;-0.02903486
-0.0275;-0.02722519
-0.0256;-0.02636644
-0.02;-0.02523475
-0.0194;-0.02239123
-0.0189;-0.02023383
-0.019;-0.0187437
-0.0188;-0.0179583
-0.0172;-0.01751413
-0.0135;-0.01670483
-0.0136;-0.0147689
-0.009;-0.01349614
-0.0084;-0.0109771
-0.009;-0.00907731
-0.0075;-0.00818082
-0.0066;-0.00718144
-0.0048;-0.00625664
-0.0046;-0.00501971
-0.003;-0.0041627
0.0001;-0.00305971
-0.0018;-0.00117452
-0.0053;-0.00066665
-0.0087;-0.00184112
-0.0131;-0.00411174
-0.0167;-0.00740717
-0.0202;-0.01100104
-0.0201;-0.01464779
-0.0222;-0.01687547
-0.0275;-0.01889558
-0.0297;-0.02210061
-0.0328;-0.0250133
-0.0323;-0.02798464
-0.0337;-0.02960553
-0.0353;-0.03097514
-0.0347;-0.03234227
-0.0313;-0.03290932
-0.0321;-0.03183116
-0.0307;-0.03125132
-0.0295;-0.03033308
-0.0276;-0.02925734
-0.0276;-0.02782863
-0.0211;-0.02690225
-0.0224;-0.02386346
-0.0168;-0.02228102
-0.0122;-0.01924364
-0.0116;-0.01547435
-0.0085;-0.01281513
-0.0077;-0.01008212
-0.0069;-0.00812833
-0.0041;-0.00672921
-0.0017;-0.00489567
0.0017;-0.00283826
0.0047;-0.00024426
0.0065;0.00256418
0.0113;0.00501658
0.0138;0.00833913
0.0178;0.01142056
0.0184;0.01484478
0.0228;0.01720097
0.023;0.02022419
0.0218;0.02218002
0.0227;0.02279096
0.0232;0.02331184
0.0178;0.02374035
0.0188;0.02186851
0.0179;0.02082707
0.02;0.01984089
0.0103;0.02005238
0.0084;0.016567
0.005;0.01332298
0.001;0.0099314
-0.0012;0.00626443
-0.0032;0.00312789
0.0013;0.00048812
-0.0027;0.00069367
-0.0034;-0.0003682
-0.0005;-0.00130871
-0.0036;-0.00074667
-0.0038;-0.00141881
-0.0066;-0.00198451
-0.0081;-0.00342185
-0.0081;-0.00498097
-0.0058;-0.00597877
-0.0062;-0.00564818
-0.0063;-0.00543001
-0.0049;-0.00529006
-0.0032;-0.00465427
0.0003;-0.00354643
0.0028;-0.00144042
0.0048;0.00095327
0.0063;0.00326826
0.0098;0.00527925
0.0182;0.0078305
0.021;0.01268737
0.0225;0.01701481
0.026;0.02026445
0.0249;0.02348447
0.0292;0.02497759
0.0299;0.02733097
0.0318;0.02905742
0.0332;0.03077226
0.0353;0.03232856
0.0397;0.03405619
0.0433;0.03681621
0.0454;0.04000954
0.0483;0.04285577
0.0495;0.04570014
0.0491;0.04789233
0.0514;0.04899333
0.0519;0.05039722
0.0503;0.05142475
0.0507;0.05137585
0.0509;0.05135266
0.0498;0.05136546
0.0471;0.05093085
0.0451;0.04956062
0.0401;0.04782036
0.0404;0.0447364
0.0379;0.04278417
0.0381;0.04069408
0.0375;0.03950209
0.036;0.03865053
0.0363;0.03762864
0.0398;0.03713112
0.0417;0.03824922
0.0436;0.03987918
0.0435;0.04174183
0.0447;0.04291454
0.0471;0.04404202
0.0473;0.04563703
0.0434;0.04673376
0.0416;0.04585012
0.0399;0.04436922
0.0367;0.04265497
0.0347;0.04028942
0.0345;0.0379667
0.0292;0.03644025
0.0247;0.03353989
0.0245;0.02989852
0.0237;0.02747254
0.0235;0.02578339
0.0249;0.02479614
0.027;0.02486084
0.0281;0.0258813
0.0278;0.0271015
0.0293;0.02781546
0.0274;0.02880557
0.0286;0.0287009
0.0306;0.02898392
0.0273;0.0299362
0.0281;0.02931875
0.0268;0.02909472
0.027;0.02844841
0.025;0.02807859
0.0257;0.0270929
0.0269;0.02669469
0.023;0.02696148
0.0252;0.02570775
0.0275;0.02564904
0.0268;0.0265946
0.0278;0.0270474
0.0332;0.02770332
0.0379;0.03021541
0.0341;0.03378967
0.0328;0.03469776
0.0326;0.03450703
0.0301;0.03410631
0.029;0.03279822
0.0309;0.03143299
0.0312;0.03127769
0.031;0.03141712
0.0328;0.03149679
0.0352;0.03225951
0.0359;0.03373963
0.0384;0.03502623
0.0423;0.03679461
0.0439;0.03944464
0.0471;0.04180329
0.0513;0.04448714
0.0551;0.04778906
0.0576;0.05135693
0.0687;0.05455718
0.0713;0.06077897
0.0719;0.06591944
0.0716;0.06927122
0.0712;0.07098477
0.0736;0.07160854
0.0815;0.07269453
0.0837;0.07638437
0.0856;0.07977036
0.0854;0.08262528
0.091;0.08424388
0.0905;0.08723758
0.087;0.08897187
0.0863;0.08855769
0.0853;0.0877418
0.0826;0.08670765
0.0781;0.08495013
0.0764;0.0820202
0.0747;0.07939658
0.0699;0.07711163
0.0676;0.07388902
0.0651;0.07093424
0.0581;0.06816433
0.0535;0.06378977
0.0507;0.05916626
0.0482;0.05517884
0.0464;0.05182776
0.0464;0.04918063
0.0426;0.04768383
0.0415;0.04548013
0.0392;0.04369517
0.0364;0.04176749
0.0374;0.0395144
0.0374;0.03849595
0.0394;0.03801178
0.0404;0.03860128
0.0406;0.03951382
0.0416;0.04024511
0.0425;0.04109377
0.0434;0.04198161
0.0438;0.04288476
0.0415;0.04359726
0.0448;0.04312213
0.0464;0.04396404
0.0484;0.04519991
0.0533;0.04680559
0.0596;0.04974943
0.0618;0.05416106
0.0669;0.05793316
0.071;0.06221081
0.0681;0.06646696
0.0667;0.06795606
0.0677;0.06800344
0.0685;0.06814083
0.0688;0.06844376
0.0707;0.06872547
0.0676;0.06961779
0.0732;0.06902459
0.0691;0.07067563
0.0721;0.07030374
0.071;0.07107031
0.069;0.07118861
0.0692;0.07043544
0.069;0.06993455
0.0691;0.06954004
0.0676;0.06934486
0.0603;0.06866999
0.0609;0.06538621
0.0566;0.06329697
0.0529;0.060391
0.0467;0.05710086
0.0458;0.05262268
0.0418;0.04938168
0.0354;0.04594887
0.0311;0.04138957
0.0219;0.03682241
0.0173;0.03044161
0.0073;0.02455212
0.0063;0.01708229
0.0097;0.01195642
0.0014;0.01036124
-0.0025;0.00666699
-0.004;0.00283458
-0.0055;-0.00010947
-0.0085;-0.0023818
-0.0147;-0.00480792
-0.0162;-0.00865502
-0.0175;-0.01172871
-0.0179;-0.01405884
-0.0172;-0.0155285
-0.0204;-0.01601404
-0.022;-0.01738069
-0.0229;-0.01887332
-0.0223;-0.02015348
-0.0191;-0.02068096
-0.0215;-0.01966819
-0.0221;-0.01976473
-0.0181;-0.02010999
-0.0148;-0.0188169
-0.0179;-0.01657496
-0.0174;-0.01623691
-0.0226;-0.01600012
-0.0225;-0.01793027
-0.0228;-0.01934253
-0.0215;-0.02035237
-0.0282;-0.02043314
-0.0282;-0.02295552
-0.0325;-0.02473765
-0.0366;-0.02747989
-0.0402;-0.03084651
-0.0411;-0.03439861
-0.0414;-0.03696873
-0.0432;-0.03855525
-0.0426;-0.0400698
-0.0433;-0.04069939
-0.0454;-0.04122502
-0.0457;-0.04229738
-0.0491;-0.04310571
-0.0458;-0.04489079
-0.0443;-0.04480724
-0.0474;-0.04399175
-0.0526;-0.04454554
-0.0543;-0.04700005
-0.0562;-0.04940632
-0.0607;-0.05168502
-0.0642;-0.05482544
-0.0644;-0.05819671
-0.0642;-0.06038936
-0.0617;-0.06153055
-0.0606;-0.06109678
-0.0625;-0.06016599
-0.0617;-0.06018981
-0.0608;-0.05995245
-0.0576;-0.05944377
-0.0532;-0.05785807
-0.0504;-0.05505167
-0.0489;-0.05206992
-0.0453;-0.04958821
-0.0504;-0.04671238
-0.0495;-0.0468947
-0.0401;-0.04700293
-0.0454;-0.04354362
-0.0454;-0.04311158
-0.0446;-0.04308094
-0.0421;-0.04287683
-0.0403;-0.04181039
-0.0415;-0.04037609
-0.0395;-0.03989612
-0.0385;-0.03891906
-0.0365;-0.0379091
-0.0342;-0.03650903
-0.0329;-0.03471863
-0.0315;-0.03306463
-0.0326;-0.03151196
-0.0339;-0.03100237
-0.0312;-0.03132084
-0.0282;-0.0306114
-0.028;-0.02894953
-0.0305;-0.02772891
-0.0327;-0.02796084
-0.0337;-0.02912476
-0.0323;-0.03038729
-0.0329;-0.03068527
-0.0336;-0.03101307
-0.0311;-0.03146033
-0.0319;-0.03077243
-0.0317;-0.0305318
-0.0313;-0.03031572
-0.0319;-0.03003316
-0.0317;-0.03008571
-0.0298;-0.03007676
-0.0289;-0.02934167
-0.0285;-0.02846334
-0.0275;-0.02772959
-0.0295;-0.02689748
-0.0296;-0.02715234
-0.0333;-0.02746923
-0.0343;-0.02914144
-0.0327;-0.03072279
-0.0315;-0.03111757
-0.0306;-0.03077511
-0.0303;-0.03009403
-0.0316;-0.0294808
-0.0318;-0.02958789
-0.0302;-0.02980498
-0.0307;-0.02935528
-0.0274;-0.02920949
-0.028;-0.02785908
-0.0255;-0.02713239
-0.021;-0.02575035
-0.0197;-0.02310007
-0.0135;-0.02081218
-0.0086;-0.01700575
-0.0095;-0.01260864
-0.01;-0.01014799
-0.0102;-0.00902404
-0.0151;-0.0086337
-0.015;-0.01045303
-0.0163;-0.01184061
-0.0211;-0.01325076
-0.0221;-0.015996
-0.0257;-0.01822494
-0.0272;-0.02097336
-0.0303;-0.02328988
-0.0296;-0.02587004
-0.0331;-0.02719167
-0.0349;-0.02920794
-0.036;-0.03116334
-0.0362;-0.03277923
-0.0361;-0.03379834
-0.0343;-0.03429406
-0.0333;-0.03380732
-0.0325;-0.03297516
-0.0288;-0.03206521
-0.031;-0.03003613
-0.0334;-0.02950223
-0.0337;-0.03022753
-0.0362;-0.03097108
-0.0334;-0.03245563
-0.0387;-0.0323885
-0.039;-0.03425478
-0.0401;-0.03568754
-0.0412;-0.03699438
-0.0397;-0.03820503
-0.0396;-0.03834796
-0.0409;-0.03826612
-0.0394;-0.03864765
-0.0351;-0.03832776
-0.0336;-0.03639561
-0.0336;-0.0344244
-0.0325;-0.03314569
-0.0317;-0.03199319
-0.0301;-0.03101215
-0.0281;-0.0298265
-0.0284;-0.02831866
-0.027;-0.0274761
-0.0245;-0.02648712
-0.0226;-0.02492397
-0.0217;-0.0231741
-0.0205;-0.02171893
-0.0207;-0.02038991
-0.0203;-0.01968036
-0.0163;-0.01917481
-0.0159;-0.01737314
-0.0186;-0.01599013
-0.0172;-0.01619905
-0.0187;-0.01597356
-0.0196;-0.01642988
-0.0194;-0.01714311
-0.0195;-0.01756161
-0.0206;-0.01784364
-0.0201;-0.01842271
-0.023;-0.01861135
-0.0258;-0.0198117
-0.0297;-0.02173146
-0.0295;-0.02452749
-0.0293;-0.02629605
-0.0328;-0.02722517
-0.0331;-0.02902365
-0.0325;-0.03029494
-0.0356;-0.0307931
-0.0386;-0.03218817
-0.0416;-0.03426416
-0.0436;-0.03678695
-0.0461;-0.03918033
-0.0476;-0.04161687
-0.0481;-0.04368958
-0.0469;-0.04510464
-0.0476;-0.04541064
-0.0429;-0.0457047
-0.0394;-0.04400767
-0.0392;-0.04136438
-0.0375;-0.03947712
-0.0372;-0.03768677
-0.0357;-0.03649288
-0.0336;-0.03525836
-0.0297;-0.03371455
-0.0271;-0.03123891
-0.0236;-0.02860983
-0.0182;-0.02559988
-0.0155;-0.02161591
-0.0148;-0.01801133
-0.0114;-0.01554547
-0.0102;-0.01286231
-0.0115;-0.01078566
-0.0105;-0.01010593
-0.0076;-0.00949996
-0.0079;-0.00808801
-0.005;-0.00728204
-0.0031;-0.00572414
-0.0027;-0.00397343
-0.0012;-0.00270984
-0.0001;-0.00140382
0.0004;-0.0001936
0.0009;0.0007204
-0.0002;0.00142861
0.001;0.00139465
-0.0002;0.0017359
0.0006;0.00148702
-0.0015;0.00157577
-0.0025;0.00083236
-0.0038;-0.00010111
-0.0062;-0.00122703
-0.0062;-0.00288318
-0.0079;-0.00396927
-0.0054;-0.00524837
-0.0015;-0.00507072
0.0021;-0.00328707
0.0013;-0.00056373
0.0094;0.00098062
0.01;0.00498634
0.015;0.00792679
0.0171;0.01161858
0.0201;0.01475836
0.0228;0.01779289
0.0312;0.02065957
0.0307;0.02562449
0.0326;0.02868663
0.0351;0.0311394
0.0353;0.03347867
0.0338;0.03492242
0.0377;0.03509204
0.0395;0.03650682
0.0393;0.03813847
0.0407;0.03909938
0.0421;0.04016014
0.043;0.04133549
0.043;0.04240648
0.0472;0.04304705
0.0457;0.04500641
0.0473;0.04575325
0.0479;0.04672896
0.0449;0.04754888
0.0429;0.04686546
0.0406;0.04549079
0.0409;0.04361885
0.04;0.04248426
0.0445;0.04149045
0.0439;0.04265504
0.0409;0.04339405
0.0384;0.04272322
0.0347;0.04119977
0.0364;0.03869319
0.0364;0.03765867
0.0348;0.03714278
0.0368;0.03630664
0.0357;0.03656715
0.0345;0.03642922
0.0375;0.03587957
0.04;0.03665924
0.0433;0.03824252
0.0447;0.04062579
0.0471;0.04276272
0.0443;0.04501526
0.0419;0.04532743
0.0455;0.04437105
0.051;0.044959
0.061;0.04754683
0.0641;0.05325612
0.0619;0.05838637
0.0641;0.06074779
0.0645;0.06274895
0.0705;0.0639846
0.0716;0.06691901
0.0702;0.06927805
0.0726;0.07015017
0.0773;0.07142645
0.0797;0.0740051
0.0802;0.07664661
0.082;0.07850157
0.0822;0.08025321
0.0821;0.08135926
0.0838;0.08190352
0.0898;0.08279394
0.0897;0.08566219
0.0932;0.0875998
0.0953;0.0901019
0.0973;0.09249463
0.0964;0.09473187
0.0989;0.09572944
0.1005;0.09715297
0.1047;0.09863576
0.1005;0.10116703
0.1002;0.10120387
0.1006;0.10085767
0.0966;0.10067029
0.0978;0.09897782
0.0973;0.09822109
0.0907;0.09760855
0.0892;0.09470866
0.0887;0.09210242
0.0882;0.09026721
0.0878;0.08902486
0.0871;0.08820488
0.0844;0.08751608
0.0852;0.08609709
0.082;0.08547518
0.0795;0.08393086
0.0732;0.08194065
0.0738;0.0782123
0.0734;0.07594387
0.0695;0.0744998
0.0651;0.07223713
0.0632;0.06910473
0.06;0.06634527
0.0584;0.06343229
0.0565;0.06102356
0.0493;0.05887656
0.0435;0.05483466
0.0411;0.04992779
0.0392;0.04584435
0.0352;0.04266255
0.0282;0.03929639
0.0247;0.0345598
0.0252;0.03017242
0.0234;0.02768793
0.0239;0.02570126
0.024;0.02482115
0.0222;0.02450527
0.0198;0.02375029
0.0216;0.02236261
0.0203;0.02214552
0.0189;0.02162785
0.016;0.02077731
0.0174;0.01910361
0.0133;0.01851978
0.0083;0.01667102
0.0069;0.01349461
0.005;0.01082548
0.0038;0.00845907
0.0026;0.00658567
0.0019;0.00504927
0.0003;0.00390703
0.0034;0.00266314
0.0028;0.00311934
0.0059;0.0033722
0.0064;0.00477382
0.0126;0.00597579
0.0102;0.00913777
0.0112;0.01037837
0.0139;0.01138016
0.0165;0.01296235
0.0133;0.01497422
0.0125;0.01502441
0.0129;0.01453637
0.0143;0.01425962
0.0149;0.01460848
0.018;0.01511433
0.0227;0.0166582
0.0249;0.01954962
0.0273;0.02236416
0.0272;0.02506754
0.0333;0.02668525
0.0347;0.02990789
0.0343;0.03255792
0.0353;0.03399685
0.0359;0.03511089
0.0362;0.03593113
0.0362;0.03647799
0.0372;0.03675189
0.0382;0.03725007
0.036;0.03794466
0.0348;0.03753839
0.0375;0.03670379
0.0378;0.03714729
0.0332;0.03764936
0.035;0.03621964
0.0384;0.03583448
0.0336;0.03696641
0.0338;0.03599159
0.0343;0.03529397
0.0331;0.03503559
0.0321;0.03445528
0.0299;0.0336907
0.0292;0.03234459
0.0293;0.03117611
0.0285;0.03049743
0.0268;0.02982936
0.0242;0.02878478
0.0232;0.02710676
0.0191;0.0256129
0.0118;0.02311069
0.0106;0.01864335
0.008;0.01518863
0.0055;0.01210583
0.0048;0.00931183
-0.0005;0.00739078
0.0012;0.00429323
0.0007;0.00297094
-0.0009;0.00215279
-0.0007;0.00115824
-0.0038;0.00065522
-0.0015;-0.0007791
-0.0015;-0.00084473
-0.0007;-0.00074903
-0.0012;-0.00031548
-0.0028;-0.00018037
-0.0022;-0.0007275
-0.0025;-0.00090989
-0.0017;-0.00112077
-0.0025;-0.00093807
-0.0017;-0.00108949
-0.0002;-0.00089546
0.0022;-0.00016398
0.0041;0.00128376
0.0068;0.00300943
0.007;0.00517495
0.01;0.00664778
0.0116;0.00865111
0.0126;0.01053457
0.0145;0.01206846
0.015;0.01369591
0.0141;0.01487604
0.0137;0.0151909
0.0138;0.0151061
0.0149;0.01500286
0.0146;0.01532953
0.0143;0.01544744
0.0141;0.01538844
0.0113;0.01524858
0.0094;0.01406129
0.0116;0.01247372
0.0118;0.0122664
0.0112;0.01234621
0.0132;0.01223821
0.0148;0.01295052
0.013;0.01410221
0.0138;0.0141933
0.015;0.014465
0.0142;0.0150859
0.0146;0.0151921
0.019;0.01536351
0.0185;0.01716113
0.0177;0.01824894
0.0151;0.01858149
0.0135;0.01768473
0.0112;0.01634457
0.0105;0.01452642
0.0095;0.0130516
0.0086;0.01177135
0.0083;0.01066576
0.0062;0.00990377
0.004;0.00867759
0.0008;0.00704392
-0.0012;0.00475349
-0.0009;0.00248988
-0.0045;0.00119867
-0.0032;-0.00087585
-0.005;-0.00169261
-0.0076;-0.0027556
-0.0083;-0.0043916
-0.0057;-0.00571686
-0.0049;-0.00549956
-0.0052;-0.00486994
-0.0054;-0.00448934
-0.0052;-0.00432231
-0.0038;-0.00416061
-0.0028;-0.00352534
0.0007;-0.00269721
0.0014;-0.00079815
0.0034;0.0007688
0.0066;0.00250551
0.0067;0.00482516
0.0054;0.00635313
0.0054;0.006714
0.0054;0.00677476
0.006;0.00672135
0.0067;0.0068736
0.0093;0.00724185
0.0088;0.00849603
0.0081;0.00917679
0.0074;0.00929031
0.0044;0.0090129
0.002;0.00761213
0.0027;0.00567418
0.0014;0.00464726
0.0013;0.00358338
-0.0002;0.00291182
-0.0013;0.00197378
-0.0025;0.00096392
-0.0025;-0.00012651
-0.0029;-0.00080283
-0.0043;-0.00132425
-0.0048;-0.00214902
-0.0051;-0.00286718
-0.0052;-0.00341418
-0.0064;-0.00376292
-0.0064;-0.00440746
-0.0054;-0.00482271
-0.0047;-0.00466857
-0.0044;-0.00422996
-0.0055;-0.00378778
-0.005;-0.00392203
-0.0047;-0.00386894
-0.0063;-0.00371747
-0.0054;-0.00423162
-0.0045;-0.00427044
-0.0056;-0.00391535
-0.0042;-0.0040689
-0.0012;-0.00366172
-0.0013;-0.00220121
-0.0008;-0.00120983
0.0028;-0.00041958
0.0039;0.00142974
0.0058;0.00309739
0.0093;0.0048653
0.0101;0.00731386
0.0078;0.0092
0.0087;0.00942162
0.0104;0.00969737
0.007;0.01045765
0.0045;0.00963637
0.0022;0.00799168
0.0016;0.00594265
-0.0018;0.00435897
0.0005;0.00209574
-0.0017;0.00153021
-0.0063;0.00050712
-0.0079;-0.0018904
-0.01;-0.0041258
-0.0086;-0.00633106
-0.0074;-0.00714017
-0.0074;-0.00700785
-0.0084;-0.00676179
-0.0094;-0.00692619
-0.01;-0.00743229
-0.0133;-0.00801561
-0.0136;-0.00966867
-0.0129;-0.01092314
-0.0118;-0.01141407
-0.0086;-0.01119874
-0.015;-0.00971778
-0.0146;-0.01110329
-0.0162;-0.01206171
-0.0196;-0.01330146
-0.0183;-0.01541779
-0.0204;-0.01632305
-0.022;-0.01758547
-0.0221;-0.01898174
-0.0207;-0.01988811
-0.0184;-0.01984633
-0.0197;-0.01880219
-0.0176;-0.0185065
-0.0168;-0.01754435
-0.0152;-0.01657781
-0.0162;-0.01534462
-0.0153;-0.01493902
-0.0142;-0.01442608
-0.0135;-0.01370302
-0.0102;-0.01297355
-0.0062;-0.01124736
-0.0036;-0.00853158
0.0;-0.00571753
0.0007;-0.00254729
0.0033;-0.00028133
0.0032;0.00202078
0.006;0.00335988
0.0092;0.00513533
0.0119;0.00746102
0.0119;0.0099844
0.0142;0.01156253
0.0146;0.01331503
0.0185;0.01452273
0.0157;0.01669535
0.0137;0.0170214
0.013;0.01625665
0.014;0.01532716
0.0126;0.01505968
0.0117;0.01439834
0.0118;0.01361259
0.0113;0.01314516
0.0161;0.01269409
0.0173;0.01428624
0.018;0.01596264
0.0168;0.01734677
0.0152;0.01772575
0.0159;0.01722267
0.0148;0.01704579
0.0159;0.01650161
0.0157;0.01654637
0.0158;0.01654687
0.0182;0.01659641
0.0204;0.01756408
0.0218;0.01911489
0.0242;0.02070665
0.026;0.02264627
0.0275;0.02458026
0.0287;0.02635764
0.0328;0.02789299
0.0286;0.03038178
0.0278;0.03037208
0.028;0.02979663
0.0288;0.02936875
0.0287;0.02937838
0.0276;0.02937912
0.026;0.02896157
0.0249;0.02804092
0.0248;0.02697933
0.0216;0.0262513
0.0193;0.02459356
0.0186;0.0225928
0.0161;0.02102925
0.015;0.01913543
0.0133;0.01752597
0.0127;0.01591187
0.0109;0.01470496
0.012;0.01332562
0.0114;0.01290993
0.0103;0.01253921
0.0114;0.01193379
0.0127;0.01198138
0.0136;0.01258882
0.0138;0.01339937
0.0172;0.01402731
0.0197;0.01572484
0.0254;0.01785239
0.0285;0.02144683
0.0271;0.02503988
0.0298;0.02675688
0.0303;0.0286538
0.0344;0.02995877
0.0372;0.0322526
0.0374;0.03481578
0.0385;0.0365102
0.0421;0.03788333
0.0435;0.04004499
0.0452;0.04196987
0.0456;0.04379187
0.047;0.0450399
0.0423;0.04626718
0.0419;0.0451665
0.0413;0.04405643
0.0406;0.04304803
0.0385;0.04213591
0.037;0.04076621
0.0382;0.03929547
0.0371;0.03883211
0.0349;0.03823064
0.032;0.03703291
0.0291;0.03512019
0.0284;0.03273055
0.0276;0.03091414
0.0282;0.02953441
0.0268;0.02898879
0.0284;0.02823466
0.0295;0.02841238
0.0303;0.02906428
0.0296;0.02986857
0.0297;0.03014154
0.031;0.03030542
0.0323;0.03088348
0.0307;0.03177894
0.0267;0.03175603
0.0282;0.03010485
0.0287;0.02945912
0.033;0.02930115
0.0331;0.03093639
0.0362;0.03220287
0.0379;0.03420947
0.039;0.03619097
0.0388;0.03785657
0.0392;0.03876953
0.0397;0.03938472
0.0396;0.0398849
0.0412;0.0401122
0.041;0.04082217
0.0392;0.04121538
0.0369;0.04073242
0.0392;0.03943638
0.037;0.03940265
0.0283;0.03863116
0.0265;0.03474117
0.0253;0.03129272
0.0278;0.02864973
0.0296;0.0280702
0.0312;0.02867402
0.032;0.02988812
0.0333;0.03108991
0.0335;0.03238068
0.0362;0.0332784
0.0342;0.03483835
0.0335;0.03508321
0.0309;0.03483115
0.0329;0.03357
0.0335;0.03342132
0.0348;0.0336383
0.0375;0.0343386
0.0386;0.03588764
0.0408;0.03738284
0.0436;0.03918225
0.0482;0.04141162
0.0507;0.04461746
0.0548;0.04767518
0.0535;0.05115384
0.0538;0.05282969
0.0503;0.05377578
0.0507;0.05284694
0.0475;0.05216179
0.0458;0.05043714
0.0451;0.04857775
0.0423;0.04710309
0.0402;0.04513862
0.041;0.04307575
0.0415;0.04209836
0.0359;0.04181277
0.0327;0.03959318
0.0311;0.03682055
0.031;0.03438942
0.0281;0.0328681
0.0278;0.03092497
0.0265;0.02961235
0.0241;0.02838185
0.0241;0.0267401
0.025;0.02570702
0.0226;0.02548841
0.0233;0.02454506
0.0239;0.02419878
0.0223;0.02427844
0.0193;0.02377923
0.0247;0.02227314
0.0235;0.02331466
0.0205;0.02373948
0.0204;0.02285115
0.0212;0.02212524
0.0237;0.02196365
0.0216;0.02288754
0.0225;0.02278298
0.021;0.02299681
0.0183;0.02256218
0.0196;0.02118274
0.0178;0.02071138
0.0164;0.01978821
0.0162;0.01865029
0.0182;0.01784331
0.0183;0.01815157
0.0175;0.01851713
0.0185;0.0184848
0.0176;0.01882605
0.0162;0.01872262
0.0156;0.01807938
0.0152;0.01738016
0.0162;0.0167675
0.0142;0.01677954
0.0163;0.01608518
0.0143;0.01641607
0.0109;0.01594511
0.0102;0.01428379
0.0087;0.01284338
0.0084;0.01135858
0.0104;0.01032231
0.0131;0.010511
0.0145;0.01182898
0.0149;0.01335996
0.0156;0.01453799
0.0171;0.01551942
0.0165;0.01667481
0.0185;0.0171601
0.0231;0.01815535
0.0261;0.02057498
0.0265;0.02338563
0.03;0.02535678
0.0311;0.02784961
0.0318;0.02983438
0.0339;0.03126728
0.0343;0.03287092
0.0333;0.03399255
0.034;0.03422616
0.0353;0.0345117
0.0351;0.03514859
0.0345;0.03548315
0.0306;0.03542493
0.0274;0.03382335
0.0246;0.0314089
0.0229;0.02869067
0.0208;0.02628324
0.0147;0.02400604
0.0127;0.02027372
0.0102;0.0170616
0.0038;0.01414444
-0.0008;0.00992938
0.0017;0.00544565
-0.0023;0.00360594
-0.0039;0.00122368
-0.0075;-0.00081149
-0.0061;-0.00338489
-0.0096;-0.00444937
-0.0118;-0.00628309
-0.0173;-0.00828058
-0.0223;-0.01164806
-0.0249;-0.01579708
-0.0305;-0.0194736
-0.0344;-0.02387032
-0.0405;-0.0281371
-0.0441;-0.03310367
-0.0492;-0.03760298
-0.0524;-0.04228446
-0.0554;-0.04638065
-0.0602;-0.04996491
-0.0622;-0.05391489
-0.0617;-0.05710101
-0.0639;-0.05875546
-0.0619;-0.06039798
-0.0591;-0.06054605
-0.0562;-0.05934587
-0.0509;-0.05726096
-0.0491;-0.05375479
-0.0444;-0.05068846
-0.0415;-0.04697133
-0.0396;-0.04349487
-0.0341;-0.04063898
-0.0361;-0.03684391
-0.0356;-0.03522165
-0.0341;-0.03426887
-0.0333;-0.03326599
-0.0349;-0.03239838
-0.035;-0.0325278
-0.0343;-0.03277935
-0.0368;-0.03272475
-0.038;-0.0336472
-0.0383;-0.03478625
-0.0388;-0.03566081
-0.0391;-0.03637968
-0.0407;-0.03691447
-0.0412;-0.03783114
-0.0418;-0.03861759
-0.0432;-0.03932409
-0.0404;-0.04028426
-0.0409;-0.03981184
-0.0413;-0.03955771
-0.0451;-0.03952885
-0.045;-0.04099439
-0.0431;-0.04202578
-0.042;-0.04192764
-0.0411;-0.04131502
-0.0395;-0.04049157
-0.0387;-0.03931107
-0.0367;-0.03821884
-0.036;-0.03676767
-0.0339;-0.03556581
-0.0317;-0.03403478
-0.0303;-0.03221751
-0.0267;-0.03052522
-0.0224;-0.02810304
-0.0191;-0.02488077
-0.0131;-0.02152166
-0.0084;-0.01709969
-0.0054;-0.01244616
-0.0057;-0.00837756
-0.0042;-0.0060596
-0.0019;-0.00428838
-0.0018;-0.00246158
-0.0006;-0.00135762
0.0001;-0.00032783
-0.0001;0.00052037
-0.0022;0.00091672
-0.0057;0.0002748
-0.0063;-0.0016181
-0.0111;-0.00320211
-0.0148;-0.0060574
-0.0184;-0.00939102
-0.0217;-0.01292627
-0.0265;-0.01641897
-0.0284;-0.02041951
-0.0317;-0.02365581
-0.0323;-0.0268338
-0.0335;-0.02896971
-0.0346;-0.03059864
-0.0333;-0.03190718
-0.0316;-0.03212247
-0.0323;-0.03143692
-0.032;-0.03112646
-0.0292;-0.03080515
-0.0245;-0.02951535
-0.0206;-0.02679286
-0.0191;-0.02341766
-0.0175;-0.0206335
-0.0137;-0.0183354
-0.0113;-0.0155264
-0.0078;-0.01284844
-0.0068;-0.00986822
-0.0029;-0.00763458
-0.0012;-0.0048448
0.0008;-0.00245219
0.0031;-0.00025918
0.0051;0.00192725
0.0057;0.0040154
0.0073;0.00549865
0.0055;0.00694013
0.0045;0.00708673
0.0031;0.00662266
0.0008;0.00566791
-0.0019;0.00409134
-0.0052;0.00197475
-0.0072;-0.00069472
-0.008;-0.00319644
-0.011;-0.00504657
-0.0147;-0.00726447
-0.0177;-0.01006545
-0.0171;-0.01300405
-0.0212;-0.01460066
-0.0216;-0.01701318
-0.02;-0.01868214
-0.0205;-0.01900469
-0.0201;-0.0192093
-0.0173;-0.01909987
-0.0139;-0.01788258
-0.0161;-0.01567039
-0.0158;-0.0150019
-0.0137;-0.01459771
-0.0157;-0.01360704
-0.0148;-0.01373138
-0.0153;-0.01357515
-0.0099;-0.01368014
-0.0116;-0.01169077
-0.0127;-0.01090491
-0.0096;-0.01091533
-0.0084;-0.00983564
-0.0075;-0.00862498
-0.0049;-0.00749608
-0.0031;-0.00579821
-0.0022;-0.00400001
0.0004;-0.00252263
0.0023;-0.00064335
0.0044;0.00127381
0.0056;0.00326954
0.0075;0.00496266
0.0061;0.00669669
0.0061;0.00720388
0.0033;0.00736497
0.003;0.00628787
0.0028;0.0053366
-0.0012;0.00463072
-0.0025;0.00266206
-0.0009;0.00081306
-0.0004;0.00026886
0.0003;0.00026897
0.0018;0.0006492
0.0031;0.00154401
0.001;0.0026825
0.0011;0.00262537
0.0042;0.00251271
0.0061;0.00359882
0.0079;0.00511957
0.0153;0.00683374
0.0206;0.01079424
0.0231;0.01553841
0.0231;0.0195824
0.0296;0.02202952
0.0285;0.02584478
0.0353;0.0278377
0.0406;0.03149726
0.0467;0.03590622
0.0511;0.04107831
0.0535;0.04606061
0.0567;0.05004413
0.0601;0.0535977
0.0626;0.05698752
0.0611;0.05996526
0.0639;0.06112641
0.0648;0.06267522
0.0649;0.06392481
0.0671;0.0646685
0.0678;0.06588951
0.0686;0.0669274
0.0682;0.06785183
0.07;0.06823862
0.0697;0.06909862
0.0703;0.06953538
0.0728;0.06999178
0.0753;0.07122414
0.0758;0.07302713
0.0782;0.0744133
0.0797;0.07616995
0.081;0.07785887
0.0812;0.07939553
0.0824;0.08039241
0.0839;0.08139454
0.0827;0.08256114
0.0872;0.08281617
0.0878;0.08460762
0.0883;0.08607342
0.0905;0.08716783
0.0897;0.08864528
0.0878;0.08926608
0.0865;0.08881778
0.0871;0.08788466
0.0839;0.08743628
0.0839;0.08593997
0.0819;0.08490805
0.0794;0.0835174
0.079;0.08166303
0.0767;0.08031034
0.0812;0.07863142
0.0806;0.07932334
0.0821;0.07978162
0.082;0.08070627
0.087;0.08131149
0.0882;0.0836084
0.0938;0.08567004
0.097;0.08913453
0.1019;0.09266429
0.1032;0.09678182
0.1054;0.09988806
0.1068;0.10254676
0.1088;0.10462713
0.1092;0.10657109
0.1099;0.10785742
0.1105;0.10881297
0.1135;0.10955104
0.1143;0.11110649
0.1157;0.11243667
0.1156;0.11378441
0.1146;0.11456586
0.1128;0.11458696
0.1114;0.11378962
0.1115;0.11262551
0.1126;0.11186278
0.1086;0.11183614
0.1092;0.11035912
0.1094;0.10955074
0.1057;0.10916643
0.1063;0.10755916
0.1104;0.10668945
0.1122;0.107792
0.1137;0.10940614
0.1165;0.11111462
0.1157;0.11330327
0.1124;0.11440831
0.111;0.11370724
0.1061;0.11249551
0.1041;0.10971709
0.0994;0.1070144
0.0958;0.10347344
0.0906;0.09979481
0.0846;0.09547901
0.0792;0.09043033
0.0755;0.08514564
0.0721;0.0804262
0.0698;0.07627864
0.0681;0.07294478
0.0677;0.07038247
0.0665;0.06880456
0.0679;0.06754676
0.0713;0.06742288
0.0793;0.06883639
0.0802;0.07303767
0.0852;0.07636017
0.0885;0.08036402
0.0924;0.08418295
0.0926;0.08803599
0.0943;0.09047224
0.0945;0.09245257
0.0936;0.09362645
0.0919;0.09385735
0.0901;0.09317879
0.0851;0.09190248
0.0849;0.08905812
0.0814;0.08701468
0.0794;0.08442534
0.0768;0.08200895
0.0753;0.07952721
0.0731;0.07742521
0.0713;0.07533494
0.069;0.07338167
0.0658;0.07132556
0.0633;0.06883318
0.0628;0.06629844
0.0626;0.06454138
0.0628;0.06347942
0.0615;0.06302189
0.0626;0.06235177
0.0667;0.06238585
0.0684;0.06408486
0.069;0.0660062
0.0676;0.06751528
0.0646;0.06788494
0.0645;0.06681646
0.0658;0.06591474
0.0657;0.06581442
0.065;0.06578649
0.0652;0.06552915
0.0671;0.06543304
0.0635;0.06612316
0.0646;0.06524705
0.0609;0.06498898
0.0601;0.06342266
0.0611;0.06201267
0.0601;0.06150905
0.0597;0.06090901
0.058;0.06040849
0.0602;0.05946532
0.0614;0.059698
0.06;0.06042769
0.0579;0.06043099
0.0592;0.0595716
0.0557;0.05943588
0.0497;0.05804505
0.0437;0.05474451
0.0433;0.05014518
0.0457;0.04694497
0.0453;0.04600153
0.0393;0.04555879
0.0474;0.0431244
0.047;0.04459982
0.0447;0.04574663
0.0445;0.04565505
0.0451;0.04541691
0.0472;0.04545559
0.0476;0.04630853
0.0447;0.04708369
0.0455;0.0464592
0.0446;0.04623451
0.0424;0.04574477
0.0405;0.04456125
0.0338;0.04301187
0.0295;0.03940123
0.0277;0.03527121
0.0255;0.03190696
0.0203;0.02904181
0.013;0.02535365
0.0096;0.02021186
0.0033;0.01557365
-0.0015;0.01030881
-0.0033;0.00517243
-0.007;0.00134043
-0.0152;-0.00227161
-0.0194;-0.00756081
-0.019;-0.01256847
-0.025;-0.0154796
-0.0261;-0.01932875
-0.0252;-0.02212188
-0.0233;-0.02335262
-0.0232;-0.02313855
-0.026;-0.02271747
-0.0252;-0.02342714
-0.0258;-0.02363525
-0.0254;-0.02395817
-0.0255;-0.02399914
-0.0288;-0.02402749
-0.033;-0.02530595
-0.0322;-0.02784798
-0.0354;-0.02928041
-0.0362;-0.03132614
-0.0367;-0.03293356
-0.0336;-0.03407178
-0.0213;-0.03350004
-0.0181;-0.02817318
-0.0087;-0.02305885
-0.001;-0.01611651
0.0054;-0.00862298
0.0163;-0.001417
0.0222;0.00721512
0.0265;0.01493175
0.0307;0.02124561
0.0371;0.02653278
0.0392;0.03204181
0.0434;0.03616347
0.048;0.04011146
0.0503;0.04420367
0.0468;0.04756234
0.045;0.04815153
0.0444;0.04744897
0.0401;0.0465076
0.0368;0.04413819
0.0342;0.04119772
0.0311;0.03825288
0.0241;0.03520355
0.02;0.03060331
0.0161;0.02602052
0.0098;0.02165669
0.0047;0.01656547
0.0035;0.01140901
0.0002;0.00777061
-0.0048;0.00444687
-0.0066;0.00058599
-0.01;-0.00248586
-0.0139;-0.00558117
-0.0167;-0.0089416
-0.0155;-0.01208528
-0.0179;-0.0135107
-0.0168;-0.01509332
-0.016;-0.01557432
-0.0154;-0.01540383
-0.0174;-0.01493502
-0.0178;-0.01533788
-0.017;-0.01580627
-0.0158;-0.01580915
-0.0165;-0.01530031
-0.0166;-0.01518506
-0.0148;-0.01517291
-0.0144;-0.01448669
-0.015;-0.01384069
-0.0154;-0.01365923
-0.0141;-0.01375013
-0.0149;-0.01334998
-0.0214;-0.01337465
-0.023;-0.01593962
-0.0223;-0.01842939
-0.0257;-0.0197709
-0.0273;-0.02180407
-0.028;-0.02371081
-0.0284;-0.02514395
-0.0304;-0.02611588
-0.0328;-0.02740717
-0.0384;-0.02913163
-0.04;-0.03239776
-0.0403;-0.03520045
-0.0426;-0.03703347
-0.0473;-0.03892957
-0.0506;-0.04187068
-0.0512;-0.04504611
-0.0512;-0.0472727
-0.0526;-0.04853681
-0.053;-0.04970301
-0.0565;-0.05050458
-0.0568;-0.05227707
-0.0611;-0.05355878
-0.0614;-0.05596903
-0.0606;-0.05767201
-0.0611;-0.05835527
-0.061;-0.05883
-0.0606;-0.05900921
-0.0609;-0.05890208
-0.0612;-0.05889558
-0.0611;-0.05899737
-0.059;-0.0590276
-0.0579;-0.05822686
-0.0547;-0.05721384
-0.0525;-0.05530117
-0.0494;-0.05315995
-0.0463;-0.05058766
-0.0437;-0.04774755
-0.0411;-0.04495557
-0.0384;-0.04223629
-0.0368;-0.03954072
-0.036;-0.03728618
-0.0344;-0.03565947
-0.0328;-0.03414479
-0.0299;-0.03265197
-0.0266;-0.03064443
-0.0252;-0.02809722
-0.0235;-0.02592844
-0.021;-0.02397093
-0.0208;-0.021845
-0.0239;-0.0204664
-0.0252;-0.02091309
-0.0279;-0.02193264
-0.0276;-0.02374986
-0.0281;-0.0248901
-0.0279;-0.02575368
-0.029;-0.02616582
-0.0306;-0.02677845
-0.0305;-0.02777192
-0.0306;-0.02838217
-0.0304;-0.02876151
-0.0277;-0.02887747
-0.0272;-0.02785989
-0.0258;-0.02689834
-0.0232;-0.02572667
-0.0179;-0.02396581
-0.0185;-0.02075962
-0.0146;-0.01884089
-0.0094;-0.016247
-0.0088;-0.01260353
-0.0077;-0.01001325
-0.0056;-0.00808743
-0.0035;-0.00620628
-0.0031;-0.00429115
-0.0035;-0.00298428
-0.0007;-0.00242249
-0.0005;-0.00111441
0.0002;-0.00019618
-0.0002;0.00059924
0.0011;0.00090082
-0.0023;0.00151792
-0.0014;0.0005904
-0.0004;0.00019478
-0.0029;0.00034099
-0.0033;-0.00047621
-0.0043;-0.00122219
-0.0054;-0.00208648
-0.0046;-0.00306087
-0.0063;-0.00336604
-0.0088;-0.00413843
-0.0124;-0.00560621
-0.0125;-0.00798248
-0.0128;-0.00960436
-0.0133;-0.01066616
-0.0129;-0.01142766
-0.0127;-0.01167453
-0.0124;-0.01166444
-0.0134;-0.0114819
-0.0132;-0.01171421
-0.0086;-0.01180989
-0.0082;-0.01008227
-0.0038;-0.00865932
0.0004;-0.0060534
0.0031;-0.00268848
0.0039;0.00054692
0.0067;0.00286126
0.009;0.00525932
0.0102;0.00758724
0.0139;0.00945102
0.0152;0.01195416
0.0176;0.01403201
0.0204;0.01618986
0.0228;0.01858209
0.0233;0.02099041
0.0273;0.02265767
0.0291;0.02513415
0.025;0.02740198
0.0242;0.02719089
0.0249;0.02645917
0.0242;0.02612194
0.0253;0.02563159
0.0307;0.02573068
0.0338;0.02793637
0.0361;0.03074251
0.0364;0.03350058
0.04;0.03534746
0.0435;0.03777853
0.0469;0.04065338
0.0488;0.04378392
0.0526;0.04647615
0.0527;0.04955117
0.0554;0.05149442
0.059;0.05359899
0.0588;0.05624866
0.0599;0.05783652
0.0637;0.05911932
0.0636;0.06129588
0.0628;0.06265835
0.0631;0.06310555
0.0652;0.06336037
0.0685;0.06425767
0.0712;0.06612879
0.0746;0.06844028
0.0748;0.07125729
0.0783;0.07314164
0.0826;0.07556652
0.0831;0.07874521
0.0854;0.08097425
0.0861;0.08314374
0.0836;0.08470191
0.0857;0.08459792
0.0877;0.08512124
0.0874;0.08620712
0.084;0.0868108
0.086;0.08582292
0.084;0.08579419
0.0837;0.08504476
0.0836;0.08439881
0.0838;0.08395245
0.0822;0.08377495
0.0837;0.08308407
0.0839;0.08319604
0.0866;0.08341987
0.0859;0.0846408
0.0861;0.08524476
0.086;0.08566368
0.0872;0.08585152
0.091;0.08639413
0.0906;0.08822427
0.0879;0.08934397
0.0892;0.08895212
0.0888;0.08903142
0.09;0.0889169
0.0897;0.08928365
0.0877;0.08943617
0.0879;0.08874413
0.0864;0.08829729
0.0852;0.08743792
0.0858;0.08639814
0.0846;0.08595744
0.085;0.08528037
0.0827;0.08501346
0.0813;0.0840062
0.0792;0.0827802
0.0801;0.08117212
0.0797;0.08047953
0.0796;0.07998879
0.0801;0.07970362
0.0783;0.07976659
0.0779;0.07916544
0.0777;0.07858792
0.0776;0.07814398
0.0809;0.07784586
0.0837;0.07896236
0.0864;0.08089916
0.0893;0.08327952
0.0922;0.08595928
0.0951;0.0887886
0.0955;0.09167974
0.0934;0.09361959
0.0935;0.09388554
0.0905;0.09385483
0.0873;0.09255881
0.0838;0.09033844
0.0776;0.08745334
0.071;0.08315352
0.0649;0.07776202
0.0603;0.07191233
0.0573;0.06644255
0.0562;0.06194854
0.0575;0.05889788
0.0571;0.05775085
0.0592;0.05719509
0.0598;0.05784592
0.0645;0.05868423
0.0685;0.0611142
0.0731;0.06436966
0.0781;0.06831181
0.084;0.07279456
0.0886;0.07792598
0.0893;0.08295095
0.0949;0.08631219
0.0953;0.09034351
0.0946;0.09296837
0.0939;0.09413207
0.0958;0.09433916
0.0953;0.09500462
0.0974;0.09519626
0.0964;0.09605677
0.0966;0.09624416
0.0983;0.09637062
0.0995;0.09707472
0.0986;0.09802323
0.0997;0.0982985
0.1007;0.09882851
0.097;0.09954667
0.0948;0.09857587
0.0943;0.09694296
0.0856;0.09561218
0.0819;0.09141876
0.0798;0.0870895
0.0742;0.08350557
0.0683;0.07919299
0.0631;0.07420821
0.0593;0.06905629
0.0542;0.06439397
0.0456;0.05962094
0.0412;0.05338946
0.0345;0.04772562
0.0285;0.04169831
0.0225;0.03567122
0.0188;0.02967176
0.0142;0.02459134
0.0064;0.01983192
0.0052;0.01399851
0.0038;0.00989024
0.0036;0.00702449
-0.0002;0.00541217
-0.0012;0.00318576
-0.0009;0.00145571
-0.0033;0.000589
-0.006;-0.00073591
-0.0072;-0.00259088
-0.0083;-0.00424265
-0.0117;-0.00566628
-0.012;-0.00781667
-0.013;-0.00931471
-0.0153;-0.01055969
-0.0207;-0.01215822
-0.0226;-0.01524213
-0.0237;-0.01803342
-0.0272;-0.02018276
-0.0286;-0.02277801
-0.0284;-0.02492852
-0.0285;-0.02611621
-0.027;-0.02674856
-0.0248;-0.02644248
-0.022;-0.02525446
-0.0218;-0.02329038
-0.0191;-0.02186871
-0.0185;-0.01996818
-0.0171;-0.01852235
-0.0145;-0.01713336
-0.0122;-0.01529916
-0.0175;-0.01324728
-0.0175;-0.01400779
-0.0143;-0.01478704
-0.0095;-0.01413382
-0.0067;-0.01175428
-0.0032;-0.00898226
-0.0042;-0.00581447
-0.0024;-0.00418133
-0.0015;-0.00263761
-0.0001;-0.00140859
-0.0023;-0.00017776
-0.0018;-0.00030162
0.0033;-0.00035259
0.0051;0.00153759
0.0077;0.00359057
0.0079;0.00593203
0.0098;0.00749844
0.0143;0.00911863
0.0154;0.01182923
0.0186;0.01402575
0.0227;0.01658004
0.0213;0.01975581
0.0195;0.02123096
0.0196;0.02126078
0.022;0.02108947
0.0249;0.02180912
0.0267;0.0234326
0.0285;0.02524026
0.029;0.02709861
0.0292;0.02845041
0.0305;0.02930098
0.0308;0.03024603
0.0297;0.03092153
0.0297;0.03086816
0.0324;0.03073525
0.0278;0.0316535
0.0283;0.03053836
0.028;0.02984849
0.0252;0.02929285
0.0237;0.02787805
0.0234;0.02633663
0.0206;0.02523284
0.0186;0.02351111
0.0196;0.02162743
0.025;0.02082772
0.0256;0.02254276
0.027;0.02415211
0.0272;0.02577626
0.0283;0.02688451
0.0306;0.02794258
0.0319;0.02945857
0.0332;0.03093225
0.0318;0.03234315
0.0296;0.03265672
0.0278;0.03186633
0.0246;0.03051448
0.022;0.02832622
0.0202;0.02584342
0.0186;0.02354847
0.0158;0.02152153
0.0172;0.01923004
0.0181;0.01835337
0.0167;0.01832634
0.0198;0.01792274
0.0189;0.01888745
0.0224;0.01929491
0.0219;0.02089123
0.0231;0.02181064
0.0193;0.02280497
0.0193;0.02194169
0.0204;0.02119968
0.0212;0.02111411
0.0231;0.02142532
0.0191;0.02241223
0.016;0.02156581
0.0162;0.01967135
0.0144;0.01841288
0.012;0.01696159
0.0138;0.01512819
0.0103;0.01465499
0.0121;0.01315424
0.0109;0.01286387
0.0102;0.01234211
0.0107;0.01176772
0.0113;0.01161222
0.011;0.01180057
0.0117;0.01185794
0.0104;0.01216964
0.0102;0.01189008
0.0113;0.01158564
0.0101;0.01180443
0.0093;0.01152737
0.0101;0.01100919
0.0113;0.01096181
0.0126;0.01143797
0.0145;0.0123053
0.0172;0.01363964
0.0205;0.01557633
0.0244;0.01813089
0.0282;0.02130217
0.0294;0.02481316
0.0348;0.02749364
0.039;0.03114553
0.0395;0.0350847
0.0407;0.03773927
0.0404;0.03968973
0.038;0.04063344
0.0343;0.04011468
0.0326;0.03813567
0.0297;0.03601809
0.0268;0.03349794
0.0224;0.03075111
0.0171;0.02731505
0.0171;0.02306864
0.0132;0.02035115
0.01;0.01732147
0.0119;0.01424699
0.0104;0.01310946
0.0092;0.01206606
0.0138;0.01105815
0.0142;0.0122638
0.0176;0.01343015
0.0191;0.0155485
0.0174;0.01756716
0.0182;0.01818154
0.0163;0.01871891
0.016;0.01825455
0.0146;0.01771808
0.0135;0.01679307
0.0119;0.01573684
0.0108;0.01443445
0.0075;0.01317162
0.0085;0.01111486
0.0078;0.01015156
0.009;0.00938902
0.0077;0.00944364
0.0074;0.00908972
0.0079;0.00875142
0.0098;0.00874107
0.0064;0.00951028
0.0069;0.00876979
0.0049;0.00837279
0.0034;0.00735248
0.0015;0.00607587
0.0023;0.00450808
0.0016;0.00380903
0.0033;0.00319534
0.004;0.0035164
0.001;0.00410571
0.0035;0.00337887
0.0057;0.00377683
0.0056;0.00496105
0.0079;0.00576598
0.012;0.00714373
0.0153;0.00963661
0.0169;0.01258519
0.0186;0.01510584
0.0191;0.01728593
0.0239;0.0187641
0.0222;0.02142394
0.0243;0.0224895
0.0298;0.02379633
0.0238;0.02669436
0.0305;0.02631209
0.0315;0.02834368
0.036;0.03013879
0.0402;0.0329985
0.0419;0.03649714
0.0438;0.03940414
0.051;0.04188091
0.0516;0.04611557
0.054;0.04911068
0.0576;0.05177837
0.0572;0.05472843
0.0549;0.05637757
0.0525;0.05633868
0.0536;0.05513382
0.0518;0.05459887
0.0511;0.05357174
0.0497;0.0526098
0.0492;0.05146422
0.0451;0.05054295
0.0456;0.04841045
0.0473;0.04716771
0.046;0.04712606
0.0441;0.04675677
0.0435;0.04581325
0.0415;0.04494763
0.0368;0.04363781
0.034;0.04096763
0.0321;0.03808141
0.0294;0.03550348
0.0301;0.03289484
0.0301;0.03157423
0.0295;0.03092028
0.0273;0.03042022
0.0281;0.02933038
0.0312;0.02893348
0.031;0.02996093
0.0343;0.03070142
0.037;0.03246272
0.0409;0.03471431
0.0501;0.03769953
0.0541;0.04320118
0.0625;0.04843808
0.0671;0.05496402
0.0714;0.06090239
0.0805;0.06617827
0.0837;0.07283551
0.0908;0.07826167
0.0948;0.08421213
0.1021;0.08940804
0.1049;0.09531344
0.1079;0.10004327
0.1126;0.10395893
0.1141;0.1080204
0.1163;0.11103684
0.1163;0.11358368
0.1127;0.11502543
0.1104;0.11433655
0.1107;0.11271183
0.1095;0.11161476
0.109;0.11045936
0.1093;0.10954032
0.1092;0.10911288
0.1082;0.10887475
0.1092;0.10838494
0.1108;0.10845934
0.11;0.10918623
0.1101;0.10941755
0.1097;0.10957396
0.1111;0.10949951
0.1118;0.10996462
0.1142;0.11057137
0.1153;0.11190418
0.1152;0.11323895
0.1169;0.11404718
0.1147;0.11514884
0.1097;0.11498652
0.1083;0.11280984
0.1083;0.11065719
0.107;0.10924906
0.1091;0.10793754
0.1083;0.1079764
0.113;0.10785636
0.1135;0.10964116
0.1132;0.11116074
0.1157;0.11202299
0.1215;0.11346115
0.1216;0.1166338
0.1258;0.11882595
0.13;0.12174873
0.1311;0.12522997
0.133;0.12786737
0.1316;0.1301421
0.1341;0.13092014
0.1345;0.13216272
0.1347;0.13305782
0.1359;0.13362949
0.1359;0.1343837
0.1333;0.13484152
0.131;0.13407575
0.1284;0.13256074
0.1299;0.13048767
0.1309;0.129688
0.127;0.12969352
0.1253;0.12831466
0.1265;0.1266984
0.123;0.12611204
0.1211;0.12449762
0.1154;0.12269129
0.1092;0.11933346
0.1028;0.11468922
0.1018;0.10916448
0.1;0.10523239
0.0941;0.10226294
0.0933;0.09832333
0.0894;0.09555439
0.0892;0.09247957
0.0908;0.09053773
0.0891;0.09011397
0.0878;0.08942717
0.0884;0.08855803
0.0887;0.08826353
0.0864;0.08827292
0.0877;0.0874518
0.0916;0.08738196
0.0883;0.08891436
0.0834;0.08878106
0.0845;0.08668175
0.0833;0.08556043
0.0806;0.08443609
0.0822;0.0827109
0.0795;0.08220948
0.0805;0.08097856
0.0814;0.08057071
0.0808;0.08075316
0.0814;0.0807301
0.0791;0.08095939
0.0795;0.08024462
0.0796;0.07986727
0.0817;0.07968388
0.0848;0.0804098
0.084;0.08216659
0.0852;0.08308726
0.0852;0.08407091
0.0866;0.08466581
0.0876;0.08552359
0.0867;0.0864479
0.0844;0.08667444
0.0832;0.08584401
0.0797;0.08472291
0.0787;0.08259861
0.0747;0.08076801
0.0716;0.07808613
0.0669;0.07514432
0.0644;0.07146541
0.0597;0.0681466
0.0565;0.0643107
0.0514;0.06067666
0.0469;0.05649472
0.0435;0.05214551
0.0412;0.04814311
0.0372;0.04484525
0.0338;0.0413842
0.0328;0.03797754
0.034;0.03553234
0.0318;0.03462937
0.0327;0.03345429
0.0332;0.03313648
0.0321;0.03325989
0.0323;0.03300793
0.033;0.03292596
0.0327;0.0331687
0.0322;0.03324817
0.0334;0.03310186
0.034;0.03345162
0.0349;0.03394695
0.0309;0.03463097
0.0311;0.03353452
0.0333;0.03274826
0.0366;0.03309087
0.04;0.03469603
0.0442;0.03717598
0.0466;0.0404779
0.0484;0.04357265
0.0521;0.04618518
0.0546;0.04916472
0.0575;0.05197558
0.0598;0.05479846
0.06;0.0574038
0.0593;0.05903901
0.0561;0.05963835
0.0532;0.05859848
0.0527;0.05659075
0.0507;0.05497066
0.0484;0.05318025
0.0458;0.05116437
0.0454;0.04888936
0.0425;0.04730315
0.0405;0.04527961
0.0426;0.04324411
0.0439;0.0428068
0.0436;0.04322813
0.0498;0.04353319
0.0535;0.04616347
0.055;0.04948882
0.0577;0.05227789
0.0608;0.05502574
0.0645;0.05789962
0.0653;0.06109804
0.0651;0.06339873
0.0609;0.06463109
0.0563;0.06359902
0.0519;0.06086929
0.0468;0.05719232
0.0378;0.05275639
0.0362;0.04640156
0.0276;0.04162362
0.0215;0.03547006
0.0132;0.02922651
0.0063;0.0221586
-0.0045;0.01507192
-0.0087;0.00654233
-0.0151;-0.00045506
-0.0179;-0.00706791
-0.021;-0.01208807
-0.0199;-0.01612069
-0.019;-0.01795298
-0.023;-0.01838695
-0.0242;-0.01991122
-0.0271;-0.02132276
-0.0257;-0.02328591
-0.0238;-0.02399219
-0.0202;-0.02355383
-0.0204;-0.02171352
-0.0186;-0.02044143
-0.0175;-0.01895559
-0.0163;-0.01759028
-0.0162;-0.01629459
-0.0166;-0.01547368
-0.0177;-0.01518611
-0.0152;-0.01551869
-0.0137;-0.01485632
-0.0101;-0.01379323
-0.0096;-0.01168267
-0.0082;-0.01005831
-0.0087;-0.0085352
-0.0059;-0.00781409
-0.0025;-0.00639038
-0.0059;-0.00416046
-0.0095;-0.00400925
-0.0122;-0.00551689
-0.0136;-0.00774293
-0.0112;-0.00981586
-0.0094;-0.0101967
-0.0097;-0.00955495
-0.0106;-0.00910295
-0.012;-0.00913664
-0.0126;-0.00973894
-0.0116;-0.01041565
-0.0111;-0.01047541
-0.0118;-0.01025844
-0.0134;-0.01034489
-0.0144;-0.01103346
-0.0148;-0.0119146
-0.0156;-0.01265332
-0.0159;-0.01341242
-0.015;-0.01399368
-0.0139;-0.01397992
-0.0121;-0.01346978
-0.0102;-0.01237866
-0.0061;-0.01088165
-0.0025;-0.00830228
-0.0001;-0.00518311
0.0029;-0.002238
0.0068;0.0007371
0.0102;0.00406949
0.0121;0.00745966
0.0127;0.01028011
0.0138;0.0121688
0.0129;0.01361295
0.0108;0.01404465
0.007;0.01333877
0.0063;0.01124877
0.0021;0.0094741
-0.0011;0.00672262
-0.0028;0.00367429
-0.0037;0.00107715
-0.0065;-0.00083042
-0.0047;-0.00298797
-0.0015;-0.00360519
0.0007;-0.00256098
0.0012;-0.00081607
0.0022;0.00061328
0.0073;0.00189781
0.0093;0.00464977
0.0107;0.0072724
0.0138;0.00945531
0.0165;0.0119491
0.0152;0.0145373
0.0143;0.01562899
0.0157;0.01577563
0.015;0.01623689
0.0141;0.01622264
0.012;0.01579737
0.01;0.01465178
0.008;0.0130685
0.0067;0.01123929
0.0059;0.00956037
0.0049;0.00822298
0.0053;0.00705856
0.0043;0.00653663
0.0036;0.00591921
0.0034;0.00529235
0.0061;0.00484124
0.0072;0.00563578
0.0076;0.00670059
0.0104;0.0075893
0.0156;0.00922444
0.0158;0.01232474
0.0175;0.01449404
0.0187;0.01643408
0.0191;0.01804219
0.0213;0.01912457
0.0228;0.02055435
0.0262;0.02201647
0.0276;0.02422679
0.0287;0.02620142
0.0276;0.02782969
0.0286;0.02835469
0.0305;0.0289172
0.0306;0.02994842
0.0284;0.03065085
0.0274;0.03019843
0.0276;0.0293897
0.023;0.02888172
0.0209;0.02679402
0.0187;0.02452342
0.0145;0.02220381
0.0113;0.01912951
0.0061;0.01591716
0.0047;0.01189864
0.0006;0.00879785
-0.0019;0.00539385
-0.0047;0.00234255
-0.0031;-0.00055851
-0.0041;-0.001673
-0.0069;-0.00251478
-0.0085;-0.00399899
-0.0061;-0.00555328
-0.0043;-0.00558552
-0.0059;-0.00473271
-0.0016;-0.00466679
-0.0005;-0.00299621
0.0013;-0.00137265
0.004;0.0003696
0.0073;0.00251101
0.0105;0.00515207
0.0149;0.00807779
0.0139;0.01162202
0.0167;0.01348652
0.0201;0.01553991
0.0219;0.01807151
0.0255;0.02035053
0.0267;0.02311217
0.028;0.0253059
0.0297;0.02709199
0.0334;0.02876994
0.0339;0.03118499
0.0346;0.03291915
0.0351;0.03418709
0.0351;0.03507647
0.0346;0.03554548
0.0357;0.03556085
0.0332;0.03591353
0.0338;0.03516969
0.0351;0.03482053
0.0342;0.03511175
0.0338;0.03501367
0.0336;0.03477709
0.033;0.03453216
0.0308;0.03414182
0.0276;0.03303268
0.0288;0.03102827
0.0275;0.03013584
0.0281;0.02917249
0.0288;0.02883597
0.0337;0.02898178
0.033;0.03105048
0.0338;0.03229492
0.0338;0.03335469
0.0339;0.03398002
0.0333;0.03434364
0.0364;0.03428368
0.0353;0.0353792
0.0318;0.0357318
0.0319;0.03454161
0.033;0.03365795
0.0345;0.0335134
0.037;0.0340784
0.0354;0.03549556
0.0336;0.03587541
0.0341;0.03533654
0.0336;0.03507148
0.0357;0.03470449
0.0363;0.03527565
0.0368;0.03595829
0.0388;0.03661465
0.0408;0.03780188
0.0427;0.03936633
0.0401;0.0411217
0.0387;0.04123082
0.0404;0.04057952
0.0392;0.04069225
0.0388;0.04033336
0.0403;0.03991412
0.0404;0.04021509
0.0434;0.04051187
0.0465;0.0418772
0.0471;0.04404163
0.0511;0.04573126
0.0558;0.04830139
0.0612;0.05178814
0.0664;0.05614391
0.0718;0.06095999
0.0732;0.06608938
0.0795;0.06982909
0.083;0.07440811
0.083;0.07860245
0.0825;0.08112543
0.0825;0.08225904
0.0842;0.08271173
0.0855;0.08347863
0.087;0.08442148
0.0912;0.08558086
0.0922;0.08793508
0.0936;0.08990072
0.0927;0.09164209
0.0924;0.09232914
0.0931;0.092499
0.0932;0.09276637
0.0944;0.09293993
0.0958;0.09348634
0.0968;0.09439421
0.0963;0.09538618
0.0966;0.09582372
0.0975;0.09615067
0.0974;0.09666626
0.0946;0.09695186
0.0967;0.09601754
0.0978;0.09610945
0.098;0.09665862
0.0972;0.09714477
0.0986;0.09714883
0.0922;0.09764344
0.0914;0.09550844
0.0896;0.09360418
0.0871;0.09167439
0.0837;0.08950008
0.0817;0.08681837
0.0835;0.08433636
0.081;0.08351856
0.0812;0.08224659
0.0825;0.08156276
0.0816;0.08172625
0.0813;0.08160555
0.0816;0.08142921
0.0797;0.0814393
0.0803;0.08073463
0.0794;0.08046363
0.0779;0.07997689
0.0752;0.07908358
0.0745;0.07744189
0.0706;0.0760657
0.0725;0.07371321
0.0726;0.07289843
0.0756;0.07258068
0.0756;0.07365288
0.0775;0.07450611
0.0766;0.07580632
0.0779;0.07632164
0.0813;0.07707381
0.0818;0.0788554
0.0825;0.0802571
0.0835;0.08137912
0.0832;0.08241691
0.0831;0.08291192
0.0821;0.08310318
0.0787;0.08277154
0.0757;0.08116985
0.0722;0.07885417
0.0702;0.07594259
0.0661;0.07327235
0.0637;0.07004289
0.06;0.06707377
0.0596;0.06383868
0.0583;0.06168381
0.0574;0.05998573
0.0555;0.05869808
0.0589;0.05726232
0.0595;0.05771823
0.0597;0.05845837
0.0609;0.05910113
0.0617;0.05998934
0.0639;0.0608837
0.0657;0.06229787
0.0667;0.06392443
0.0657;0.06535117
0.0658;0.06582744
0.063;0.0660437
0.0618;0.06502295
0.0608;0.06376681
0.0545;0.06252725
0.0528;0.05930366
0.0476;0.05643735
0.0439;0.05263695
0.0412;0.04876407
0.0372;0.04530801
0.0358;0.04168566
0.0309;0.03892874
0.027;0.03545447
0.0241;0.03178259
0.0204;0.0283894
0.0161;0.02491552
0.0154;0.02113817
0.0142;0.0185351
0.0133;0.01661549
0.0132;0.01522515
0.0142;0.01444914
0.0163;0.01447736
0.0158;0.01544449
0.0174;0.01600138
0.017;0.01697072
0.0166;0.01746301
0.0191;0.01757405
0.02;0.01855438
0.0187;0.01958312
0.0154;0.0197401
0.0147;0.01846911
0.0117;0.0172272
0.01;0.01524617
0.0094;0.01327109
0.0092;0.01179722
0.0084;0.0108657
0.0081;0.01006625
0.0087;0.0095057
0.0086;0.00944053
0.009;0.00943708
0.0069;0.00962427
0.0065;0.00896236
0.0053;0.00831938
0.0041;0.00743862
-0.0016;0.00640178
0.0018;0.0035355
0.0003;0.00288024
-0.0049;0.00208364
-0.0047;-0.00036917
-0.0054;-0.00196286
-0.0047;-0.00316155
-0.0058;-0.00356076
-0.0084;-0.00411441
-0.0121;-0.00543418
-0.0126;-0.00774739
-0.0167;-0.00948982
-0.0178;-0.012116
-0.0183;-0.01423765
-0.0187;-0.01569605
-0.0217;-0.01665212
-0.0234;-0.0183048
-0.0248;-0.02001702
-0.0267;-0.02162099
-0.0275;-0.02332445
-0.031;-0.02467852
-0.0306;-0.02681605
-0.0317;-0.02803953
-0.0287;-0.02912661
-0.0265;-0.02858392
-0.0212;-0.02719505
-0.0186;-0.02412886
-0.0152;-0.02099854
-0.0096;-0.01767905
-0.0083;-0.013432
-0.0082;-0.01021173
-0.0017;-0.00828692
0.0011;-0.00477703
0.0043;-0.00143313
0.0073;0.00185853
0.0068;0.00502084
0.0081;0.0067346
0.0113;0.00810256
0.0098;0.01006936
0.0104;0.01071656
0.0103;0.01119355
0.012;0.01137179
0.0125;0.01207378
0.0109;0.01273055
0.0111;0.01251545
0.0091;0.01235966
0.0093;0.0114626
0.0054;0.01089532
0.0013;0.00904546
0.0005;0.00618297
-0.0003;0.00396045
-0.0034;0.00231319
-0.0031;0.00018158
-0.0022;-0.00103356
-0.0034;-0.00132794
-0.0019;-0.00182926
-0.0018;-0.00152806
-0.0014;-0.00119949
0.0;-0.00080286
0.003;5.1085226e-06
0.0054;0.00171597
0.0058;0.00381277
0.007;0.00533357
0.0075;0.00668845
0.0061;0.00767697
0.0064;0.00768419
0.0056;0.0076707
0.0033;0.00730352
0.0025;0.00612936
-0.0011;0.00498759
-0.0039;0.0028622
-0.005;0.00035506
-0.0082;-0.00168703
-0.0098;-0.00414568
-0.01;-0.00630396
-0.0134;-0.00767433
-0.0141;-0.00972337
-0.0159;-0.01128572
-0.0186;-0.01288797
-0.0189;-0.01489504
-0.0182;-0.01627388
-0.0174;-0.01678094
-0.0196;-0.01665609
-0.0179;-0.01731247
-0.0175;-0.01710299
-0.0177;-0.01673223
-0.0179;-0.01653346
-0.0162;-0.01649079
-0.0153;-0.01582433
-0.0147;-0.01500241
-0.0148;-0.01422854
-0.0138;-0.01378681
-0.013;-0.01316618
-0.0131;-0.01246964
-0.014;-0.01207274
-0.0137;-0.01221071
-0.0162;-0.01225231
-0.0187;-0.0132587
-0.0193;-0.01495721
-0.0215;-0.01634553
-0.0223;-0.01804823
-0.0236;-0.01943546
-0.0234;-0.02076044
-0.024;-0.02147537
-0.0248;-0.02206567
-0.025;-0.02269264
-0.0254;-0.0231398
-0.0252;-0.02353962
-0.0244;-0.02368944
-0.0215;-0.02343517
-0.0227;-0.02209844
-0.0224;-0.02160018
-0.022;-0.02122732
-0.0196;-0.02087354
-0.0192;-0.01974133
-0.0166;-0.01881035
-0.0141;-0.01723286
-0.0119;-0.01522779
-0.0095;-0.01308
-0.0056;-0.0108013
-0.0027;-0.00787535
0.0004;-0.00488635
0.0025;-0.00183157
0.0066;0.00086018
0.012;0.00404823
0.0161;0.00812227
0.0174;0.012305
0.0235;0.01540464
0.0273;0.01954091
0.0309;0.02361168
0.0349;0.0274996
0.038;0.03139619
0.0384;0.03496025
0.0419;0.03724016
0.0452;0.03981358
0.0425;0.04263036
0.0442;0.04331449
0.0448;0.0441394
0.0452;0.04480213
0.0441;0.04531129
0.0454;0.04515643
0.0462;0.04547043
0.0455;0.04599104
0.0444;0.04606531
0.0446;0.04564082
0.043;0.0453857
0.0403;0.04460503
0.0376;0.04302
0.0324;0.04089326
0.0297;0.0374825
0.0263;0.03417382
0.0222;0.03079066
0.0184;0.02711565
0.0152;0.02336331
0.0129;0.01981701
0.0114;0.01678511
0.0115;0.01442644
0.0096;0.01313308
0.0115;0.01177439
0.014;0.01173407
0.0156;0.01285376
0.0184;0.01435459
0.0227;0.01646898
0.0241;0.01953668
0.0243;0.0221015
0.025;0.02373763
0.0258;0.02489783
0.0256;0.02582241
0.024;0.02624759
0.0233;0.0258058
0.0201;0.02513402
0.0187;0.02341259
0.0155;0.02167139
0.0164;0.01931711
0.0143;0.01813765
0.013;0.01671102
0.0096;0.01534429
0.0089;0.01320694
0.0087;0.01154921
0.0103;0.01049098
0.009;0.01054555
0.0073;0.01023467
0.007;0.00940123
0.0062;0.00872472
0.0035;0.00800619
0.0029;0.00652148
0.0023;0.00529558
-0.0005;0.00431769
-0.0027;0.00266841
-0.0044;0.00074506
-0.0039;-0.00113759
-0.0041;-0.00210393
-0.0069;-0.00266688
-0.0041;-0.00400973
-0.0019;-0.00380577
-0.0018;-0.00266788
0.001;-0.0017708
0.0042;-0.000111
0.0046;0.00224045
0.0108;0.00394487
0.0118;0.00734691
0.0168;0.00999422
0.023;0.01351583
0.0266;0.01815386
0.0303;0.0225329
0.0362;0.02665506
0.0409;0.03142628
0.045;0.03621752
0.0471;0.04074408
0.048;0.04428732
0.0479;0.04666648
0.0499;0.04789352
0.0507;0.0492123
0.0477;0.05026034
0.0461;0.04967704
0.0449;0.04848584
0.0442;0.04714696
0.0428;0.04598745
0.0382;0.04473104
0.0359;0.04216894
0.0361;0.03955879
0.0351;0.03798595
0.0359;0.03674039
0.0327;0.0363624
0.0308;0.03502164
0.0317;0.03340319
0.0285;0.03271384
0.0261;0.03114886
0.0235;0.02919723
0.0207;0.0269361
0.0206;0.02441803
0.0193;0.02279636
0.0222;0.02139425
0.0312;0.02171793
0.0279;0.02561909
0.0329;0.02721493
0.0356;0.03002435
0.0329;0.03289716
0.0345;0.03365184
0.0367;0.03450164
0.0377;0.03580451
0.041;0.03701227
0.0449;0.03901957
0.0513;0.04184086
0.0546;0.04615948
0.0598;0.0502834
0.0641;0.05485859
0.0673;0.059381
0.0701;0.06339205
0.0708;0.06686427
0.0743;0.06916644
0.0788;0.07175451
0.0823;0.07504404
0.0873;0.0784688
0.091;0.08252391
0.095;0.08650835
0.0957;0.09050098
0.0963;0.09320892
0.0955;0.09493979
0.0941;0.09551594
0.0921;0.09512772
0.0915;0.09393132
0.0915;0.09280616
0.0942;0.09206702
0.0955;0.09268323
0.0986;0.09372424
0.0989;0.09566209
0.0983;0.09710036
0.1003;0.09773603
0.0984;0.0988031
0.1019;0.09873661
0.1036;0.09992357
0.1035;0.10140704
0.0997;0.10233939
0.0985;0.10139466
0.0962;0.10012114
0.0933;0.0983362
0.088;0.09602267
0.0818;0.09246181
0.0753;0.08771075
0.0712;0.08209805
0.0669;0.07692021
0.0638;0.07209212
0.0631;0.06798737
0.0624;0.06531365
0.0632;0.0636175
0.0682;0.06308191
0.0691;0.06489648
0.0733;0.06670222
0.0799;0.06955345
0.0838;0.07401807
0.0899;0.07850075
0.0949;0.08368568
0.1004;0.08889796
0.1017;0.09424791
0.1034;0.09804258
0.1039;0.10084055
0.1;0.10256125
0.0976;0.10190807
0.0939;0.10023177
0.092;0.09753266
0.0877;0.09494093
0.084;0.09163038
0.0818;0.08806833
0.0794;0.08497532
0.0767;0.08219044
0.0719;0.07949377
0.0686;0.07602032
0.0676;0.07254811
0.0643;0.07002187
0.0636;0.06731042
0.0633;0.06540368
0.0624;0.06422918
0.0633;0.06328956
0.0604;0.06313916
0.0582;0.06204746
0.0592;0.06046673
0.0583;0.05981572
0.0572;0.05915602
0.0565;0.05835706
0.0565;0.05759477
0.0539;0.05713479
0.0527;0.05588673
0.0534;0.0545841
0.0501;0.05402988
0.0496;0.05249251
0.0498;0.05127398
0.048;0.05061772
0.0468;0.04959044
0.0453;0.04848116
0.0429;0.04721073
0.0401;0.04548582
0.0368;0.04329211
0.0324;0.04060501
0.029;0.03718378
0.0256;0.03367108
0.0231;0.03016726
0.0192;0.02705035
0.0189;0.02368411
0.0149;0.02150389
0.0133;0.01876586
0.0097;0.01646335
0.0062;0.01371883
0.0042;0.0106626
0.0022;0.00798457
0.0045;0.00561258
0.0017;0.00510623
0.0025;0.00395263
0.0037;0.00356736
0.0032;0.00389479
0.0025;0.00402102
0.0061;0.00384799
0.0093;0.00511056
0.0099;0.00727898
0.0104;0.00899323
0.0118;0.01023451
0.0145;0.01148071
0.0149;0.0132681
0.0153;0.01456843
0.0143;0.01547622
0.0169;0.01558263
0.0162;0.01653778
0.0142;0.01690684
0.0115;0.01630631
0.0099;0.01476433
0.0072;0.01305024
0.0039;0.01088673
0.0006;0.00821197
0.0014;0.00521778
-0.0002;0.00363471
-0.0012;0.00219263
-0.0003;0.00099147
-0.0014;0.00066023
0.0009;0.00015547
-0.0038;0.00076148
-0.0039;-0.0005454
-0.0055;-0.00155309
-0.0078;-0.00280564
-0.0139;-0.00449327
-0.0154;-0.00794224
-0.0174;-0.01084937
-0.0197;-0.01340625
-0.0232;-0.01581791
-0.0249;-0.0186109
-0.028;-0.02100217
-0.0316;-0.02361853
-0.0302;-0.02661465
-0.032;-0.02794337
-0.0315;-0.02926612
-0.0324;-0.02981416
-0.0302;-0.03037921
-0.0267;-0.02983153
-0.0245;-0.0279968
-0.0241;-0.02582547
-0.0228;-0.02423703
-0.0249;-0.02279345
-0.0255;-0.02274913
-0.025;-0.02312463
-0.0249;-0.02326705
-0.0236;-0.0233268
-0.0259;-0.02285785
-0.0245;-0.02340066
-0.0199;-0.0232886
-0.0162;-0.02139846
-0.0096;-0.01859556
-0.0078;-0.01415537
-0.0038;-0.01050069
0.0022;-0.00673138
0.001;-0.00209986
0.0054;0.00036247
0.0094;0.00334479
0.0156;0.00669367
0.0183;0.01116435
0.0201;0.0150693
0.0218;0.01812075
0.0216;0.0205273
0.0194;0.02180003
0.0176;0.0215479
0.0155;0.02045503
0.0119;0.01879069
0.0108;0.0162481
0.0078;0.01411927
0.0055;0.01165389
0.0051;0.00921693
0.0036;0.00756444
0.0024;0.00606469
0.0053;0.00473506
0.0059;0.00508504
0.0039;0.00574212
0.0015;0.00547899
0.003;0.00432469
0.0;0.00407917
-0.0011;0.00283565
-0.0011;0.00155818
-0.0025;0.00074497
-0.0049;-0.00024968
-0.0094;-0.00179066
-0.0126;-0.00453448
-0.0139;-0.00760444
-0.0148;-0.01006909
-0.02;-0.01187947
-0.0224;-0.01490342
-0.0208;-0.01778325
-0.0233;-0.01893607
-0.0236;-0.02040735
-0.0241;-0.02138827
-0.0268;-0.02210678
-0.0275;-0.02352956
-0.0268;-0.02472561
-0.0274;-0.02517357
-0.0238;-0.02558603
-0.0275;-0.02440866
-0.0299;-0.02492163
-0.0316;-0.02628969
-0.0322;-0.02791931
-0.0315;-0.02922064
-0.0342;-0.02973122
-0.0334;-0.03099077
-0.0323;-0.03150386
-0.0332;-0.03132079
-0.0319;-0.03145153
-0.0291;-0.03102801
-0.0264;-0.02962031
-0.0222;-0.02758018
-0.0179;-0.02459167
-0.0133;-0.02095491
-0.0066;-0.01683167
-0.0059;-0.01162703
-0.0021;-0.00802463
0.0004;-0.00449327
0.0016;-0.00142849
0.0016;0.0008263
0.0001;0.00207497
0.0016;0.00209082
0.0003;0.00247554
-0.0007;0.00217491
-0.0029;0.00150779
-0.0023;0.00017086
-0.0029;-0.00052022
-0.0037;-0.00113732
-0.0035;-0.00180442
-0.0036;-0.00213375
-0.0047;-0.00233351
-0.0022;-0.00285168
-0.0017;-0.00222706
0.0021;-0.0015277
0.0058;0.00041929
0.009;0.00320093
0.0124;0.00628732
0.0161;0.00957224
0.0199;0.01305998
0.0227;0.01669792
0.0287;0.02002912
0.032;0.02435341
0.0342;0.02836952
0.0377;0.03166369
0.0392;0.03493692
0.0409;0.03747598
0.0409;0.03957831
0.041;0.04076888
0.0392;0.04139074
0.0394;0.04095354
0.0366;0.040595
0.0345;0.03924013
0.0299;0.03746299
0.0283;0.03450115
0.0253;0.03190253
0.0244;0.02913978
0.0218;0.02708033
0.0191;0.02489216
0.0164;0.02252478
0.0132;0.02002311
0.0104;0.01724323
0.0099;0.0144306
0.005;0.0125099
0.0045;0.00954652
0.0058;0.0074627
0.007;0.0067735
0.0074;0.00700884
0.0082;0.0074826
0.0106;0.00817258
0.0078;0.00958254
0.0075;0.0094673
0.01;0.00914258
0.014;0.00984299
0.0174;0.0119127
0.02;0.01467966
0.0247;0.01751713
0.029;0.02112329
0.0311;0.02509526
0.0339;0.02840832
0.0357;0.0314605
0.0358;0.03396853
0.0365;0.03545285
0.0392;0.03647708
0.0379;0.0380366
0.0363;0.03850407
0.0347;0.03804426
0.032;0.03699122
0.0295;0.03518015
0.0244;0.03297491
0.0186;0.02956366
0.0162;0.02506634
0.0154;0.02121009
0.0131;0.01856058
0.0127;0.01619916
0.0127;0.01468834
0.0176;0.01389879
0.0187;0.01544551
0.019;0.01713581
0.0203;0.01841232
0.0211;0.01969538
0.0239;0.02079299
0.0267;0.0225275
0.0256;0.02473654
0.0276;0.02573514
0.0296;0.02700231
0.0306;0.02854058
0.0318;0.02989162
0.0316;0.03116432
0.0311;0.03184682
0.0318;0.03199344
0.0345;0.03226369
0.0342;0.03345451
0.0332;0.03416251
0.0345;0.03418203
0.0362;0.03460779
0.0383;0.03554134
0.0391;0.03698561
0.0416;0.038255
0.0444;0.04000211
0.0441;0.04220821
0.0419;0.04350923
0.0417;0.04336962
0.0413;0.04301159
0.0391;0.04254531
0.0445;0.04136223
0.0434;0.04262732
0.0453;0.04322108
0.0483;0.04432139
0.0506;0.04621441
0.0525;0.04837187
0.0539;0.05049179
0.0557;0.05234567
0.0547;0.05414828
0.0628;0.05484537
0.0615;0.05826921
0.063;0.06012293
0.0634;0.06173802
0.0656;0.06281729
0.0636;0.06424156
0.0642;0.06434431
0.0658;0.06448467
0.0667;0.06513907
0.063;0.06592548
0.0624;0.06499889
0.0676;0.0640097
0.0674;0.06534579
0.068;0.06632642
0.0643;0.06719518
0.063;0.06629457
0.0604;0.06503792
0.0581;0.06315549
0.0578;0.06100574
0.0547;0.05950803
0.0528;0.05744585
0.054;0.05540403
0.0561;0.0546102
0.0554;0.0550805
0.0583;0.05529281
0.0559;0.05658363
0.0578;0.05658501
0.0606;0.05722195
0.0606;0.05873717
0.0631;0.05977805
0.0641;0.06136465
0.0628;0.0627782
0.0626;0.06313652
0.0618;0.06315446
0.0645;0.06277388
0.0676;0.06351024
0.073;0.06526051
0.0753;0.06856734
0.08;0.07170498
0.0852;0.07549624
0.0925;0.07991835
0.0945;0.08554688
0.0992;0.08992852
0.101;0.09433246
0.1035;0.09768613
0.1065;0.10056262
0.1103;0.10337114
0.1145;0.10650416
0.1164;0.11005454
0.121;0.11300229
0.1216;0.11652175
0.1269;0.11894264
0.128;0.12235295
0.1281;0.12492969
0.1283;0.12646171
0.1305;0.12732162
0.1327;0.12856369
0.135;0.13016658
0.1353;0.13206914
0.1272;0.13338833
0.1286;0.13100056
0.1274;0.12963428
0.125;0.12829964
0.1243;0.12654154
0.1175;0.12514062
0.1088;0.12167455
0.1031;0.11595934
0.1009;0.10992778
0.1007;0.10524526
0.0999;0.10241535
0.1005;0.10063028
0.1021;0.0999839
0.1007;0.10041953
0.1018;0.10034828
0.0944;0.10074854
0.0928;0.09819632
0.0975;0.09570439
0.0985;0.09590705
0.0966;0.09669741
0.0962;0.09660625
0.0937;0.09635139
0.0941;0.09519796
0.0921;0.09453614
0.0925;0.09337808
0.0865;0.09277503
0.0809;0.09013267
0.0761;0.08613322
0.0724;0.08160573
0.0688;0.07727303
0.067;0.07321211
0.0606;0.070062
0.0551;0.06578068
0.0488;0.0609534
0.0431;0.05548503
0.0399;0.04984619
0.0383;0.04512092
0.0362;0.04171456
0.0367;0.03901505
0.0377;0.03771503
0.0384;0.0375315
0.0405;0.03790327
0.0435;0.03908689
0.0427;0.04111996
0.0447;0.04220568
0.0479;0.04358839
0.0479;0.04568997
0.0471;0.0470625
0.0501;0.04753555
0.0536;0.04886184
0.0544;0.05108111
0.0551;0.05286371
0.0562;0.05420934
0.0578;0.05539995
0.0627;0.05670681
0.0596;0.05939801
0.0617;0.05999712
0.0607;0.06098259
0.0621;0.06117604
0.0652;0.06173342
0.069;0.06327802
0.07;0.06580381
0.0687;0.0678812
0.068;0.0686427
0.0672;0.06868272
0.0657;0.06826101
0.0625;0.06732073
0.0605;0.06541073
0.0584;0.06332319
0.056;0.06116441
0.0549;0.05888416
0.0519;0.05704102
0.049;0.05479831
0.046;0.05227752
0.0451;0.04953929
0.0443;0.04748467
0.0424;0.04599166
0.0415;0.04443717
0.0395;0.04316798
0.0386;0.04166668
0.0374;0.04039527
0.0382;0.03918337
0.0396;0.03877276
0.0395;0.0391661
0.0389;0.03949747
0.0398;0.03950691
0.0368;0.03983991
0.0336;0.03891521
0.0332;0.03697933
0.0301;0.03548253
0.0258;0.03336685
0.0268;0.03033897
0.0281;0.02874847
0.026;0.02840488
0.0232;0.02756957
0.0195;0.02598529
0.0148;0.02350825
0.0131;0.02005284
0.0126;0.01713394
0.0128;0.01517219
0.0098;0.01416881
0.0094;0.01254899
0.0091;0.01138988
0.0078;0.01062001
0.0099;0.00971438
0.0084;0.00998425
0.0077;0.00971195
0.0061;0.00926269
0.0084;0.00834854
0.01;0.00862131
0.009;0.00952553
0.0171;0.00980359
0.0183;0.01307271
0.0192;0.01586844
0.0156;0.0179797
0.0224;0.01781725
0.0222;0.02006589
0.019;0.02154351
0.0196;0.02117389
0.0199;0.02095349
0.0171;0.02087428
0.0127;0.01973495
0.0128;0.01720968
0.0133;0.01550278
0.012;0.01467962
0.0091;0.01378334
0.0094;0.01214308
0.008;0.0111838
0.0095;0.01011357
0.0097;0.01004812
0.0092;0.01020666
0.0107;0.01017834
0.0112;0.01074509
0.0112;0.01135685
0.0029;0.01176085
0.0001;0.00878489
-0.0028;0.00549188
-0.0093;0.00219399
-0.0143;-0.0023902
-0.0164;-0.00728987
-0.0198;-0.01118292
-0.024;-0.01478467
-0.0267;-0.01853951
-0.0285;-0.02186386
-0.0339;-0.02452765
-0.0334;-0.02813674
-0.0381;-0.03021335
-0.0406;-0.03313444
-0.0443;-0.03592072
-0.044;-0.03904024
-0.0503;-0.0408567
-0.05;-0.04425293
-0.048;-0.04633805
-0.0474;-0.04672173
-0.0486;-0.04648452
-0.0455;-0.04664722
-0.0466;-0.04553633
-0.0478;-0.04512689
-0.0429;-0.04536687
-0.0374;-0.04369965
-0.0377;-0.04036112
-0.0341;-0.03818295
-0.0304;-0.03551057
-0.0271;-0.03240708
-0.0243;-0.0291754
-0.0235;-0.02608818
-0.024;-0.02390424
-0.0246;-0.02287639
-0.0219;-0.02265639
-0.0213;-0.0216352
-0.0223;-0.02074569
-0.0217;-0.02059936
-0.0217;-0.02037094
-0.0216;-0.02025565
-0.0229;-0.02017066
-0.0201;-0.02063505
-0.0187;-0.01990549
-0.0223;-0.01880517
-0.0198;-0.01944649
-0.018;-0.01904624
-0.0144;-0.01804309
-0.014;-0.01595012
-0.0131;-0.01436344
-0.014;-0.01305457
-0.0139;-0.01263807
-0.0113;-0.01246079
-0.0102;-0.01141511
-0.0078;-0.0102767
-0.0049;-0.00862123
-0.0009;-0.00642045
-0.0054;-0.00344599
-0.003;-0.00325509
-0.0024;-0.00249514
-0.0015;-0.00182919
-0.0022;-0.00110017
-0.0023;-0.00093076
0.0015;-0.00093528
0.0048;0.0004862
0.0064;0.00277742
0.0089;0.00494182
0.0108;0.00726331
0.0112;0.0094441
0.0094;0.01092172
0.0124;0.01104113
0.0132;0.01208581
0.0131;0.01307338
0.0112;0.01363944
0.0119;0.01319893
0.0109;0.0130651
0.0108;0.01258471
0.0108;0.01220603
0.0115;0.01196954
0.0106;0.0121094
0.0114;0.0118942
0.0057;0.01204703
0.0034;0.00997065
0.0043;0.00756805
0.0036;0.00633122
0.004;0.0054
0.0037;0.00505247
-0.0002;0.00481563
-0.0003;0.0032086
-0.0005;0.00204888
-0.0051;0.00127163
-0.0089;-0.00093373
-0.0072;-0.00389664
-0.0074;-0.00518179
-0.0056;-0.00589277
-0.0077;-0.00551339
-0.01;-0.0059255
-0.0092;-0.0070981
-0.0078;-0.00759852
-0.0053;-0.0073136
-0.004;-0.00606503
-0.0013;-0.00465172
0.0022;-0.00267492
0.0059;-2.4569003e-05
0.0075;0.00313254
0.0104;0.00577268
0.0122;0.00847645
0.012;0.0108188
0.0143;0.01212443
0.017;0.01367157
0.0129;0.0156372
0.0087;0.01528613
0.0108;0.0131867
0.007;0.01242557
0.0042;0.01054443
0.0031;0.00819662
0.0029;0.00624418
0.0012;0.00498887
-0.0012;0.00365055
-0.0041;0.00192605
-0.0072;-0.00028257
-0.0074;-0.00289344
-0.0093;-0.0046292
-0.0079;-0.006341
-0.0064;-0.00681188
-0.0065;-0.00636121
-0.0043;-0.00596216
-0.0029;-0.00481551
-0.002;-0.00346625
0.0;-0.00223281
0.0033;-0.00069744
0.0048;0.00155466
0.0064;0.00360453
0.0039;0.00548153
0.0053;0.00564139
0.0101;0.00607363
0.0113;0.00815408
0.0117;0.01006079
0.0129;0.01141281
0.0156;0.01264771
0.013;0.01441232
0.0132;0.01453095
0.0136;0.01450314
0.0117;0.01456275
0.0129;0.01384477
0.0136;0.01377124
0.0096;0.0140366
0.0077;0.01270186
0.0053;0.01098367
0.0026;0.00890697
0.0024;0.00651999
0.0025;0.00492456
0.0061;0.00406111
0.0083;0.00503579
0.008;0.006733
0.009;0.00782317
0.0113;0.00886599
0.0144;0.0103869
0.0193;0.01256872
0.0256;0.01588977
0.0285;0.02051585
0.0319;0.02466471
0.0356;0.02852339
0.0405;0.03227843
0.0446;0.03643968
0.0491;0.04059835
0.0495;0.0448818
0.0515;0.04766012
0.0529;0.04995191
0.0569;0.05177006
0.0586;0.05432382
0.0584;0.05658283
0.06;0.05785692
0.0607;0.05912519
0.0616;0.06012151
0.0623;0.0610247
0.0637;0.06181364
0.067;0.06280852
0.0653;0.06470367
0.0636;0.06530738
0.067;0.06490126
0.0627;0.06581201
0.0626;0.06480133
0.064;0.06395269
0.0622;0.06392962
0.0601;0.06329652
0.0568;0.06205142
0.0552;0.05992874
0.055;0.05788405
0.0555;0.05652426
0.0579;0.05595532
0.0591;0.05665153
0.0647;0.05772775
0.0665;0.06066093
0.0685;0.06340276
0.0709;0.0659157
0.0714;0.06837624
0.0752;0.0700651
0.0773;0.07247345
0.0801;0.07480551
0.0833;0.07731618
0.0841;0.08010554
0.0856;0.08215243
0.0888;0.08390437
0.0914;0.08614848
0.0932;0.08855568
0.0955;0.0907463
0.0978;0.09295293
0.0998;0.0951814
0.1054;0.09731153
0.1083;0.10076287
0.1131;0.10413568
0.1165;0.10808775
0.1185;0.11189236
0.1155;0.11499383
0.1154;0.11564165
0.1145;0.11568154
0.1119;0.11517504
0.1083;0.11372712
0.1079;0.11128969
0.1184;0.10947362
0.1234;0.11243919
0.1214;0.11673931
0.1238;0.11892988
0.1257;0.12107083
0.1274;0.12306968
0.1218;0.12491623
0.1223;0.12384437
0.1261;0.12303232
0.1273;0.1239166
0.1239;0.12508109
0.1233;0.12455784
0.1234;0.12383751
0.1233;0.12335692
0.1214;0.12302403
0.1196;0.12210052
0.1189;0.12077606
0.1183;0.11962884
0.115;0.11869395
0.116;0.11686962
0.1169;0.11604881
0.1157;0.11598212
0.1187;0.11559387
0.121;0.11652229
0.1235;0.11813603
0.1239;0.12022273
0.1221;0.12175341
0.1208;0.12196267
0.1173;0.12142564
0.1128;0.1196015
0.1078;0.11654701
0.1073;0.1125351
0.1029;0.10970778
0.0985;0.10635196
0.092;0.10256302
0.087;0.09767447
0.0834;0.09261147
0.076;0.08806338
0.0694;0.0824659
0.067;0.07639328
0.0661;0.07167549
0.0617;0.06858326
0.0599;0.06523403
0.0589;0.06255288
0.0599;0.06063719
0.0559;0.05998845
0.0581;0.05824477
0.0597;0.05797946
0.0608;0.05859792
0.0642;0.05956195
0.0715;0.06156459
0.0731;0.06576933
0.0766;0.06926532
0.0836;0.07277742
0.0868;0.0776424
0.0907;0.08200994
0.0923;0.08617808
0.0953;0.08931272
0.0953;0.09225303
0.0979;0.09397405
0.0976;0.09585777
0.0973;0.096845
0.0972;0.09720458
0.0972;0.09726401
0.0986;0.0972191
0.0983;0.09768919
0.0955;0.09790073
0.0941;0.09692694
0.0922;0.09564567
0.0881;0.09404297
0.0869;0.09141044
0.0858;0.08919621
0.0832;0.08741921
0.0841;0.0853789
0.0845;0.08446962
0.082;0.08419896
0.0825;0.08318636
0.0794;0.08271992
0.0763;0.08128881
0.0691;0.07912433
0.0653;0.07490435
0.0588;0.07058422
0.0566;0.06533065
