actual;predicted
-0.075;0.13046521
-0.0735;0.13118416
-0.0684;0.13150154
-0.0634;0.13258153
-0.0619;0.13364163
-0.0602;0.13395989
-0.0577;0.13432074
-0.0555;0.1348517
-0.0542;0.13531916
-0.0515;0.13559552
-0.0449;0.13616978
-0.042;0.13757503
-0.0367;0.13819322
-0.0325;0.13932411
-0.0278;0.1402213
-0.0242;0.14122641
-0.0204;0.14199701
-0.0165;0.14281116
-0.0161;0.1436475
-0.013;0.14373331
-0.0109;0.14439873
-0.0121;0.14484979
-0.0119;0.14459203
-0.0135;0.14463493
-0.0161;0.14429134
-0.0176;0.14373331
-0.0194;0.14341155
-0.0209;0.14302552
-0.0233;0.14270398
-0.0266;0.14218979
-0.0312;0.1414832
-0.0337;0.14049922
-0.0402;0.13996488
-0.0408;0.13857715
-0.0459;0.13844915
-0.0487;0.13736196
-0.0518;0.13676567
-0.0579;0.13610594
-0.0618;0.13480918
-0.0629;0.13398111
-0.0662;0.13374771
-0.0673;0.1330478
-0.068;0.13281463
-0.0693;0.1326663
-0.0687;0.13239086
-0.0678;0.13251796
-0.067;0.13270865
-0.0643;0.13287823
-0.0581;0.1334507
-0.0554;0.13476673
-0.0554;0.13534041
-0.0514;0.13534041
-0.0488;0.13619104
-0.0464;0.1367444
-0.0449;0.13725547
-0.0493;0.13757503
-0.0513;0.13663793
-0.0536;0.13621232
-0.0581;0.1357231
-0.0638;0.13476673
-0.071;0.13355675
-0.0766;0.1320308
-0.0804;0.13084577
-0.0863;0.13004254
-0.0902;0.1287969
-0.0954;0.12797448
-0.1018;0.12687916
-0.1082;0.12553291
-0.1158;0.12418878
-0.1238;0.12259534
-0.1276;0.12092124
-0.1312;0.12012716
-0.1353;0.11937554
-0.1385;0.11852036
-0.1396;0.11785352
-0.14;0.11762437
-0.1397;0.11754107
-0.1387;0.11760356
-0.1363;0.11781181
-0.133;0.11831191
-0.125;0.119
-0.1194;0.12067039
-0.1142;0.12184158
-0.1119;0.12293057
-0.1062;0.12341268
-0.1033;0.12460859
-0.1015;0.12521772
-0.1019;0.12559596
-0.0995;0.12551191
-0.096;0.12601648
-0.0962;0.12675281
-0.0971;0.12671074
-0.0972;0.12652133
-0.097;0.12650031
-0.0962;0.12654237
-0.0963;0.12671074
-0.0945;0.12668975
-0.0935;0.12706862
-0.0939;0.12727919
-0.0867;0.12719496
-0.0848;0.1287125
-0.0801;0.12911342
-0.0735;0.13010594
-0.0681;0.13150154
-0.06;0.13264512
-0.054;0.13436322
-0.0498;0.13563806
-0.0459;0.1365315
-0.0415;0.13736196
-0.0382;0.13829982
-0.0401;0.13900395
-0.0422;0.1385985
-0.0425;0.13815057
-0.0435;0.13808663
-0.0425;0.13787344
-0.0403;0.13808663
-0.0388;0.13855581
-0.0397;0.13887586
-0.0379;0.13868384
-0.0394;0.13906796
-0.0395;0.13874781
-0.041;0.13872649
-0.0436;0.1384065
-0.0459;0.13785213
-0.0411;0.13736196
-0.0434;0.13838516
-0.0414;0.13789473
-0.038;0.13832118
-0.0339;0.13904661
-0.0326;0.13992214
-0.0282;0.14019996
-0.0223;0.14114082
-0.0175;0.14240402
-0.012;0.14343299
-0.0076;0.1446135
-0.003;0.14555901
0.0013;0.14654855
0.0095;0.14747454
0.0144;0.14924304
0.0117;0.15030146
0.0102;0.14971809
0.0106;0.14939414
0.0096;0.14948055
0.0068;0.14926462
0.0068;0.14866033
0.006;0.14866033
0.0037;0.14848775
0.0021;0.14799178
-0.001;0.14764692
-0.0019;0.14697912
-0.0004;0.14678532
-0.0005;0.14710833
-0.001;0.1470868
-0.0019;0.14697912
-0.0019;0.14678532
-0.0025;0.14678532
-0.0011;0.14665616
0.0018;0.14695762
0.0019;0.14758226
0.007;0.14760382
0.0096;0.14870349
0.0133;0.14926462
0.0155;0.15006374
0.0192;0.15053923
0.0215;0.15133949
0.0269;0.1518373
0.031;0.15300709
0.035;0.15389632
0.0411;0.15476465
0.042;0.15609047
0.043;0.15628625
0.0433;0.15650383
0.0436;0.1565691
0.0418;0.15663439
0.0393;0.15624273
0.0377;0.15569901
0.0356;0.15535125
0.0337;0.15489498
0.0282;0.15448236
0.0268;0.15328896
0.024;0.15298544
0.021;0.15237868
0.0181;0.15172905
0.0136;0.15110151
0.0111;0.15012854
0.0085;0.14958851
0.0078;0.14902721
0.011;0.14887613
0.0057;0.14956693
0.0006;0.14842309
-0.002;0.14732374
-0.0027;0.1467638
-0.0022;0.14661312
-0.0034;0.14672077
-0.0051;0.14646246
-0.0072;0.14609665
-0.0085;0.145645
-0.0113;0.14536549
-0.0131;0.14476381
-0.0182;0.14437725
-0.0211;0.14328283
-0.0268;0.14266112
-0.0272;0.14144042
-0.0266;0.1413548
-0.0243;0.1414832
-0.0229;0.1419756
-0.0212;0.14227547
-0.0235;0.14263971
-0.0139;0.14214694
-0.0116;0.1442055
-0.0125;0.14469938
-0.0098;0.1445061
-0.0078;0.14508611
-0.0064;0.145516
-0.0049;0.14581706
-0.006;0.14613965
-0.0036;0.14590304
0.0018;0.1464194
0.0083;0.14758226
0.0154;0.14898401
0.0168;0.15051761
0.0215;0.15082034
0.0222;0.1518373
0.0234;0.15198886
0.026;0.15224874
0.033;0.15281203
0.0359;0.15433037
0.0381;0.15496017
0.0377;0.15543821
0.044;0.15535125
0.0404;0.15672144
0.0391;0.15593825
0.0381;0.1556556
0.0357;0.15543821
0.0364;0.1549167
0.0354;0.15506878
0.0402;0.15485156
0.0385;0.15589476
0.033;0.15552515
0.0339;0.15433037
0.0327;0.1545258
0.0333;0.15426527
0.0355;0.15439554
0.0374;0.15487325
0.0389;0.15528607
0.0433;0.1556121
0.0454;0.1565691
0.05;0.15702623
0.0594;0.15802832
0.0612;0.16007939
0.0641;0.1604727
0.0687;0.16110663
0.0725;0.16211312
0.0758;0.16294543
0.0798;0.16366881
0.0839;0.16454636
0.0885;0.16544673
0.0981;0.16645795
0.1017;0.16857177
0.1058;0.16936569
0.1094;0.1702707
0.113;0.17106602
0.1169;0.17186204
0.119;0.17272514
0.1214;0.17319022
0.1241;0.173722
0.1247;0.17432067
0.1233;0.17445369
0.1211;0.17414322
0.1185;0.17365554
0.1151;0.17307948
0.1108;0.17232667
0.1071;0.17137548
0.1041;0.17055781
0.1018;0.16989534
0.0996;0.16938777
0.0989;0.1689025
0.0959;0.16874814
0.095;0.16808696
0.0966;0.16788866
0.0986;0.16824116
0.0983;0.16868196
0.1014;0.16861588
0.1053;0.16929951
0.1025;0.17016031
0.1043;0.16954221
0.1045;0.16993949
0.1011;0.16998364
0.1007;0.16923332
0.1001;0.1691451
0.1014;0.16901276
0.1011;0.16929951
0.1032;0.16923332
0.1014;0.16969667
0.0989;0.16929951
0.0973;0.16874814
0.0953;0.16839543
0.0931;0.16795476
0.0901;0.16747022
0.0886;0.16680992
0.087;0.16647993
0.0863;0.1661281
0.0841;0.16597418
0.0828;0.16549072
0.0814;0.1652051
0.0792;0.16489762
0.0768;0.16441475
0.0761;0.16388814
0.0742;0.1637346
0.0732;0.16331802
0.0716;0.16309886
0.0681;0.16274828
0.0642;0.1619818
0.0646;0.16112854
0.0617;0.161216
0.0609;0.16058198
0.0564;0.16040713
0.0534;0.15942429
0.0439;0.15876967
0.0378;0.1566997
0.0305;0.15537302
0.0217;0.15378785
0.0139;0.1518806
0.0043;0.1501934
-0.005;0.14812113
-0.0139;0.1461182
-0.0225;0.1442055
-0.0235;0.14236113
-0.0233;0.14214694
-0.023;0.14218979
-0.0212;0.14225404
-0.0158;0.14263971
-0.0104;0.14379768
-0.0036;0.14495715
0.0021;0.1464194
0.0043;0.14764692
0.0106;0.14812113
0.0147;0.14948055
0.0129;0.1503663
0.0103;0.14997731
0.0094;0.14941578
0.0068;0.14922144
0.0047;0.14866033
0.0012;0.1482074
-0.0026;0.147453
-0.0055;0.14663464
-0.0132;0.14601062
-0.0206;0.14435579
-0.0244;0.1427683
-0.0315;0.1419542
-0.0355;0.1404351
-0.0385;0.13958038
-0.0426;0.13893989
-0.0479;0.13806532
-0.0509;0.13693602
-0.0536;0.13629742
-0.0647;0.1357231
-0.0654;0.13336588
-0.0669;0.13321744
-0.0699;0.13289942
-0.0728;0.13226376
-0.0746;0.1316497
-0.0761;0.13126878
-0.078;0.1309515
-0.0789;0.13054976
-0.08;0.13035955
-0.0834;0.13012704
-0.0864;0.12940896
-0.0884;0.1287758
-0.0908;0.12835397
-0.0925;0.12784803
-0.0952;0.12748984
-0.0971;0.12692124
-0.1004;0.12652133
-0.1021;0.12582724
-0.1041;0.12546988
-0.1028;0.12504964
-0.1034;0.12532277
-0.1026;0.1251967
-0.1015;0.12536478
-0.1001;0.12559596
-0.0987;0.1258903
-0.0975;0.12618475
-0.0973;0.1264372
-0.0956;0.12647927
-0.0944;0.12683706
-0.0989;0.12708966
-0.1013;0.12614267
-0.1034;0.12563802
-0.1049;0.1251967
-0.1056;0.12488161
-0.1066;0.12473461
-0.1074;0.12452462
-0.108;0.12435669
-0.109;0.12423076
-0.1084;0.1240209
-0.1087;0.12414682
-0.1047;0.12408386
-0.1011;0.1249236
-0.0972;0.12568007
-0.0934;0.12650031
-0.0899;0.12730026
-0.0863;0.1280377
-0.0838;0.1287969
-0.0802;0.1293245
-0.0777;0.1300848
-0.0697;0.13061318
-0.0684;0.13230611
-0.0669;0.13258153
-0.0653;0.13289942
-0.064;0.13323861
-0.0628;0.13351433
-0.062;0.13376892
-0.0618;0.13393867
-0.0624;0.13398111
-0.0617;0.13385378
-0.071;0.13400234
-0.0758;0.1320308
-0.0786;0.13101496
-0.0824;0.13042289
-0.0876;0.12962008
-0.0921;0.1285227
-0.0972;0.12757409
-0.1028;0.12650031
-0.1071;0.12532277
-0.1103;0.12441967
-0.1194;0.1237482
-0.1177;0.12184158
-0.116;0.12219745
-0.1157;0.12255345
-0.1142;0.12261631
-0.1125;0.12293057
-0.1105;0.12328689
-0.1091;0.12370625
-0.1068;0.12399995
-0.1055;0.12448263
-0.098;0.12475562
-0.0998;0.12633198
-0.0997;0.12595338
-0.1004;0.12597439
-0.1009;0.12582724
-0.1012;0.12572211
-0.101;0.12565905
-0.0997;0.12570107
-0.0998;0.12597439
-0.1004;0.12595338
-0.0964;0.12582724
-0.0953;0.12666866
-0.0944;0.12690021
-0.0958;0.12708966
-0.0978;0.12679493
-0.0981;0.12637408
-0.0982;0.12631096
-0.0976;0.1262899
-0.0976;0.12641616
-0.0966;0.12641616
-0.0816;0.12662657
-0.0748;0.12978907
-0.0654;0.1312265
-0.056;0.13321744
-0.046;0.1352129
-0.0382;0.13734068
-0.0313;0.13900395
-0.0245;0.14047782
-0.019;0.14193277
-0.0132;0.14311129
-0.0065;0.14435579
-0.0052;0.14579554
-0.0069;0.14607516
-0.0111;0.14570951
-0.0133;0.14480679
-0.0161;0.14433433
-0.0192;0.14373331
-0.0254;0.1430684
-0.029;0.14174007
-0.0321;0.1409697
-0.039;0.14030682
-0.0381;0.13883317
-0.0395;0.13902524
-0.0404;0.13872649
-0.0409;0.13853449
-0.0414;0.13842784
-0.0425;0.13832118
-0.0444;0.13808663
-0.044;0.1376816
-0.0444;0.13776685
-0.0467;0.1376816
-0.0476;0.13719156
-0.049;0.13699988
-0.0509;0.13670182
-0.055;0.13629742
-0.0546;0.13542542
-0.0558;0.13551046
-0.0553;0.13525541
-0.0523;0.13536167
-0.0503;0.13599959
-0.0504;0.13642511
-0.0487;0.13640384
-0.0471;0.13676567
-0.045;0.13710637
-0.0432;0.13755374
-0.0416;0.13793737
-0.0407;0.13827854
-0.0409;0.13847047
-0.0426;0.13842784
-0.0416;0.13806532
-0.0385;0.13827854
-0.0409;0.13893989
-0.0402;0.13842784
-0.0423;0.13857715
-0.0392;0.13812926
-0.0342;0.13879052
-0.0299;0.13985804
-0.0236;0.14077719
-0.0177;0.14212553
-0.0063;0.14339009
-0.0017;0.14583856
0.0045;0.1468284
0.0082;0.14816429
0.011;0.14896242
0.0125;0.14956693
0.0159;0.1498909
0.0163;0.15062572
0.0169;0.15071219
0.0126;0.1508419
0.0114;0.14991249
0.0113;0.14965329
0.0057;0.14963171
0.0054;0.14842309
0.0026;0.14835836
-0.0003;0.14775467
-0.0048;0.14712988
-0.0086;0.14616118
-0.0123;0.14534402
-0.0143;0.14454906
-0.0176;0.14411962
-0.0104;0.14341155
-0.0098;0.14495715
-0.0126;0.14508611
-0.0093;0.14448462
-0.0035;0.14519356
-0.0016;0.14644094
0.0014;0.14684993
0.0064;0.1474961
0.0081;0.14857405
0.0198;0.14894086
0.0269;0.15146932
0.0279;0.15300709
0.0339;0.1532239
0.038;0.1545258
0.0413;0.15541647
0.046;0.156134
0.0515;0.15715687
0.0535;0.1583553
0.0561;0.15879147
0.059;0.15935883
0.059;0.15999201
0.0593;0.15999201
0.0588;0.16005756
0.0566;0.1599484
0.0541;0.15946795
0.0519;0.15892237
0.0493;0.1584425
0.0492;0.15787575
0.0472;0.15785395
0.0483;0.15741822
0.0504;0.15765785
0.0539;0.15811548
0.0558;0.15887874
0.0555;0.15929335
0.0583;0.15922785
0.0581;0.15983917
0.058;0.15979546
0.0584;0.15977365
0.0558;0.159861
0.0554;0.15929335
0.058;0.15920602
0.0579;0.15977365
0.0579;0.1597518
0.0592;0.1597518
0.0643;0.16003571
0.0661;0.1611504
0.0677;0.16154414
0.0697;0.16189428
0.0709;0.16233212
0.0726;0.16259494
0.0768;0.16296734
0.0758;0.16388814
0.0804;0.16366881
0.0841;0.16467811
0.0828;0.16549072
0.0824;0.1652051
0.082;0.16511725
0.0796;0.16502944
0.0785;0.16450246
0.0791;0.16426109
0.0771;0.16439274
0.0759;0.16395396
0.0752;0.16369072
0.0742;0.16353725
0.0798;0.16331802
0.0834;0.16454636
0.0899;0.1653369
0.095;0.16676591
0.0961;0.16788866
0.1009;0.16813102
0.0996;0.16918918
0.1018;0.1689025
0.1011;0.16938777
0.0995;0.16923332
0.0974;0.16888046
0.0956;0.1684175
0.0919;0.16802086
0.0883;0.16720605
0.0828;0.16641396
0.0962;0.1652051
0.0959;0.16815302
0.0933;0.16808696
0.0981;0.16751426
0.0999;0.16857177
0.0986;0.16896865
0.1043;0.16868196
0.1072;0.16993949
0.1134;0.1705799
0.12;0.1719505
0.124;0.17341176
0.1273;0.17429844
0.1281;0.17503054
0.1293;0.17520818
0.1297;0.17547454
0.1274;0.1755634
0.1285;0.17505279
0.1263;0.17529695
0.1237;0.17480865
0.1195;0.1742319
0.1179;0.17330095
0.1151;0.17294657
0.1173;0.17232667
0.1177;0.17281373
0.119;0.17290229
0.114;0.17319022
0.1155;0.17208327
0.1109;0.17241523
0.1079;0.17139764
0.1015;0.17073455
0.0964;0.16932155
0.097;0.16819714
0.0941;0.16832931
0.0896;0.16769043
0.0855;0.1666999
0.0827;0.16579838
0.0784;0.16518316
0.0765;0.16423917
0.0724;0.16382234
0.0721;0.16292359
0.0719;0.1628578
0.0723;0.16281396
0.078;0.16290164
0.082;0.16415139
0.0869;0.16502944
0.0898;0.1661061
0.0904;0.1667439
0.0921;0.16687597
0.0875;0.16725005
0.0731;0.16623804
0.0644;0.1630769
0.055;0.16117229
0.0483;0.15911877
0.0402;0.15765785
0.032;0.15589476
0.024;0.15411332
0.0133;0.15237868
0.005;0.15006374
-0.0015;0.1482721
-0.0148;0.14687149
-0.0189;0.1440123
-0.0236;0.14313275
-0.0268;0.14212553
-0.0303;0.14144042
-0.0339;0.14069164
-0.0359;0.13992214
-0.0398;0.13949494
-0.0418;0.13866249
-0.0435;0.13823587
-0.0398;0.13787344
-0.0363;0.13866249
-0.0305;0.13940951
-0.0244;0.14064889
-0.0169;0.1419542
-0.0088;0.14356169
-0.0009;0.14530103
0.0074;0.14700066
0.0169;0.1487898
0.0241;0.1508419
0.0277;0.15240033
0.0276;0.15318054
0.0266;0.15315889
0.0251;0.15294206
0.0237;0.152617
0.0194;0.15231371
0.0131;0.15138277
0.0091;0.15002054
0.0038;0.14915664
-0.0045;0.14801335
-0.0114;0.14622574
-0.0178;0.14474234
-0.0203;0.14336865
-0.0245;0.14283259
-0.028;0.14193277
-0.03;0.14118361
-0.0317;0.1407558
-0.0321;0.14039233
-0.031;0.14030682
-0.0319;0.14054197
-0.0317;0.14034958
-0.0293;0.14039233
-0.0279;0.14090551
-0.0263;0.141205
-0.0267;0.14154743
-0.0276;0.14146179
-0.0291;0.14126919
-0.0312;0.1409483
-0.0346;0.14049922
-0.0365;0.13977261
-0.0365;0.13936682
-0.0389;0.13936682
-0.0413;0.13885453
-0.0413;0.1383425
-0.0437;0.1383425
-0.0445;0.1378308
-0.0461;0.1376603
-0.0448;0.13731939
-0.0463;0.13759635
-0.0504;0.13727675
-0.053;0.13640384
-0.0555;0.13585068
-0.0617;0.13531916
-0.0659;0.13400234
-0.0693;0.13311143
-0.074;0.13239086
-0.0783;0.13139574
-0.0816;0.13048632
-0.0857;0.12978907
-0.0937;0.1289235
-0.1007;0.12723708
-0.1066;0.12576416
-0.1142;0.12452462
-0.1204;0.12293057
-0.1287;0.12163232
-0.1371;0.11989741
-0.1439;0.11814518
-0.1485;0.11672933
-0.1533;0.11577287
-0.1614;0.11477603
-0.1637;0.11309643
-0.1645;0.11262013
-0.1657;0.11245455
-0.164;0.11220615
-0.1639;0.11255804
-0.1626;0.11257875
-0.1625;0.11284788
-0.1618;0.11286859
-0.1638;0.1130136
-0.1655;0.11259942
-0.165;0.11224754
-0.1665;0.11235103
-0.1684;0.11204064
-0.1696;0.11164764
-0.1699;0.11139952
-0.1699;0.11133747
-0.1683;0.11133747
-0.1664;0.11166832
-0.1647;0.11206132
-0.1621;0.11241312
-0.1606;0.11295146
-0.1611;0.11326219
-0.1605;0.11315858
-0.1605;0.1132829
-0.1596;0.1132829
-0.1597;0.11346939
-0.1584;0.11344868
-0.1577;0.11371812
-0.157;0.11386327
-0.1473;0.11400841
-0.1418;0.1160223
-0.1382;0.11716636
-0.1335;0.11791599
-0.127;0.11889571
-0.1209;0.12025248
-0.1146;0.12152769
-0.1089;0.12284675
-0.1025;0.1240419
-0.095;0.12538579
-0.0742;0.12696333
-0.0652;0.13135341
-0.0561;0.13325982
-0.0435;0.13519165
-0.0332;0.13787344
-0.0249;0.14007175
-0.0162;0.14184712
-0.0094;0.14371186
-0.0028;0.14517209
0.0046;0.14659159
0.0163;0.14818582
0.0165;0.15071219
0.0149;0.15075547
0.0155;0.15040952
0.0134;0.15053923
0.0112;0.15008534
0.0098;0.14961012
0.0113;0.14930782
0.0125;0.14963171
0.0137;0.1498909
0.0061;0.1501502
0.0095;0.14850931
0.0109;0.14924304
0.0146;0.14954528
0.0171;0.15034468
0.0217;0.15088521
0.0271;0.1518806
0.0315;0.15305045
0.0311;0.15400484
0.0324;0.153918
0.0236;0.15420017
0.0232;0.15229203
0.0252;0.15220541
0.0206;0.15263867
0.0166;0.15164244
0.0116;0.15077709
0.0077;0.14969648
0.002;0.14885452
-0.002;0.1476254
-0.0089;0.1467638
-0.0076;0.14527954
-0.005;0.14555901
-0.0052;0.1461182
-0.0042;0.14607516
-0.0039;0.14629027
-0.0039;0.14635484
-0.0052;0.14635484
-0.0044;0.14607516
-0.0032;0.14624724
-0.0102;0.1465055
-0.041;0.14500019
-0.0536;0.1384065
-0.0671;0.1357231
-0.0815;0.13285702
-0.0951;0.12981017
-0.1097;0.12694228
-0.1247;0.12387407
-0.1395;0.12073308
-0.1502;0.11764519
-0.1625;0.11541972
-0.1562;0.11286859
-0.1526;0.11417434
-0.144;0.11492133
-0.1292;0.11670855
-0.1127;0.11979301
-0.0935;0.12324497
-0.0724;0.12727919
-0.0523;0.13173439
-0.0223;0.13599959
-0.005;0.14240402
0.0209;0.1461182
0.0211;0.1517074
0.0185;0.1517507
0.0179;0.15118802
0.015;0.15105826
0.0091;0.15043116
0.0039;0.14915664
-0.0004;0.14803493
-0.0045;0.14710833
-0.0101;0.14622574
-0.0021;0.14502163
0.0004;0.14674227
0.005;0.14728063
0.0108;0.1482721
0.0162;0.14952369
0.0209;0.15069059
0.026;0.1517074
0.031;0.15281203
0.035;0.15389632
0.0344;0.15476465
0.0339;0.15463433
0.0339;0.1545258
0.0284;0.1545258
0.0231;0.15333235
0.0183;0.15218376
0.0132;0.15114477
0.0048;0.15004215
-0.0009;0.14822896
-0.006;0.14700066
-0.0146;0.14590304
-0.0165;0.14405522
-0.0194;0.1436475
-0.0226;0.14302552
-0.0243;0.14233974
-0.0247;0.1419756
-0.0266;0.14188993
-0.028;0.1414832
-0.0302;0.14118361
-0.0293;0.14071302
-0.0308;0.14090551
-0.0309;0.14058474
-0.0327;0.14056334
-0.0343;0.14017859
-0.0355;0.13983671
-0.0376;0.13958038
-0.0392;0.139132
-0.0403;0.13879052
-0.04;0.13855581
-0.0396;0.1386198
-0.0369;0.13870515
-0.0394;0.1392814
-0.0409;0.13874781
-0.0403;0.13842784
-0.0406;0.13855581
-0.0405;0.13849181
-0.0392;0.13851315
-0.0399;0.13879052
-0.0396;0.13864115
-0.0378;0.13870515
-0.0284;0.1390893
-0.0277;0.14109804
-0.0223;0.14124781
-0.0183;0.14240402
-0.0144;0.1432614
-0.0113;0.14409813
-0.0069;0.14476381
0.0024;0.14570951
0.0121;0.14771156
0.0372;0.14980449
0.0538;0.15524262
0.0694;0.1588569
0.0817;0.16226645
0.0979;0.16496353
0.111;0.16852768
0.1256;0.17141972
0.1385;0.1746533
0.1513;0.17751962
0.161;0.18037215
0.1689;0.1825394
0.1765;0.1843082
0.1757;0.1860128
0.1746;0.18583329
0.1718;0.18558638
0.1722;0.18495831
0.1659;0.185048
0.1607;0.18363613
0.1584;0.18247233
0.1542;0.18195806
0.1481;0.18101959
0.141;0.1796582
0.1389;0.17807607
0.1404;0.17760861
0.1412;0.17794248
0.142;0.17812061
0.1414;0.17829877
0.1396;0.17816514
0.1362;0.17776442
0.1342;0.17700794
0.1304;0.17656325
0.1335;0.17571884
0.1333;0.17640765
0.135;0.17636317
0.137;0.1767411
0.1395;0.17718588
0.1432;0.17774215
0.1469;0.17856604
0.1518;0.17939062
0.1565;0.18048374
0.1565;0.1815334
0.1599;0.1815334
0.1624;0.18229344
0.1624;0.18285264
0.1621;0.18285264
0.1612;0.18278556
0.1601;0.18258421
0.158;0.18233816
0.1556;0.18186863
0.1535;0.1813323
0.1561;0.18086328
0.1582;0.181444
0.1628;0.18191335
0.1634;0.18294217
0.1647;0.18307644
0.1647;0.18336748
0.1657;0.18336748
0.1688;0.1835914
0.172;0.18428576
0.1722;0.18500313
0.1691;0.185048
0.1688;0.18435302
0.1669;0.18428576
0.162;0.18386011
0.1587;0.18276317
0.1553;0.18202512
0.1513;0.18126526
0.1497;0.18037215
0.1475;0.1800151
0.1469;0.17952439
0.1439;0.17939062
0.1441;0.17872196
0.148;0.1787665
0.1492;0.1796359
0.1474;0.17990355
0.148;0.17950213
0.1443;0.1796359
0.1436;0.17881109
0.1424;0.17865515
0.1367;0.17838785
0.1336;0.17711914
0.1286;0.17642987
0.1232;0.17531914
0.116;0.17412102
0.1091;0.17252591
0.104;0.17099972
0.1001;0.16987327
0.0934;0.16901276
0.0865;0.16753627
0.0809;0.16601816
0.0788;0.16478787
0.0786;0.16432694
0.0773;0.16428302
0.0779;0.16399781
0.0804;0.16412947
0.0829;0.16467811
0.085;0.16522709
0.0847;0.1656885
0.0851;0.16562253
0.0842;0.16571042
0.0785;0.16551265
0.0745;0.16426109
0.0701;0.16338381
0.0631;0.1624197
0.0559;0.16088799
0.0477;0.15931515
0.0407;0.15752712
0.0343;0.15600349
0.0261;0.15461266
0.0161;0.15283372
0.0069;0.15066895
0.0016;0.14868194
-0.0028;0.14753918
-0.0068;0.14659159
-0.01;0.14573103
-0.0134;0.14504313
-0.017;0.14431283
-0.0189;0.14354023
-0.0209;0.14313275
-0.0226;0.14270398
-0.0287;0.14233974
-0.0299;0.14103386
-0.0313;0.14077719
-0.0314;0.14047782
-0.0328;0.14045644
-0.0337;0.14015718
-0.0322;0.13996488
-0.0317;0.14028543
-0.0353;0.14039233
-0.0369;0.13962308
-0.0362;0.1392814
-0.0386;0.1394309
-0.0423;0.13891855
-0.0463;0.13812926
-0.0484;0.13727675
-0.0468;0.13682957
-0.0482;0.13717026
-0.0493;0.13687214
-0.0502;0.13663793
-0.0494;0.13644636
-0.0452;0.13661665
-0.0456;0.1375111
-0.0416;0.13742591
-0.0416;0.13827854
-0.0407;0.13827854
-0.0383;0.13847047
-0.0369;0.13898256
-0.0333;0.1392814
-0.031;0.14005037
-0.0311;0.14054197
-0.0315;0.14052057
-0.032;0.1404351
-0.0321;0.14032818
-0.0326;0.14030682
-0.0334;0.14019996
-0.0338;0.14002895
-0.0367;0.13994353
-0.039;0.13932411
-0.0394;0.13883317
-0.0436;0.13874781
-0.0449;0.13785213
-0.0482;0.13757503
-0.0577;0.13687214
-0.0635;0.1348517
-0.0738;0.1336204
-0.0807;0.13143809
-0.0883;0.12997916
-0.0933;0.12837504
-0.1001;0.12732133
-0.107;0.1258903
-0.1102;0.12444067
-0.1128;0.12376918
-0.1137;0.12322398
-0.1142;0.12303534
-0.1103;0.12293057
-0.1104;0.1237482
-0.1089;0.12372722
-0.1067;0.1240419
-0.1056;0.12450364
-0.1057;0.12473461
-0.1006;0.1247136
-0.0919;0.1257852
-0.0894;0.12761623
-0.0864;0.12814315
-0.0846;0.1287758
-0.0815;0.12915565
-0.0783;0.12981017
-0.0741;0.13048632
-0.0687;0.1313746
-0.0665;0.13251796
-0.0656;0.13298422
-0.0673;0.13317503
-0.0667;0.13281463
-0.067;0.13294181
-0.0648;0.13287823
-0.0673;0.13334471
-0.069;0.13281463
-0.0759;0.13245441
-0.0816;0.13099378
-0.0944;0.12978907
-0.1016;0.12708966
-0.1101;0.12557496
-0.1203;0.12379017
-0.1292;0.12165326
-0.1382;0.11979301
-0.1487;0.11791599
-0.1569;0.11573133
-0.1623;0.11402912
-0.168;0.11291002
-0.172;0.11173034
-0.1745;0.11090352
-0.1741;0.11038715
-0.1722;0.11046976
-0.1621;0.11086221
-0.1539;0.11295146
-0.1478;0.1146515
-0.1358;0.11591835
-0.1282;0.11841612
-0.1204;0.12000182
-0.0969;0.12163232
-0.089;0.12656347
-0.0857;0.12822744
-0.0814;0.1289235
-0.0774;0.1298313
-0.0761;0.13067661
-0.0744;0.1309515
-0.074;0.13131113
-0.0728;0.13139574
-0.0721;0.1316497
-0.0716;0.1317979
-0.0722;0.13190375
-0.0738;0.13177675
-0.0817;0.13143809
-0.086;0.12976792
-0.0912;0.12886019
-0.0974;0.12776375
-0.1055;0.12645823
-0.1126;0.12475562
-0.1218;0.12326589
-0.123;0.12133944
-0.1263;0.12108849
-0.1259;0.1203987
-0.126;0.12048233
-0.1253;0.12046139
-0.1214;0.12060769
-0.1133;0.1214231
-0.1071;0.12311916
-0.0972;0.12441967
-0.0915;0.12650031
-0.0855;0.12770051
-0.0801;0.1289657
-0.0739;0.13010594
-0.0757;0.13141692
-0.0804;0.13103613
-0.0844;0.13004254
-0.0883;0.12919784
-0.0928;0.12837504
-0.0973;0.12742665
-0.1007;0.12647927
-0.0949;0.12576416
-0.0929;0.1269844
-0.0896;0.12740557
-0.0853;0.12810098
-0.0795;0.12900789
-0.0745;0.1302327
-0.0679;0.13128996
-0.0656;0.13268745
-0.0613;0.13317503
-0.0587;0.13408725
-0.0535;0.13463931
-0.0539;0.13574433
-0.0519;0.1356593
-0.0533;0.13608466
-0.0528;0.13578686
-0.054;0.13589323
-0.0565;0.13563806
-0.0576;0.13510662
-0.0582;0.13487294
-0.06;0.13474545
-0.0628;0.13436322
-0.0635;0.13376892
-0.0645;0.1336204
-0.0686;0.13340828
-0.0735;0.13253915
-0.0757;0.13150154
-0.0775;0.13103613
-0.0777;0.13065544
-0.0762;0.13061318
-0.0744;0.13093035
-0.0734;0.13131113
-0.07;0.13152274
-0.0671;0.13224259
-0.0645;0.13285702
-0.062;0.13340828
-0.06;0.13393867
-0.0581;0.13436322
-0.0573;0.13476673
-0.0588;0.13493665
-0.0555;0.13461803
-0.0561;0.13531916
-0.0573;0.13519165
-0.0582;0.13493665
-0.0505;0.13474545
-0.0487;0.13638255
-0.044;0.13676567
-0.0402;0.13776685
-0.0355;0.13857715
-0.0306;0.13958038
-0.0228;0.14062747
-0.0162;0.14229688
-0.0123;0.14371186
-0.0065;0.14454906
-0.0035;0.14579554
0.0006;0.14644094
0.0015;0.14732374
0.0022;0.14751762
0.0015;0.14766848
-0.0012;0.14751762
0.0011;0.14693604
-0.0001;0.14743143
-0.0018;0.14717294
-0.0072;0.1468069
-0.0059;0.145645
-0.0034;0.14592455
-0.0028;0.14646246
-0.0011;0.14659159
-0.0012;0.14695762
-0.0008;0.14693604
-0.0016;0.1470222
-0.0019;0.14684993
-0.007;0.14678532
-0.0098;0.145688
-0.0128;0.14508611
-0.0196;0.14444165
-0.0253;0.14298265
-0.0299;0.1417615
-0.0374;0.14077719
-0.0449;0.13917467
-0.057;0.13757503
-0.0577;0.13500041
-0.0592;0.1348517
-0.0603;0.13453306
-0.0603;0.1342995
-0.0619;0.1342995
-0.0613;0.13395989
-0.0607;0.13408725
-0.0586;0.13421461
-0.0525;0.13466053
-0.0459;0.13595702
-0.0385;0.13736196
-0.0272;0.13893989
-0.0196;0.1413548
-0.0141;0.14298265
-0.0108;0.14416258
-0.0068;0.14487125
-0.0028;0.14573103
0.0012;0.14659159
0.0022;0.147453
0.0087;0.14766848
0.0092;0.14907034
0.0088;0.14917827
0.0079;0.14909194
0.0063;0.1488977
0.0045;0.14855248
0.0026;0.14816429
0.005;0.14775467
0.0065;0.1482721
0.0094;0.14859562
0.0182;0.14922144
0.0258;0.15112317
0.0344;0.15276869
0.0438;0.15463433
0.056;0.15667793
0.0655;0.15933701
0.0737;0.16141288
0.0824;0.16320844
0.0875;0.16511725
0.0931;0.16623804
0.097;0.16747022
0.0948;0.16832931
0.0917;0.1678446
0.0887;0.16716202
0.0908;0.16650195
0.0874;0.16696393
0.0853;0.16621608
0.0872;0.16575441
0.0841;0.16617209
0.0867;0.16549072
0.0886;0.16606215
0.0941;0.16647993
0.1025;0.16769043
0.1059;0.16954221
0.1098;0.1702928
0.1152;0.17115442
0.1185;0.1723488
0.1218;0.17307948
0.1251;0.17381066
0.1241;0.17454243
0.1184;0.17432067
0.1153;0.17305735
0.1089;0.17237097
0.1023;0.17095554
0.0938;0.16949807
0.0847;0.16762437
0.0762;0.16562253
0.0654;0.1637565
0.0563;0.16139098
0.0411;0.15940246
0.0327;0.15609047
0.0333;0.15426527
0.0354;0.15439554
0.0365;0.15485156
0.0395;0.15509048
0.0399;0.15574253
0.0417;0.15582952
0.0427;0.15622096
0.0432;0.15643854
0.0493;0.15654735
0.0545;0.15787575
0.0594;0.15900964
0.0646;0.16007939
0.0694;0.161216
0.0736;0.16226645
0.0764;0.16318654
0.0788;0.16380039
0.0812;0.16432694
0.0861;0.16485375
0.088;0.16593023
0.09;0.16634794
0.0939;0.16678791
0.0941;0.16764641
0.0949;0.16769043
0.0949;0.16786668
0.0967;0.16786668
0.0984;0.16826323
0.1089;0.1686379
0.1137;0.17095554
0.1196;0.17201687
0.1298;0.1733231
0.1418;0.17558563
0.1496;0.17825423
0.1571;0.1799928
0.1624;0.18166745
0.1657;0.18285264
0.1697;0.1835914
0.1718;0.1844875
0.1705;0.18495831
0.1716;0.1846668
0.1694;0.18491347
0.167;0.18442024
0.1622;0.1838825
0.1547;0.18280792
0.1509;0.18113123
0.1471;0.18028285
0.1447;0.17943518
0.1448;0.17890023
0.1435;0.1789225
0.1455;0.17863286
0.148;0.17907853
0.1518;0.1796359
0.1555;0.18048374
0.1549;0.18130995
0.1576;0.18117596
0.158;0.1817792
0.158;0.18186863
0.1563;0.18186863
0.1531;0.18148872
0.1501;0.18077394
0.1451;0.18010433
0.1413;0.17898937
0.1333;0.17814288
0.1294;0.17636317
0.122;0.17549676
0.113;0.17385502
0.1058;0.17186204
0.0991;0.1702707
0.0926;0.16879228
0.0873;0.16736013
0.0875;0.16619407
0.0928;0.16623804
0.1002;0.16740417
0.1083;0.16903481
0.1161;0.17082292
0.125;0.17254801
0.1339;0.17452025
0.1423;0.17649655
0.1479;0.17836556
0.1521;0.17961365
0.1564;0.1805507
0.1535;0.18151106
0.155;0.18086328
0.152;0.18119827
0.1463;0.18052837
0.1382;0.17925681
0.1334;0.17745288
0.1285;0.17638539
0.123;0.17529695
0.1102;0.17407668
0.1028;0.17124285
0.0896;0.16960841
0.0795;0.1666999
0.0655;0.1644805
0.0537;0.16141288
0.0411;0.15883511
0.0293;0.15609047
0.022;0.1535275
0.0144;0.15194553
0.0038;0.15030146
0.0024;0.14801335
0.0004;0.14771156
0.0007;0.14728063
0.0011;0.14734529
0.0033;0.14743143
0.0032;0.14790557
0.0038;0.14788401
0.0026;0.14801335
0.0008;0.14775467
-0.0046;0.14736684
-0.0099;0.14620422
-0.0151;0.14506465
-0.0208;0.1439479
-0.0266;0.14272544
-0.0303;0.1414832
-0.0341;0.14069164
-0.0355;0.13987942
-0.0407;0.13958038
-0.0402;0.13847047
-0.0397;0.13857715
-0.0362;0.13868384
-0.0369;0.1394309
-0.0351;0.1392814
-0.034;0.13966584
-0.0302;0.13990077
-0.0271;0.14071302
-0.0236;0.1413762
-0.0207;0.14212553
-0.0163;0.14274684
-0.0159;0.1436904
-0.0148;0.14377624
-0.0149;0.1440123
-0.0149;0.14399084
-0.0188;0.14399084
-0.0179;0.14315417
-0.0236;0.1433472
-0.0261;0.14212553
-0.0276;0.14159021
-0.0304;0.14126919
-0.03;0.14067027
-0.0304;0.1407558
-0.03;0.14067027
-0.0285;0.1407558
-0.0257;0.14107662
-0.0239;0.14167583
-0.0206;0.14206125
-0.0181;0.1427683
-0.0161;0.14330429
-0.013;0.14373331
-0.0128;0.14439873
-0.0142;0.14444165
-0.0148;0.14414111
-0.0164;0.1440123
-0.017;0.14366895
-0.0208;0.14354023
-0.0235;0.14272544
-0.025;0.14214694
-0.0294;0.14182569
-0.0335;0.1408841
-0.0359;0.14000764
-0.0382;0.13949494
-0.0412;0.13900395
-0.0467;0.13836385
-0.0496;0.13719156
-0.0515;0.13657409
-0.0561;0.13616978
-0.0551;0.13519165
-0.0574;0.13540417
-0.0691;0.1349154
-0.0692;0.13243324
-0.0721;0.13241202
-0.0775;0.1317979
-0.0821;0.13065544
-0.0846;0.12968342
-0.0829;0.12915565
-0.0832;0.1295145
-0.081;0.12945119
-0.0787;0.12991579
-0.0763;0.13040178
-0.0709;0.13090922
-0.0638;0.13205197
-0.0572;0.13355675
-0.051;0.1349579
-0.0454;0.13627614
-0.0382;0.13746852
-0.0346;0.13900395
-0.0309;0.13977261
-0.0244;0.14056334
-0.0232;0.1419542
-0.027;0.14221121
-0.0276;0.1413976
-0.03;0.14126919
-0.033;0.1407558
-0.0361;0.14011447
-0.0377;0.13945225
-0.039;0.13911067
-0.0398;0.13883317
-0.045;0.13866249
-0.047;0.13755374
-0.0499;0.13712768
-0.0508;0.13651021
-0.0531;0.13631871
-0.0567;0.13582942
-0.0609;0.13506413
-0.0634;0.13417213
-0.0657;0.13364163
-0.0664;0.13315383
-0.0644;0.13300541
-0.0619;0.1334295
-0.0554;0.13395989
-0.0487;0.13534041
-0.0418;0.13676567
-0.0355;0.13823587
-0.0302;0.13958038
-0.0251;0.14071302
-0.0167;0.14180428
-0.0124;0.14360459
-0.0127;0.14452757
-0.0135;0.14446315
-0.0106;0.14429134
-0.0121;0.1449142
-0.0144;0.14459203
-0.0148;0.14409813
-0.0191;0.1440123
-0.0241;0.14308986
-0.0296;0.14201844
-0.0349;0.14084136
-0.0397;0.13970853
-0.0439;0.13868384
-0.0452;0.13778816
-0.0444;0.1375111
-0.0455;0.1376816
-0.043;0.13744721
-0.0409;0.13798001
-0.0392;0.13842784
-0.0362;0.13879052
-0.0348;0.1394309
-0.0269;0.13972989
-0.0226;0.141419
-0.0187;0.14233974
-0.0134;0.14317562
-0.0082;0.14431283
-0.0033;0.14543001
-0.0012;0.14648399
-0.0004;0.14693604
0.0056;0.14710833
0.0043;0.14840148
0.0051;0.14812113
0.0071;0.14829364
0.0082;0.14872509
0.005;0.14896242
0.0056;0.1482721
0.004;0.14840148
0.0017;0.14805646
0.0015;0.14756073
-0.0009;0.14751762
-0.0044;0.14700066
-0.0082;0.14624724
-0.0091;0.14543001
-0.0118;0.14523655
-0.0134;0.14465643
-0.0156;0.14431283
-0.0175;0.14384061
-0.0204;0.14343299
-0.0219;0.14281116
-0.0234;0.1424897
-0.0233;0.14216834
-0.0263;0.14218979
-0.024;0.14154743
-0.0214;0.14203984
-0.0198;0.14259683
-0.017;0.14293979
-0.0098;0.14354023
-0.0079;0.14508611
-0.0039;0.14549449
-0.0043;0.14635484
0.0024;0.14626877
0.0179;0.14771156
0.0179;0.15105826
0.0228;0.15105826
0.0323;0.15211876
0.0391;0.15417844
0.0478;0.1556556
0.0534;0.15754889
0.0578;0.15876967
0.0573;0.15972996
0.0601;0.15962076
0.0558;0.16023232
0.0555;0.15929335
0.0509;0.15922785
0.0459;0.15822451
0.0384;0.15713508
0.0301;0.15550339
0.0234;0.15370104
0.0186;0.15224874
0.0127;0.15120965
0.0073;0.1499341
0.0038;0.14876822
0.0025;0.14801335
0.005;0.14773312
0.0082;0.1482721
0.0114;0.14896242
0.0158;0.14965329
0.0195;0.15060408
0.0227;0.15140441
0.0258;0.1520971
0.0312;0.15276869
0.0267;0.15393972
0.0242;0.15296376
0.0226;0.15242201
0.0212;0.15207542
0.0215;0.15177235
0.0191;0.1518373
0.0178;0.15131783
0.0179;0.15103658
0.0132;0.15105826
0.0135;0.15004215
0.015;0.15010695
0.017;0.15043116
0.0218;0.15086359
0.0254;0.15190221
0.0296;0.15268204
0.0331;0.1535926
0.0369;0.15435208
0.0423;0.15517746
0.0474;0.15635152
0.0487;0.15746178
0.0531;0.15774499
0.0527;0.15870425
0.0548;0.15861699
0.0535;0.1590751
0.0519;0.15879147
0.0499;0.1584425
0.0478;0.15800649
0.048;0.15754889
0.0452;0.15759249
0.0431;0.15698266
0.0421;0.15652557
0.0432;0.15630801
0.043;0.15654735
0.0419;0.15650383
0.0441;0.15626451
0.0454;0.15674321
0.0486;0.15702623
0.0516;0.15772319
0.0521;0.1583771
0.0542;0.15848616
0.0581;0.15894419
0.0608;0.15979546
0.0622;0.16038527
0.0652;0.16069123
0.067;0.16134724
0.068;0.16174108
0.068;0.16195993
0.0711;0.16195993
0.0712;0.16263871
0.0708;0.16266061
0.0698;0.16257301
0.0724;0.16235399
0.0726;0.16292359
0.0724;0.16296734
0.0713;0.16292359
0.0693;0.16268256
0.0677;0.16224453
0.0681;0.16189428
0.0672;0.1619818
0.0661;0.16178483
0.0706;0.16154414
0.0757;0.16252926
0.0816;0.16364689
0.087;0.16494158
0.0902;0.1661281
0.0946;0.16683193
0.0967;0.16780056
0.0984;0.16826323
0.1005;0.1686379
0.099;0.16910097
0.0976;0.1687702
0.0982;0.16846159
0.0978;0.16859387
0.0959;0.16850565
0.0943;0.16808696
0.0921;0.16773449
0.0873;0.16725005
0.0801;0.16619407
0.0777;0.16461225
0.0705;0.16408555
0.065;0.16250731
0.0589;0.16130352
0.0524;0.15997021
0.0463;0.15855156
0.0391;0.15722223
0.0328;0.1556556
0.0253;0.15428695
0.021;0.15266034
0.0183;0.15172905
0.0297;0.15114477
0.0399;0.1536143
0.0494;0.15582952
0.0603;0.15789752
0.0738;0.16027603
0.0843;0.16323036
0.0971;0.16553465
0.1092;0.16835138
0.1231;0.17102182
0.1338;0.17409888
0.1458;0.1764743
0.144;0.17914537
0.1424;0.17874426
0.1386;0.17838785
0.1334;0.17754185
0.1257;0.17638539
0.1191;0.17467552
0.1124;0.17321236
0.1051;0.17172934
0.0984;0.17011614
0.0904;0.1686379
0.0866;0.16687597
0.0819;0.16604017
0.0744;0.16500746
0.069;0.16336185
0.0669;0.16217883
0.0615;0.16171917
0.0585;0.16053824
0.0565;0.15988283
0.0523;0.15944612
0.0399;0.15852976
0.0334;0.15582952
0.0253;0.15441722
0.0182;0.15266034
0.0116;0.15112317
0.0058;0.14969648
-0.0052;0.14844462
-0.0099;0.14607516
-0.0147;0.14506465
-0.0234;0.14403379
-0.0261;0.14216834
-0.0272;0.14159021
-0.0298;0.1413548
-0.03;0.14079857
-0.0308;0.1407558
-0.0306;0.14058474
-0.03;0.14062747
-0.0286;0.1407558
-0.0272;0.14105526
-0.0283;0.1413548
-0.0297;0.14111944
-0.0356;0.14081994
-0.0403;0.13955903
-0.0433;0.13855581
-0.048;0.13791606
-0.055;0.1369147
-0.0605;0.13542542
-0.0667;0.13425708
-0.0764;0.13294181
-0.0876;0.13088804
-0.0949;0.1285227
-0.1032;0.1269844
-0.1081;0.1252387
-0.1129;0.12420978
-0.1166;0.12320302
-0.1186;0.12242779
-0.1216;0.12200904
-0.1229;0.12138128
-0.1227;0.1211094
-0.1252;0.12115121
-0.125;0.1206286
-0.125;0.12067039
-0.1243;0.12067039
-0.124;0.12081669
-0.1252;0.1208794
-0.1261;0.1206286
-0.1284;0.12044053
-0.1278;0.11996005
-0.128;0.12008539
-0.1281;0.12004362
-0.1323;0.1200227
-0.1357;0.119146
-0.1381;0.11843698
-0.1407;0.11793682
-0.1436;0.11739533
-0.1459;0.11679177
-0.1504;0.11631335
-0.1559;0.11537817
-0.158;0.11423655
-0.1599;0.11380106
-0.1607;0.11340722
-0.1599;0.11324148
-0.1573;0.11340722
-0.1566;0.11394618
-0.1524;0.11409134
-0.1474;0.11496286
-0.1415;0.11600152
-0.1368;0.11722879
-0.133;0.11820771
-0.1268;0.119
-0.1212;0.12029426
-0.1158;0.12146494
-0.1086;0.12259534
-0.1004;0.12410486
-0.0958;0.12582724
-0.0905;0.12679493
-0.0848;0.12791125
-0.0801;0.12911342
-0.0769;0.13010594
-0.0752;0.13078232
-0.0738;0.13114189
-0.0731;0.13143809
-0.0699;0.13158624
-0.0725;0.13226376
-0.074;0.1317132
-0.0742;0.13139574
-0.0761;0.13135341
-0.0754;0.1309515
-0.0748;0.13109955
-0.0798;0.1312265
-0.0805;0.1301693
-0.0756;0.1300214
-0.0737;0.13105723
-0.0732;0.13145925
-0.0728;0.13156508
-0.0744;0.1316497
-0.0715;0.13131113
-0.0694;0.13192491
-0.067;0.13236967
-0.0583;0.13287823
-0.0583;0.13472423
-0.0562;0.13472423
-0.0483;0.13517043
-0.0442;0.13685085
-0.0411;0.1377242
-0.0378;0.13838516
-0.038;0.1390893
-0.0373;0.13904661
-0.0377;0.13919602
-0.039;0.13911067
-0.0433;0.13883317
-0.0381;0.13791606
-0.0413;0.13902524
-0.0419;0.1383425
-0.0405;0.13821457
-0.0424;0.13851315
-0.0419;0.13810791
-0.0442;0.13821457
-0.0457;0.1377242
-0.044;0.13740458
-0.0393;0.13776685
-0.0331;0.13876913
-0.0286;0.14009307
-0.0241;0.14105526
-0.0197;0.14201844
-0.018;0.14296122
-0.0178;0.14332578
-0.019;0.14336865
-0.0189;0.14311129
-0.0203;0.14313275
-0.023;0.14283259
-0.0236;0.14225404
-0.0252;0.14212553
-0.0229;0.14178286
-0.0229;0.14227547
-0.0222;0.14227547
-0.0195;0.14242542
-0.0162;0.14300409
-0.0143;0.14371186
-0.0141;0.14411962
-0.0104;0.14416258
-0.0087;0.14495715
-0.0065;0.1453225
-0.0055;0.14579554
-0.0081;0.14601062
-0.0114;0.14545146
-0.011;0.14474234
-0.0136;0.14482827
-0.014;0.14426988
-0.0183;0.14418404
-0.0217;0.1432614
-0.0253;0.14253253
-0.033;0.1417615
-0.0347;0.14011447
-0.0367;0.13975124
-0.035;0.13932411
-0.0371;0.13968718
-0.0388;0.13923872
-0.04;0.13887586
-0.0345;0.1386198
-0.0302;0.13979399
-0.0263;0.14071302
-0.0224;0.14154743
-0.0177;0.14238259
-0.0132;0.14339009
-0.0092;0.14435579
-0.0058;0.14521505
-0.0035;0.14594609
0.0033;0.14644094
0.0046;0.14790557
0.0041;0.14818582
0.0036;0.14807802
0.002;0.14797026
-0.0021;0.1476254
-0.0036;0.14674227
-0.0091;0.1464194
-0.0111;0.14523655
-0.0099;0.14480679
-0.002;0.14506465
0.0053;0.1467638
0.0144;0.14833678
0.0267;0.15030146
0.0346;0.15296376
0.0457;0.1546778
0.0546;0.15709153
0.0645;0.15903147
0.0704;0.16119415
0.0766;0.16248542
0.0904;0.16384426
0.0957;0.16687597
0.0992;0.16804285
0.1021;0.1688143
0.1064;0.16945398
0.1096;0.17040323
0.1135;0.17111024
0.1193;0.17197265
0.12;0.17325671
0.1205;0.17341176
0.1272;0.17352255
0.1245;0.17500839
0.1209;0.17440933
0.1151;0.17361116
0.1083;0.17232667
0.1015;0.17082292
0.0989;0.16932155
0.0928;0.16874814
0.0878;0.16740417
0.0828;0.16630399
0.0769;0.1652051
0.0729;0.16391008
0.0739;0.1630331
0.075;0.16325225
0.0759;0.16349342
0.0749;0.16369072
0.0769;0.16347149
0.0762;0.16391008
0.0687;0.1637565
0.065;0.16211312
0.0583;0.16130352
0.0554;0.15983917
0.0508;0.15920602
0.0449;0.15820268
0.0405;0.15691738
0.0363;0.15596001
0.0325;0.15504706
0.0301;0.15422186
0.0308;0.15370104
0.0295;0.15385292
0.0247;0.1535709
0.0221;0.15253033
0.0187;0.15196718
0.0166;0.15123129
0.0103;0.15077709
0.0103;0.14941578
0.0049;0.14941578
-0.002;0.14825049
-0.0063;0.1467638
-0.0145;0.14583856
-0.0214;0.1440767
-0.0285;0.14259683
-0.0315;0.14107662
-0.0314;0.1404351
-0.0312;0.14045644
-0.0301;0.14049922
-0.033;0.1407344
-0.0297;0.14011447
-0.0247;0.14081994
-0.0183;0.14188993
-0.0247;0.1432614
-0.0256;0.14188993
-0.0269;0.14169726
-0.0294;0.141419
-0.0352;0.1408841
-0.0371;0.13964444
-0.0382;0.13923872
-0.0368;0.13900395
-0.0356;0.13930279
-0.0289;0.13955903
-0.03;0.14099108
-0.0327;0.1407558
-0.0352;0.14017859
-0.0325;0.13964444
-0.0319;0.1402213
-0.0306;0.14034958
-0.0286;0.14062747
-0.0275;0.14105526
-0.0237;0.14129058
-0.0253;0.14210409
-0.0213;0.1417615
-0.02;0.14261825
-0.0179;0.14289689
-0.0133;0.1433472
-0.0068;0.14433433
0.0006;0.14573103
0.0055;0.14732374
0.0129;0.14837992
0.019;0.14997731
0.0268;0.15129618
0.0324;0.15298544
0.0332;0.15420017
0.0351;0.15437381
0.036;0.15478641
0.0376;0.15498188
0.0393;0.15532953
0.0409;0.15569901
0.043;0.15604702
0.0433;0.15650383
0.0445;0.1565691
0.045;0.15683028
0.049;0.15693913
0.0508;0.15781038
0.0531;0.15820268
0.0559;0.15870425
0.0604;0.15931515
0.0654;0.16029789
0.0701;0.16139098
0.075;0.1624197
0.0783;0.16349342
0.0804;0.16421719
0.0847;0.16467811
0.0907;0.16562253
0.0962;0.16694197
0.0992;0.16815302
0.1058;0.1688143
0.1102;0.1702707
0.1129;0.17124285
0.1183;0.1718399
0.123;0.17303516
0.1363;0.17407668
0.1423;0.17703019
0.1448;0.17836556
0.1493;0.1789225
0.1493;0.17992586
0.1494;0.17992586
0.1506;0.17994818
0.1498;0.18021591
0.1475;0.18003741
0.1465;0.17952439
0.1499;0.17930147
0.1501;0.18005973
0.1506;0.18010433
0.1504;0.18021591
0.1499;0.18017128
0.1507;0.18005973
0.1509;0.18023822
0.1488;0.18028285
0.1493;0.17981432
0.1371;0.17992586
0.1404;0.17720811
0.1454;0.17794248
0.1474;0.17905626
0.1493;0.17950213
0.1509;0.17992586
0.1514;0.18028285
0.1486;0.18039447
0.1485;0.17976974
0.1445;0.17974743
0.1424;0.17885566
0.1386;0.17838785
0.1349;0.17754185
0.1302;0.17671886
0.1266;0.17567444
0.1253;0.17487523
0.12;0.1745868
0.1154;0.17341176
0.1168;0.17239308
0.1156;0.172703
0.1211;0.17243735
0.1245;0.17365554
0.1271;0.17440933
0.1302;0.17498614
0.1305;0.17567444
0.1322;0.17574108
0.1361;0.17611873
0.1373;0.17698573
0.1405;0.17725259
0.1362;0.17796478
0.138;0.17700794
0.1378;0.17740837
0.1388;0.17736381
0.1385;0.17758638
0.1383;0.17751962
0.1363;0.17747511
0.1353;0.17703019
0.135;0.1768078
0.1337;0.1767411
0.1329;0.17645207
0.1317;0.17627427
0.1311;0.17600761
0.1288;0.17587435
0.1273;0.17536357
0.1257;0.17503054
0.124;0.17467552
0.1213;0.17429844
0.1185;0.17369983
0.1153;0.17307948
0.1058;0.17237097
0.0994;0.1702707
0.0871;0.16885841
0.0789;0.16615006
0.0726;0.16434884
0.0646;0.16296734
0.0581;0.161216
0.0506;0.15979546
0.0468;0.1581591
0.0421;0.15733108
0.0297;0.15630801
0.0298;0.1536143
0.0296;0.15363598
0.0284;0.1535926
0.0278;0.15333235
0.0252;0.15320225
0.023;0.15263867
0.0208;0.15216209
0.0197;0.15168574
0.0182;0.15144767
0.0154;0.15112317
0.0138;0.15051761
0.0142;0.15017179
0.0136;0.15025824
0.0117;0.15012854
0.0107;0.14971809
0.0092;0.14950213
0.0071;0.14917827
0.0055;0.14872509
0.004;0.14837992
0.0073;0.14805646
0.0062;0.14876822
0.0097;0.1485309
0.0116;0.14928624
0.0114;0.14969648
0.0115;0.14965329
0.0156;0.14967489
0.0191;0.15056089
0.0216;0.15131783
0.0243;0.15185896
0.0275;0.15244365
0.0289;0.15313719
0.0288;0.15344074
0.0292;0.15341905
0.0298;0.15350582
0.0296;0.15363598
0.0292;0.1535926
0.0279;0.15350582
0.0251;0.1532239
0.0207;0.152617
0.0133;0.1516641
0.0059;0.15006374
-0.0007;0.1484662
-0.0023;0.14704373
-0.0058;0.14669922
-0.0076;0.14594609
-0.0079;0.14555901
-0.0072;0.14549449
-0.0066;0.145645
-0.0038;0.14577402
-0.0019;0.14637637
0.0073;0.14678532
0.0165;0.14876822
0.0254;0.15075547
0.0353;0.15268204
0.0462;0.15482984
0.0524;0.1572004
0.0564;0.15855156
0.0597;0.15942429
0.0597;0.16014495
0.0572;0.16014495
0.0536;0.15959893
0.0489;0.1588133
0.045;0.15778854
0.0397;0.15693913
0.0347;0.15578601
0.0306;0.15469949
0.0258;0.15380952
0.0229;0.15276869
0.0204;0.15214042
0.017;0.15159917
0.018;0.15086359
0.0196;0.15107986
0.02;0.15142605
0.0169;0.15151262
0.0131;0.1508419
0.0141;0.15002054
0.0112;0.15023662
0.0074;0.14961012
-0.0021;0.1487898
-0.0066;0.14674227
-0.0137;0.14577402
-0.0199;0.14424844
-0.0229;0.1429183
-0.0239;0.14227547
-0.0268;0.14206125
-0.0282;0.14144042
-0.0292;0.14114082
-0.03;0.14092688
-0.0306;0.1407558
-0.0279;0.14062747
-0.0268;0.141205
-0.0283;0.14144042
-0.0254;0.14111944
-0.0211;0.14174007
-0.0197;0.14266112
-0.0186;0.14296122
-0.0168;0.14319706
-0.0145;0.14358315
-0.0142;0.1440767
-0.0106;0.14414111
-0.0087;0.1449142
-0.0076;0.1453225
-0.0036;0.14555901
-0.0017;0.1464194
-0.0008;0.1468284
0.0006;0.1470222
0.0032;0.14732374
0.0061;0.14788401
0.0062;0.14850931
0.0044;0.1485309
0.0056;0.14814271
0.0034;0.14840148
0.0009;0.14792714
-0.0004;0.14738834
-0.0038;0.14710833
-0.0079;0.14637637
-0.0091;0.14549449
-0.0105;0.14523655
-0.0099;0.14493568
-0.0104;0.14506465
-0.0092;0.14495715
-0.0083;0.14521505
-0.0091;0.14540851
-0.0079;0.14523655
-0.0104;0.14549449
-0.0087;0.14495715
-0.0116;0.1453225
-0.0103;0.14469938
-0.0048;0.14497867
0.0008;0.14616118
0.0048;0.14736684
0.0115;0.14822896
0.0169;0.14967489
0.0214;0.1508419
0.0259;0.15181561
0.0301;0.15279038
0.0346;0.15370104
0.0377;0.1546778
0.0444;0.15535125
0.0483;0.1568085
0.051;0.15765785
0.0541;0.15824631
0.0561;0.15892237
0.0564;0.15935883
0.0514;0.15942429
0.0476;0.15833347
0.0426;0.1575053
0.037;0.15641682
0.0308;0.15519914
0.028;0.15385292
0.0227;0.15324557
0.0215;0.1520971
0.0201;0.1518373
0.0193;0.15153423
0.0192;0.15136111
0.0185;0.15133949
0.0185;0.15118802
0.0206;0.15118802
0.029;0.15164244
0.0364;0.15346245
0.0437;0.15506878
0.0493;0.15665616
0.0549;0.15787575
0.0609;0.15909691
0.0655;0.16040713
0.0708;0.16141288
0.0764;0.16257301
0.0779;0.16380039
0.0805;0.16412947
0.0788;0.16470006
0.0774;0.16432694
0.0755;0.16401976
0.0707;0.16360302
0.0666;0.16255112
0.0614;0.16165353
0.0563;0.16051638
0.051;0.15940246
0.0461;0.15824631
0.0436;0.15717861
0.0436;0.15663439
0.0451;0.15663439
0.0461;0.15696089
0.0478;0.15717861
0.0492;0.15754889
0.0489;0.15785395
0.0495;0.15778854
0.0478;0.15791932
0.0471;0.15754889
0.0476;0.15739642
0.0446;0.1575053
0.0417;0.15685205
0.0406;0.15622096
0.0357;0.15598173
0.0349;0.1549167
0.0242;0.15474294
0.0225;0.15242201
0.0184;0.1520538
0.0179;0.1511664
0.0176;0.15105826
0.0166;0.15099332
0.0163;0.15077709
0.0148;0.15071219
0.0213;0.15038788
0.0193;0.151794
0.0167;0.15136111
0.0151;0.15079871
0.0164;0.15045273
0.0161;0.15073383
0.0157;0.15066895
0.0149;0.15058245
0.0154;0.15040952
0.0146;0.15051761
0.0154;0.15034468
0.0156;0.15051761
0.0164;0.15056089
0.0161;0.15073383
0.0128;0.15066895
0.015;0.14995572
0.0152;0.15043116
0.017;0.15047438
0.0186;0.15086359
0.0203;0.15120965
0.0244;0.15157753
0.0288;0.15246533
0.0342;0.15341905
0.0408;0.15459092
0.0469;0.15602523
0.0512;0.15735288
0.0542;0.15828988
0.0552;0.15894419
0.0574;0.15916237
0.0551;0.15964264
0.0552;0.15914056
0.0571;0.15916237
0.0572;0.1595771
0.0549;0.15959893
0.0529;0.15909691
0.0541;0.15866059
0.0553;0.15892237
0.0562;0.15918422
0.0569;0.15938063
0.0615;0.15953347
0.0627;0.16053824
0.0649;0.16080055
0.0692;0.16128162
0.0718;0.16222261
0.0722;0.16279212
0.0741;0.16287974
0.0712;0.16329607
0.0647;0.16266061
0.0661;0.1612379
0.0685;0.16154414
0.0681;0.16206937
0.067;0.1619818
0.068;0.16174108
0.0682;0.16195993
0.07;0.1620037
0.0684;0.16239785
0.0671;0.16204748
0.0689;0.16176297
0.0677;0.16215694
0.0676;0.16189428
0.0675;0.16187236
0.0683;0.16185047
0.0651;0.16202562
0.0637;0.16132542
0.0678;0.1610192
0.0536;0.16191617
0.0441;0.1588133
0.0396;0.15674321
0.038;0.1557643
0.0295;0.15541647
0.0235;0.1535709
0.0214;0.15227039
0.0154;0.15181561
0.0138;0.15051761
0.0136;0.15017179
0.0207;0.15012854
0.0249;0.1516641
0.0291;0.15257366
0.037;0.1534841
0.0463;0.15519914
0.0541;0.15722223
0.0649;0.15892237
0.0713;0.16128162
0.0808;0.16268256
0.0884;0.16476592
0.0923;0.16643597
0.0913;0.16729409
0.088;0.16707401
0.0849;0.16634794
0.0775;0.16566648
0.0721;0.16404171
0.0683;0.1628578
0.0659;0.16202562
0.0632;0.16150036
0.0614;0.16090986
0.058;0.16051638
0.0666;0.15977365
0.0742;0.16165353
0.0809;0.16331802
0.0878;0.16478787
0.098;0.16630399
0.1046;0.16854976
0.1156;0.17000572
0.1247;0.17243735
0.1369;0.17445369
0.157;0.17716365
0.1603;0.18164513
0.1664;0.1823829
0.1706;0.18374811
0.1735;0.18468925
0.1808;0.18533957
0.1859;0.18697861
0.1865;0.18812531
0.1886;0.18826026
0.1886;0.18873289
0.1893;0.18873289
0.1879;0.1888905
0.1791;0.18857531
0.1754;0.18659663
0.1687;0.1857659
0.1654;0.1842634
0.1581;0.18352416
0.1523;0.18189098
0.1458;0.18059534
0.1421;0.17914537
0.1342;0.17832102
0.1313;0.17656325
0.1225;0.17591879
0.1137;0.17396581
0.1061;0.17201687
0.1005;0.17033695
0.095;0.16910097
0.093;0.16788866
0.0905;0.16744821
0.0907;0.16689791
0.0863;0.16694197
0.0858;0.16597418
0.0855;0.16586429
0.09;0.16579838
0.0947;0.16678791
0.093;0.16782261
0.0963;0.16744821
0.0987;0.16817504
0.1001;0.16870406
0.1031;0.16901276
0.1024;0.16967463
0.1031;0.16952017
0.1023;0.16967463
0.1041;0.16949807
0.106;0.16989534
0.1059;0.17031488
0.1056;0.1702928
0.1073;0.17022648
0.1101;0.17060202
0.1077;0.17122075
0.1072;0.17069036
0.1055;0.1705799
0.103;0.17020443
0.1003;0.16965254
0.0984;0.16905683
0.0972;0.1686379
0.0967;0.1683734
0.0938;0.16826323
0.0928;0.16762437
0.0926;0.16740417
0.0984;0.16736013
0.1001;0.1686379
0.1041;0.16901276
0.1091;0.16989534
0.106;0.17099972
0.1087;0.17031488
0.1099;0.17091133
0.1122;0.17117655
0.114;0.17168508
0.1078;0.17208327
0.0985;0.17071246
0.0913;0.16865996
0.0823;0.16707401
0.0733;0.1650953
0.0638;0.16312075
0.0549;0.16104105
0.0438;0.15909691
0.0357;0.15667793
0.026;0.1549167
0.0134;0.15281203
0.0068;0.15008534
-0.0002;0.14866033
-0.0139;0.1471514
-0.0202;0.1442055
-0.0282;0.14285403
-0.0334;0.14114082
-0.0404;0.14002895
-0.047;0.13853449
-0.0524;0.13712768
-0.0604;0.13597831
-0.0621;0.13427827
-0.0626;0.13391745
-0.0621;0.13381137
-0.0609;0.13391745
-0.0594;0.13417213
-0.0579;0.13449061
-0.0552;0.13480918
-0.054;0.13538292
-0.0516;0.13563806
-0.0477;0.13614851
-0.0489;0.13697863
-0.0464;0.1367231
-0.0459;0.13725547
-0.0447;0.13736196
-0.0433;0.13761768
-0.0426;0.13791606
-0.0433;0.13806532
-0.0408;0.13791606
-0.0389;0.13844915
-0.0422;0.13885453
-0.0435;0.13815057
-0.0486;0.13787344
-0.0496;0.13678697
-0.0526;0.13657409
-0.0538;0.13593578
-0.0576;0.13568056
-0.0593;0.13487294
-0.0617;0.13451183
-0.0667;0.13400234
-0.0689;0.13294181
-0.0732;0.13247558
-0.0748;0.13156508
-0.0762;0.1312265
-0.0771;0.13093035
-0.076;0.13074003
-0.0742;0.13097264
-0.0732;0.13135341
-0.0727;0.13156508
-0.0788;0.13167086
-0.0791;0.13038063
-0.0758;0.13031726
-0.0764;0.13101496
-0.077;0.13088804
-0.0746;0.13076118
-0.0713;0.13126878
-0.0687;0.13196729
-0.0649;0.13251796
-0.0615;0.13332345
-0.0568;0.1340448
-0.0492;0.1350429
-0.0423;0.13665922
-0.0358;0.13812926
-0.0277;0.1395163
-0.0238;0.14124781
-0.0186;0.1420827
-0.0121;0.14319706
-0.0095;0.14459203
0.0008;0.14515062
0.0024;0.14736684
0.0011;0.14771156
0.0013;0.14743143
0.0005;0.14747454
-0.0016;0.14730215
-0.0032;0.14684993
-0.0033;0.1465055
-0.0053;0.14648399
-0.008;0.14605363
-0.0072;0.14547299
-0.0108;0.145645
-0.0094;0.14487125
-0.007;0.14517209
-0.0058;0.145688
-0.006;0.14594609
-0.0053;0.14590304
-0.0047;0.14605363
-0.0013;0.1461827
0.0012;0.14691454
0.0033;0.147453
0.0055;0.14790557
0.0061;0.14837992
0.0068;0.14850931
0.0058;0.14866033
0.0049;0.14844462
0.004;0.14825049
0.003;0.14805646
0.0001;0.1478409
-0.002;0.147216
-0.0053;0.1467638
-0.0106;0.14605363
-0.0145;0.1449142
-0.0143;0.1440767
-0.0134;0.14411962
-0.0099;0.14431283
-0.0106;0.14506465
-0.0115;0.1449142
-0.0107;0.14472088
-0.0117;0.14489271
-0.012;0.14467792
-0.0157;0.1446135
-0.0181;0.14381917
-0.0202;0.14330429
-0.0231;0.14285403
-0.0231;0.14223261
-0.0253;0.14223261
-0.0272;0.1417615
-0.0285;0.1413548
-0.0276;0.14107662
-0.0271;0.14126919
-0.0246;0.1413762
-0.0188;0.14191136
-0.0139;0.14315417
-0.0097;0.1442055
-0.0033;0.14510763
0.005;0.14648399
0.0111;0.1482721
0.0182;0.14958851
0.0253;0.15112317
0.0316;0.15266034
0.0407;0.15402654
0.0468;0.15600349
0.0515;0.15733108
0.0533;0.1583553
0.0563;0.15874787
0.0594;0.15940246
0.0609;0.16007939
0.06;0.16040713
0.0586;0.16021049
0.0563;0.15990466
0.0528;0.15940246
0.0491;0.15863879
0.0437;0.15783216
0.0377;0.15665616
0.0335;0.15535125
0.0277;0.15443894
0.0242;0.15318054
0.0226;0.15242201
0.0188;0.15207542
0.0204;0.15125293
0.0222;0.15159917
0.0263;0.15198886
0.0305;0.15287708
0.0346;0.15378785
0.0369;0.1546778
0.0393;0.15517746
0.0438;0.15569901
0.0454;0.15667793
0.0481;0.15702623
0.0502;0.15761428
0.0538;0.15807188
0.0561;0.1588569
0.0544;0.15935883
0.0541;0.15898784
0.0546;0.15892237
0.0532;0.15903147
0.0523;0.15872604
0.0506;0.15852976
0.048;0.1581591
0.0445;0.15759249
0.041;0.15683028
0.0365;0.15606871
0.0323;0.15509048
0.0303;0.15417844
0.025;0.15374443
0.0243;0.15259536
0.0249;0.15244365
0.0273;0.15257366
0.0313;0.15309383
0.0346;0.1539614
0.041;0.1546778
0.0475;0.15606871
0.051;0.15748356
0.0556;0.15824631
0.0593;0.1592497
0.0632;0.16005756
0.0672;0.16090986
0.0688;0.16178483
0.0703;0.16213506
0.0722;0.16246355
0.0721;0.16287974
0.0699;0.1628578
0.0704;0.16237591
0.0699;0.16248542
0.0695;0.16237591
0.0686;0.16228832
0.0687;0.16209131
0.0656;0.16211312
0.0653;0.16143472
0.0628;0.16136912
0.0572;0.1608224
0.0569;0.15959893
0.0604;0.15953347
0.056;0.16029789
0.0535;0.15933701
0.0517;0.15879147
0.0491;0.15839888
0.0478;0.15783216
0.0462;0.15754889
0.0491;0.1572004
0.0454;0.15783216
0.0438;0.15702623
0.0416;0.15667793
0.0399;0.15619925
0.0396;0.15582952
0.0391;0.1557643
0.0379;0.1556556
0.0368;0.15539473
0.0366;0.15515566
0.0387;0.15511224
0.0352;0.15556861
0.0332;0.15480809
0.0383;0.15437381
0.0387;0.15548168
0.0394;0.15556861
0.0412;0.1557208
0.0438;0.15611222
0.0434;0.15667793
0.0461;0.15659088
0.0482;0.15717861
0.0467;0.15763603
0.0468;0.15730928
0.0435;0.15733108
0.0394;0.15661263
0.0367;0.1557208
0.031;0.15513396
0.0308;0.15389632
0.033;0.15385292
0.0333;0.15433037
0.0419;0.15439554
0.0418;0.15626451
0.0377;0.15624273
0.0398;0.15535125
0.0402;0.15580775
0.0405;0.15589476
0.0414;0.15596001
0.0417;0.15615574
0.0438;0.15622096
0.0446;0.15667793
0.0454;0.15685205
0.0449;0.15702623
0.0471;0.15691738
0.0478;0.15739642
0.0481;0.15754889
0.0488;0.15761428
0.0499;0.15776676
0.0511;0.15800649
0.0538;0.15826808
0.0561;0.1588569
0.0617;0.15935883
0.0627;0.16058198
0.0694;0.16080055
0.0754;0.16226645
0.0856;0.1635811
0.0924;0.1658203
0.0997;0.16731614
0.108;0.16892454
0.116;0.17075664
0.1228;0.17252591
0.1272;0.17403235
0.1312;0.17500839
0.1368;0.17589653
0.1371;0.1771414
0.1362;0.17720811
0.1351;0.17700794
0.1338;0.1767633
0.1312;0.1764743
0.1256;0.17589653
0.1209;0.1746533
0.1118;0.17361116
0.1052;0.17159662
0.0984;0.17013817
0.0908;0.1686379
0.0834;0.16696393
0.0764;0.1653369
0.0688;0.16380039
0.0633;0.16213506
0.0626;0.16093169
0.0597;0.1607787
0.0575;0.16014495
0.0585;0.15966445
0.064;0.15988283
0.0682;0.1610848
0.074;0.1620037
0.0787;0.16327415
0.0824;0.16430499
0.0853;0.16511725
0.088;0.16575441
0.0944;0.16634794
0.1049;0.16775648
0.1093;0.17007196
0.1149;0.17104392
0.1198;0.17228244
0.1235;0.17336743
0.1295;0.17418757
0.1372;0.17551897
0.141;0.17723036
0.1501;0.17807607
0.158;0.18010433
0.1654;0.18186863
0.1714;0.18352416
0.1768;0.18486859
0.1826;0.18608019
0.1861;0.18738315
0.1892;0.18817027
0.1919;0.18886797
0.1954;0.1894761
0.1971;0.19026487
0.1962;0.19064823
0.1966;0.19044527
0.1956;0.19053546
0.1945;0.19030996
0.1907;0.190062
0.1869;0.18920577
0.1839;0.18835026
0.1771;0.18767546
0.1757;0.18614751
0.1749;0.18583329
0.1657;0.18565369
0.1661;0.1835914
0.164;0.18368094
0.1619;0.18321076
0.1588;0.18274081
0.1545;0.18204749
0.1468;0.18108658
0.1379;0.17936832
0.1287;0.17738612
0.1177;0.17534134
0.1078;0.17290229
0.0973;0.17071246
0.0888;0.16839543
0.081;0.16652395
0.0746;0.16480982
0.0728;0.16340572
0.0717;0.16301116
0.0726;0.16277018
0.0743;0.16296734
0.0753;0.16333991
0.0744;0.1635592
0.0768;0.16336185
0.0774;0.16388814
0.0755;0.16401976
0.0749;0.16360302
0.0744;0.16347149
0.0717;0.16336185
0.0667;0.16277018
0.0612;0.16167541
0.0557;0.1604727
0.0487;0.1592715
0.0462;0.15774499
0.0385;0.1572004
0.0368;0.15552515
0.0347;0.15515566
0.0322;0.15469949
0.0283;0.1541567
0.0251;0.15331063
0.0218;0.152617
0.0181;0.15190221
0.0076;0.15110151
0.0013;0.14883295
-0.0055;0.14747454
-0.0112;0.14601062
-0.0183;0.14478534
-0.0246;0.1432614
-0.0349;0.14191136
-0.0436;0.13970853
-0.0526;0.13785213
-0.0622;0.13593578
-0.0757;0.13389623
-0.0798;0.13103613
-0.084;0.1301693
-0.0888;0.12928228
-0.0935;0.12826963
-0.0983;0.12727919
-0.1026;0.1262689
-0.1075;0.12536478
-0.1117;0.12433571
-0.1153;0.12345462
-0.1211;0.12270008
-0.1261;0.12148587
-0.1291;0.12044053
-0.1347;0.11981389
-0.1324;0.11864546
-0.1309;0.11912516
-0.1287;0.11943816
-0.1243;0.11989741
-0.1242;0.12081669
-0.1244;0.1208376
-0.1193;0.1207958
-0.1203;0.1218625
-0.1207;0.12165326
-0.1218;0.12156957
-0.1218;0.12133944
-0.1215;0.12133944
-0.1223;0.1214022
-0.1186;0.12123488
-0.1177;0.12200904
-0.1157;0.12219745
-0.116;0.12261631
-0.1156;0.12255345
-0.1152;0.12263724
-0.1175;0.12272105
-0.1147;0.12223934
-0.1159;0.12282582
-0.1151;0.12257437
-0.1141;0.12274201
-0.1126;0.12295152
-0.113;0.12326589
-0.1121;0.12318207
-0.1139;0.12337074
-0.1122;0.12299342
-0.1127;0.12334977
-0.1137;0.12324497
-0.1141;0.12303534
-0.111;0.12295152
-0.1084;0.12360136
-0.1058;0.12414682
-0.1014;0.12469257
-0.0947;0.12561698
-0.093;0.12702653
-0.0897;0.12738453
-0.086;0.12807988
-0.0819;0.12886019
-0.0778;0.1297257
-0.0741;0.130592
-0.0704;0.1313746
-0.0685;0.13215786
-0.0673;0.13256034
-0.0729;0.13281463
-0.0807;0.13162856
-0.0873;0.12997916
-0.0931;0.12858596
-0.1003;0.12736346
-0.1076;0.12584826
-0.1129;0.1243147
-0.1185;0.12320302
-0.1226;0.12202993
-0.1286;0.12117213
-0.1275;0.1199183
-0.1266;0.12014803
-0.1194;0.12033604
-0.1163;0.12184158
-0.1088;0.12249063
-0.1018;0.1240629
-0.0965;0.12553291
-0.0895;0.12664764
-0.0831;0.12812203
-0.0757;0.12947229
-0.0831;0.13103613
-0.086;0.12947229
-0.0867;0.12886019
-0.0905;0.1287125
-0.0933;0.12791125
-0.0962;0.12732133
-0.1007;0.12671074
-0.1061;0.12576416
-0.1089;0.1246296
-0.1095;0.1240419
-0.1061;0.123916
-0.1027;0.1246296
-0.0985;0.12534378
-0.0917;0.12622681
-0.0845;0.12765837
-0.0764;0.12917677
-0.0738;0.13088804
-0.0678;0.13143809
-0.0618;0.13270865
-0.0525;0.13398111
-0.0507;0.13595702
-0.0487;0.13633999
-0.0481;0.13676567
-0.0463;0.1368934
-0.0451;0.13727675
-0.0445;0.13753246
-0.0416;0.1376603
-0.0403;0.13827854
-0.0387;0.13855581
-0.0326;0.13889721
-0.0296;0.14019996
-0.0249;0.14084136
-0.0202;0.14184712
-0.0189;0.14285403
-0.0191;0.14313275
-0.0166;0.14308986
-0.0159;0.14362606
-0.0138;0.14377624
-0.0127;0.14422694
-0.0112;0.14446315
-0.0113;0.14478534
-0.014;0.14476381
-0.0141;0.14418404
-0.0144;0.14416258
-0.0136;0.14409813
-0.0124;0.14426988
-0.0112;0.14452757
-0.0085;0.14478534
-0.0066;0.14536549
-0.0047;0.14577402
-0.0036;0.1461827
0.0013;0.1464194
0.0062;0.14747454
0.007;0.1485309
0.0074;0.14870349
0.0076;0.1487898
0.0072;0.14883295
0.0097;0.14874664
0.0112;0.14928624
0.0116;0.14961012
0.0167;0.14969648
0.0206;0.15079871
0.0241;0.15164244
0.027;0.15240033
0.031;0.1530288
0.035;0.15389632
0.0387;0.15476465
0.0409;0.15556861
0.0396;0.15604702
0.0384;0.1557643
0.0357;0.15550339
0.0323;0.1549167
0.0279;0.15417844
0.0207;0.1532239
0.0163;0.1516641
0.0118;0.15071219
0.0083;0.1497397
0.0043;0.14898401
0.0006;0.14812113
-0.0035;0.14732374
-0.0051;0.14644094
-0.0064;0.14609665
-0.0098;0.14581706
-0.0116;0.14508611
-0.0142;0.14469938
-0.0141;0.14414111
-0.013;0.14416258
-0.0126;0.14439873
-0.0116;0.14448462
-0.0124;0.14469938
-0.0115;0.14452757
-0.0116;0.14472088
-0.012;0.14469938
-0.0107;0.1446135
-0.0116;0.14489271
-0.0118;0.14469938
-0.0107;0.14465643
-0.009;0.14489271
-0.0068;0.14525804
-0.0084;0.14573103
-0.0095;0.145387
-0.0105;0.14515062
-0.0098;0.14493568
-0.0097;0.14508611
-0.0085;0.14510763
-0.0077;0.14536549
-0.0085;0.1455375
-0.0069;0.14536549
-0.0022;0.14570951
-0.0052;0.14672077
-0.0016;0.14607516
-0.0029;0.14684993
-0.0033;0.14657009
0.0002;0.14648399
0.0016;0.14723757
0.0059;0.14753918
0.0069;0.1484662
0.0088;0.14868194
0.0107;0.14909194
0.0095;0.14950213
0.0147;0.14924304
0.0105;0.1503663
0.0111;0.14945894
0.0132;0.14958851
0.0128;0.15004215
0.0096;0.14995572
0.0057;0.14926462
0.0066;0.14842309
0.0102;0.14861721
0.0074;0.14939414
0.0077;0.1487898
0.0091;0.14885452
0.0103;0.14915664
0.0115;0.14941578
0.0112;0.14967489
0.0149;0.14961012
0.0145;0.15040952
0.0205;0.15032306
0.0273;0.1516208
0.036;0.15309383
0.0406;0.15498188
0.0459;0.15598173
0.0522;0.15713508
0.0594;0.15850794
0.0636;0.16007939
0.0693;0.16099733
0.0746;0.16224453
0.0846;0.16340572
0.0898;0.16560054
0.0955;0.1667439
0.0998;0.16799882
0.105;0.16894661
0.1107;0.17009404
0.1168;0.1713534
0.1207;0.172703
0.1232;0.17356685
0.1227;0.17412102
0.1219;0.1740102
0.1225;0.17383283
0.1189;0.17396581
0.1119;0.17316805
0.1073;0.17161877
0.1006;0.17060202
0.0917;0.16912302
0.0859;0.16716202
0.0812;0.16588627
0.0785;0.16485375
0.0766;0.16426109
0.0683;0.16384426
0.064;0.16202562
0.063;0.1610848
0.0625;0.16086616
0.0611;0.1607568
0.0625;0.16045083
0.0631;0.1607568
0.063;0.16088799
0.0622;0.16086616
0.0606;0.16069123
0.0622;0.16034159
0.0633;0.16069123
0.0642;0.16093169
0.0664;0.16112854
0.0681;0.16160978
0.0694;0.1619818
0.0739;0.16226645
0.078;0.16325225
0.082;0.16415139
0.0878;0.16502944
0.0918;0.16630399
0.0965;0.16718404
0.1002;0.16821913
0.1035;0.16903481
0.1051;0.16976288
0.1053;0.17011614
0.1058;0.17016031
0.105;0.1702707
0.1054;0.17009404
0.1058;0.17018233
0.1088;0.1702707
0.1151;0.17093341
0.12;0.17232667
0.1256;0.17341176
0.1298;0.1746533
0.1353;0.17558563
0.1397;0.1768078
0.1445;0.17778666
0.1477;0.17885566
0.1461;0.17956904
0.1422;0.17921227
0.1422;0.1783433
0.1393;0.1783433
0.1316;0.17769764
0.1267;0.17598543
0.1211;0.1748974
0.1151;0.17365554
0.1111;0.17232667
0.1049;0.17144182
0.101;0.17007196
0.0952;0.16921125
0.0942;0.16793272
0.093;0.16771245
0.0923;0.16744821
0.0898;0.16729409
0.0883;0.1667439
0.0885;0.16641396
0.0869;0.16645795
0.0878;0.1661061
0.0914;0.16630399
0.0989;0.16709603
0.1083;0.16874814
0.1203;0.17082292
0.1319;0.17347822
0.143;0.17605206
0.1537;0.17852147
0.1636;0.18090792
0.1723;0.18312125
0.1779;0.18507046
0.1769;0.18632711
0.17;0.18610264
0.1621;0.18455471
0.1512;0.18278556
0.1393;0.18034981
0.1254;0.17769764
0.1097;0.17460895
0.0954;0.17113233
0.0815;0.16797677
0.0714;0.1649196
0.0552;0.16270445
0.0518;0.15916237
0.0509;0.1584207
0.0512;0.15822451
0.053;0.15828988
0.0568;0.15868244
0.0597;0.15951163
0.062;0.16014495
0.0636;0.16064754
0.0652;0.16099733
0.0633;0.16134724
0.0668;0.16093169
0.0664;0.16169728
0.0625;0.16160978
0.0624;0.1607568
0.0586;0.16073498
0.0553;0.15990466
0.052;0.15918422
0.0485;0.15846433
0.0456;0.1577014
0.0412;0.15706976
0.0408;0.15611222
0.0381;0.15602523
0.0342;0.15543821
0.0315;0.15459092
0.0289;0.15400484
0.0258;0.15344074
0.0237;0.15276869
0.0194;0.15231371
0.0191;0.15138277
0.0178;0.15131783
0.0145;0.15103658
0.0124;0.15032306
0.0097;0.14986928
0.0075;0.14928624
0.0046;0.1488114
0.0;0.14818582
-0.0049;0.14719446
-0.0103;0.14613965
-0.0154;0.14497867
-0.021;0.14388357
-0.0273;0.14268255
-0.0321;0.14133339
-0.0408;0.14030682
-0.0474;0.13844915
-0.0532;0.1370425
-0.0602;0.13580815
-0.0646;0.13432074
-0.069;0.13338709
-0.0758;0.13245441
-0.0803;0.13101496
-0.0839;0.13006368
-0.0854;0.12930341
-0.0875;0.12898679
-0.0879;0.12854375
-0.0877;0.12845941
-0.0875;0.12850156
-0.0841;0.12854375
-0.0811;0.12926117
-0.0755;0.12989464
-0.0741;0.13107839
-0.0739;0.1313746
-0.073;0.13141692
-0.0719;0.13160738
-0.0697;0.13184023
-0.069;0.13230611
-0.0654;0.13245441
-0.064;0.13321744
-0.0629;0.13351433
-0.062;0.13374771
-0.0611;0.13393867
-0.0607;0.13412967
-0.0613;0.13421461
-0.0602;0.13408725
-0.06;0.13432074
-0.0567;0.13436322
-0.0544;0.13506413
-0.0518;0.135553
-0.0485;0.13610594
-0.0455;0.13680826
-0.0488;0.13744721
-0.0502;0.1367444
-0.0543;0.13644636
-0.056;0.13557424
-0.0606;0.1352129
-0.0646;0.13423581
-0.0669;0.13338709
-0.0696;0.13289942
-0.0713;0.1323273
-0.0706;0.13196729
-0.0695;0.13211548
-0.0659;0.1323485
-0.0616;0.13311143
-0.0546;0.13402356
-0.0482;0.13551046
-0.0287;0.13687214
-0.0139;0.14103386
-0.0028;0.1442055
0.008;0.14659159
0.0209;0.14891925
0.0173;0.1517074
0.0173;0.15092845
0.0164;0.15092845
0.0149;0.15073383
0.0116;0.15040952
0.0069;0.14969648
0.0015;0.14868194
-0.0047;0.14751762
-0.0124;0.1461827
-0.0196;0.14452757
-0.0237;0.14298265
-0.0254;0.14210409
-0.0294;0.14174007
-0.0319;0.1408841
-0.0344;0.14034958
-0.0391;0.13981533
-0.0361;0.13881186
-0.0318;0.13945225
-0.0273;0.14037094
-0.0189;0.14133339
-0.0159;0.14313275
-0.0158;0.14377624
-0.0153;0.14379768
-0.0112;0.14390497
-0.0113;0.14478534
-0.008;0.14476381
-0.014;0.14547299
-0.0173;0.14418404
-0.0207;0.1434759
-0.0233;0.14274684
-0.0278;0.14218979
-0.033;0.14122641
-0.0379;0.14011447
-0.0389;0.13906796
-0.0443;0.13885453
-0.0426;0.1377029
-0.0409;0.13806532
-0.0381;0.13842784
-0.0346;0.13902524
-0.0322;0.13977261
-0.0296;0.14028543
-0.0255;0.14084136
-0.0259;0.14171866
-0.0251;0.141633
-0.0256;0.14180428
-0.0249;0.14169726
-0.0241;0.14184712
-0.0252;0.14201844
-0.0241;0.14178286
-0.0208;0.14201844
-0.0211;0.14272544
-0.02;0.14266112
-0.0199;0.14289689
-0.0184;0.1429183
-0.017;0.14323997
-0.0143;0.14354023
-0.0117;0.14411962
-0.0084;0.14467792
-0.0056;0.145387
0.0008;0.1459891
0.0051;0.14736684
0.011;0.14829364
0.0154;0.14956693
0.0205;0.15051761
0.0268;0.1516208
0.0399;0.15298544
0.0439;0.15582952
0.0503;0.1566997
0.0575;0.1580937
0.0637;0.15966445
0.0703;0.1610192
0.0769;0.16246355
0.0817;0.16391008
0.0862;0.16496353
0.0875;0.1659522
0.0888;0.16623804
0.089;0.16652395
0.088;0.16656794
0.0834;0.16634794
0.0814;0.1653369
0.0781;0.16489762
0.0766;0.16417333
0.0718;0.16384426
0.067;0.16279212
0.0635;0.16174108
0.0616;0.16097546
0.0599;0.16056015
0.0598;0.16018862
0.059;0.16016676
0.0648;0.15999201
0.0693;0.16125974
0.0732;0.16224453
0.0772;0.16309886
0.0834;0.16397585
0.0856;0.1653369
0.0876;0.1658203
0.0858;0.16626003
0.0843;0.16586429
0.0829;0.16553465
0.0784;0.16522709
0.0724;0.16423917
0.0682;0.16292359
0.0635;0.1620037
0.0592;0.16097546
0.0551;0.16003571
0.0514;0.15914056
0.0494;0.15833347
0.0476;0.15789752
0.0463;0.1575053
0.0482;0.15722223
0.0506;0.15763603
0.0545;0.1581591
0.0564;0.15900964
0.0604;0.15942429
0.0647;0.16029789
0.0701;0.1612379
0.0738;0.1624197
0.076;0.16323036
0.0783;0.16371268
0.0767;0.16421719
0.0735;0.1638662
0.0685;0.16316459
0.0625;0.16206937
0.0563;0.1607568
0.048;0.15940246
0.0424;0.15759249
0.0347;0.1563733
0.027;0.15469949
0.0316;0.1530288
0.0287;0.15402654
0.0314;0.15339741
0.0297;0.15398312
0.0302;0.1536143
0.0359;0.15372275
0.0406;0.15496017
0.0467;0.15598173
0.0531;0.15730928
0.0539;0.15870425
0.0612;0.15887874
0.0611;0.1604727
0.0585;0.16045083
0.0542;0.15988283
0.0509;0.15894419
0.0505;0.15822451
0.0454;0.15813729
0.0442;0.15702623
0.043;0.156765
0.0418;0.15650383
0.041;0.15624273
0.0408;0.15606871
0.0465;0.15602523
0.0489;0.15726575
0.0522;0.15778854
0.054;0.15850794
0.0572;0.15890056
0.0602;0.15959893
0.0624;0.16025415
0.0659;0.16073498
0.0718;0.16150036
0.0755;0.16279212
0.0792;0.16360302
0.085;0.16441475
0.0894;0.1656885
0.0914;0.1666559
0.0957;0.16709603
0.1004;0.16804285
0.1102;0.16907895
0.1155;0.17124285
0.122;0.17241523
0.1297;0.17385502
0.1342;0.1755634
0.138;0.17656325
0.1406;0.17740837
0.1433;0.17798698
0.1466;0.17858833
0.147;0.17932372
0.1477;0.17941295
0.1451;0.17956904
0.1392;0.17898937
0.1345;0.1776754
0.1292;0.17662992
0.1238;0.17545238
0.1165;0.17425409
0.1096;0.1726366
0.1042;0.17111024
0.102;0.1699174
0.1014;0.16943187
0.1028;0.16929951
0.1065;0.16960841
0.1147;0.17042525
0.1245;0.17223819
0.1325;0.17440933
0.1435;0.1761854
0.1502;0.17863286
0.1539;0.18012667
0.1566;0.18095261
0.1561;0.18155575
0.1577;0.181444
0.1608;0.18180159
0.159;0.18249474
0.158;0.18209219
0.1539;0.18186863
0.1497;0.18095261
0.1476;0.1800151
0.1443;0.17954668
0.1459;0.17881109
0.1495;0.17916772
0.1567;0.17997049
0.1616;0.18157807
0.1699;0.1826737
0.1753;0.18453231
0.179;0.18574348
0.1821;0.1865742
0.1846;0.18727078
0.1831;0.18783289
0.1816;0.18749554
0.1791;0.18715836
0.1742;0.18659663
0.17;0.18549664
0.1696;0.18455471
0.1712;0.18446505
0.1725;0.18482377
0.1744;0.18511528
0.1739;0.1855415
0.1717;0.18542933
0.1694;0.18493585
0.1661;0.18442024
0.1634;0.18368094
0.1575;0.18307644
0.1548;0.18175685
0.1541;0.18115363
0.1474;0.18099724
0.1397;0.17950213
0.1374;0.17778666
0.1319;0.17727485
0.1264;0.17605206
0.1241;0.17483085
0.1173;0.17432067
0.1155;0.17281373
0.1126;0.17241523
0.1106;0.17177357
0.1074;0.17133127
0.1045;0.1706241
0.1017;0.16998364
0.0972;0.16936569
0.0945;0.1683734
0.0904;0.16777854
0.0863;0.16687597
0.082;0.16597418
0.0777;0.16502944
0.0738;0.16408555
0.0716;0.16323036
0.0694;0.16274828
0.0631;0.16226645
0.0589;0.16088799
0.0534;0.15997021
0.0479;0.15876967
0.0415;0.15757069
0.0347;0.1561775
0.0263;0.15469949
0.0172;0.15287708
0.0078;0.15090682
0.0009;0.14887613
-0.0076;0.14738834
-0.0167;0.14555901
-0.0269;0.14360459
-0.0328;0.141419
-0.0363;0.14015718
-0.0412;0.13940951
-0.0434;0.13836385
-0.045;0.13789473
-0.0452;0.13755374
-0.0461;0.1375111
-0.0454;0.13731939
-0.0421;0.13746852
-0.0412;0.1381719
-0.0417;0.13836385
-0.0429;0.13825724
-0.0441;0.13800134
-0.0471;0.13774554
-0.0484;0.13710637
-0.0494;0.13682957
-0.0512;0.13661665
-0.0513;0.13623361
-0.0524;0.13621232
-0.0548;0.13597831
-0.0579;0.13546798
-0.0573;0.13480918
-0.0583;0.13493665
-0.0578;0.13472423
-0.0574;0.13483043
-0.0565;0.1349154
-0.0551;0.13510662
-0.0547;0.13540417
-0.0535;0.13548921
-0.0532;0.13574433
-0.0533;0.13580815
-0.0487;0.13578686
-0.0476;0.13676567
-0.0446;0.13699988
-0.0395;0.13763899
-0.0314;0.13872649
-0.0246;0.14045644
-0.0162;0.14191136
-0.0055;0.14371186
0.0003;0.14601062
0.0054;0.14725912
0.0097;0.14835836
0.0104;0.14928624
0.0078;0.14943734
0.0048;0.14887613
-0.0006;0.14822896
-0.0066;0.14706528
-0.0121;0.14577402
-0.0165;0.14459203
-0.0224;0.1436475
-0.0278;0.14238259
-0.0317;0.14122641
-0.0331;0.14039233
-0.0362;0.14009307
-0.0353;0.1394309
-0.0355;0.13962308
-0.0381;0.13958038
-0.0386;0.13902524
-0.0385;0.13891855
-0.0393;0.13893989
-0.0402;0.13876913
-0.0449;0.13857715
-0.0465;0.13757503
-0.0505;0.13723418
-0.0545;0.13638255
-0.0599;0.13553171
-0.0656;0.13438444
-0.0706;0.13317503
-0.0731;0.13211548
-0.0738;0.13158624
-0.071;0.13143809
-0.0691;0.1320308
-0.0656;0.13243324
-0.0583;0.13317503
-0.0479;0.13472423
-0.0406;0.13693602
-0.0324;0.13849181
-0.0237;0.14024273
-0.0168;0.14210409
-0.0114;0.14358315
-0.0056;0.14474234
-0.0004;0.1459891
0.0019;0.14710833
0.0035;0.14760382
0.0054;0.14794865
0.0082;0.14835836
0.0093;0.14896242
0.0091;0.14919984
0.0063;0.14915664
0.0033;0.14855248
-0.006;0.14790557
-0.0052;0.14590304
-0.0055;0.14607516
-0.0037;0.14601062
-0.0019;0.1463979
-0.0008;0.14678532
0.0006;0.1470222
0.0002;0.14732374
0.0005;0.14723757
-0.0005;0.14730215
-0.0026;0.1470868
-0.0023;0.14663464
-0.0043;0.14669922
-0.0089;0.14626877
-0.0107;0.14527954
-0.0181;0.14489271
-0.0263;0.14330429
-0.0321;0.14154743
-0.0397;0.14030682
-0.0417;0.13868384
-0.0476;0.13825724
-0.0422;0.13699988
-0.0357;0.13815057
-0.031;0.13953769
-0.0271;0.14054197
-0.0219;0.1413762
-0.0163;0.1424897
-0.0154;0.1436904
-0.0154;0.14388357
-0.0156;0.14388357
-0.0168;0.14384061
-0.0182;0.14358315
-0.0216;0.14328283
-0.0249;0.142554
-0.0263;0.14184712
-0.0267;0.14154743
-0.0292;0.14146179
-0.0334;0.14092688
-0.0392;0.14002895
-0.0426;0.13879052
-0.044;0.13806532
-0.0439;0.13776685
-0.0417;0.13778816
-0.04;0.13825724
-0.0365;0.1386198
-0.0318;0.13936682
-0.0286;0.14037094
-0.0228;0.14105526
-0.0183;0.14229688
-0.0144;0.1432614
-0.0125;0.14409813
-0.008;0.1445061
-0.0067;0.14547299
-0.0072;0.1457525
-0.0099;0.145645
-0.0139;0.14506465
-0.0165;0.1442055
-0.0187;0.1436475
-0.0205;0.14317562
-0.0202;0.14278972
-0.0188;0.14285403
-0.0138;0.14315417
-0.0064;0.14422694
0.0013;0.14581706
0.0061;0.14747454
0.0144;0.14850931
0.0191;0.15030146
0.0248;0.15131783
0.027;0.15255202
0.0287;0.1530288
0.0343;0.15339741
0.0334;0.15461266
0.0296;0.15441722
0.0267;0.1535926
0.0235;0.15296376
0.0213;0.15227039
0.0197;0.151794
0.0184;0.15144767
0.0181;0.1511664
0.016;0.15110151
0.0138;0.15064731
0.0115;0.15017179
0.0078;0.14967489
0.0031;0.14887613
-0.002;0.14786242
-0.0074;0.1467638
-0.0097;0.14560199
-0.0152;0.14510763
-0.0173;0.14392646
-0.0188;0.1434759
-0.0243;0.14315417
-0.0273;0.1419756
-0.0284;0.14133339
-0.0298;0.14109804
-0.0297;0.14079857
-0.0289;0.14081994
-0.0307;0.14099108
-0.0268;0.1406061
-0.0299;0.14144042
-0.0299;0.14077719
-0.0321;0.14077719
-0.0336;0.14030682
-0.0342;0.13998626
-0.0333;0.13985804
-0.0335;0.14005037
-0.0297;0.14000764
-0.025;0.14081994
-0.0227;0.14182569
-0.0205;0.14231832
-0.0125;0.14278972
-0.0086;0.1445061
-0.006;0.14534402
-0.0033;0.14590304
-0.0012;0.14648399
0.002;0.14693604
0.0054;0.1476254
0.0095;0.14835836
0.0107;0.14924304
0.0111;0.14950213
0.0137;0.14958851
0.0154;0.1501502
0.0154;0.15051761
0.0153;0.15051761
0.0164;0.150496
0.0229;0.15073383
0.0257;0.15214042
0.0309;0.15274702
0.0338;0.15387464
0.0373;0.15450408
0.0478;0.1552643
0.0551;0.15754889
0.06;0.15914056
0.066;0.16021049
0.0742;0.16152225
0.0834;0.16331802
0.0959;0.1653369
0.1014;0.16808696
0.1068;0.16929951
0.1154;0.1704915
0.126;0.17239308
0.1313;0.17474209
0.1332;0.17591879
0.1328;0.17634094
0.1349;0.17625205
0.1365;0.17671886
0.1396;0.17707464
0.1417;0.17776442
0.142;0.17823192
0.146;0.17829877
0.1434;0.17918998
0.1446;0.17861058
0.1396;0.17887798
0.1368;0.17776442
0.1336;0.1771414
0.126;0.17642987
0.1189;0.17474209
0.1113;0.17316805
0.1048;0.17148605
0.0979;0.17004986
0.0895;0.16852768
0.0847;0.16667794
0.0772;0.16562253
0.0743;0.16397585
0.0707;0.16333991
0.0703;0.16255112
0.0705;0.16246355
0.0709;0.16250731
0.0672;0.16259494
0.0667;0.16178483
0.0627;0.16167541
0.0595;0.16080055
0.0547;0.16010123
0.0489;0.1590533
0.0459;0.15778854
0.0423;0.15713508
0.0396;0.15635152
0.0405;0.1557643
0.043;0.15596001
0.0461;0.15650383
0.0544;0.15717861
0.0652;0.15898784
0.0765;0.16134724
0.0879;0.16382234
0.0993;0.16632599
0.1095;0.16883631
0.1208;0.17108813
0.1301;0.17358904
0.1377;0.17565224
0.1416;0.17734163
0.1504;0.17820966
0.1532;0.18017128
0.1582;0.1807963
0.1604;0.18191335
0.1648;0.18240526
0.1663;0.18338983
0.1681;0.18372573
0.1667;0.18412894
0.1665;0.18381529
0.1643;0.18377051
0.1673;0.18327788
0.166;0.18394966
0.1662;0.18365856
0.1645;0.18370335
0.1598;0.18332267
0.156;0.1822711
0.151;0.18142167
0.1483;0.18030517
0.1435;0.1797028
0.1462;0.17863286
0.1531;0.1792346
0.1632;0.18077394
0.1757;0.18303172
0.1857;0.18583329
0.1969;0.18808028
0.2055;0.19060314
0.2118;0.19254473
0.2193;0.19396947
0.2222;0.19566832
0.2226;0.19632602
0.2238;0.19641672
0.222;0.19668898
0.2208;0.19628058
0.2171;0.19600841
0.2076;0.19516972
0.2012;0.19301942
0.1942;0.19157347
0.1885;0.18999435
0.1842;0.18871042
0.175;0.18774287
0.1756;0.18567614
0.1758;0.18581079
0.1768;0.18585567
0.1779;0.18608019
0.1793;0.18632711
0.18;0.1866416
0.1806;0.18679887
0.1823;0.18693362
0.1808;0.18731572
0.1799;0.18697861
0.1803;0.18677637
0.1777;0.18686622
0.1758;0.18628222
0.1731;0.18585567
0.167;0.18524985
0.1639;0.1838825
0.1593;0.18318836
0.1539;0.18215927
0.1519;0.18095261
0.1438;0.18050607
0.1444;0.17869972
0.146;0.17883337
0.1488;0.17918998
0.1507;0.17981432
0.1518;0.18023822
0.1534;0.18048374
0.1573;0.18084091
0.1587;0.18171218
0.161;0.18202512
0.1637;0.1825394
0.1668;0.18314362
0.169;0.18383774
0.1722;0.18433063
0.173;0.185048
0.177;0.18522742
0.1779;0.18612503
0.1777;0.18632711
0.18;0.18628222
0.1812;0.18679887
0.1839;0.18706849
0.1859;0.18767546
0.1915;0.18812531
0.1934;0.18938595
0.1979;0.18981405
0.1995;0.19082871
0.1962;0.19118974
0.1945;0.19044527
0.19;0.190062
0.1771;0.18904811
0.1502;0.18614751
0.1382;0.18012667
0.1195;0.17745288
0.0978;0.17330095
0.085;0.16850565
0.0734;0.1656885
0.0543;0.16314267
0.0469;0.15896599
0.0389;0.15735288
0.0316;0.1556121
0.0287;0.15402654
0.0266;0.15339741
0.0254;0.15294206
0.0259;0.15268204
0.0288;0.15279038
0.0334;0.15341905
0.0354;0.15441722
0.0377;0.15485156
0.0403;0.15535125
0.0406;0.15591651
0.0396;0.15598173
0.0401;0.1557643
0.0346;0.155873
0.0314;0.1546778
0.0286;0.15398312
0.0266;0.15337569
0.0235;0.15294206
0.0179;0.15227039
0.0139;0.15105826
0.0082;0.1501934
0.0076;0.14896242
0.0111;0.14883295
0.0164;0.14958851
0.0227;0.15073383
0.0296;0.1520971
0.0391;0.1535926
0.0455;0.1556556
0.0508;0.157048
0.0548;0.15820268
0.0587;0.1590751
0.0597;0.15992647
0.0591;0.16014495
0.0494;0.16001388
0.0452;0.15789752
0.0394;0.15698266
0.0321;0.1557208
0.0271;0.15413503
0.0221;0.15305045
0.0166;0.15196718
0.0095;0.15077709
0.0019;0.14924304
-0.0049;0.14760382
-0.011;0.14613965
-0.0185;0.14482827
-0.0271;0.14321852
-0.0313;0.1413762
-0.0358;0.14047782
-0.0428;0.1395163
-0.0457;0.13802266
-0.0482;0.13740458
-0.0515;0.13687214
-0.052;0.13616978
-0.0506;0.13606337
-0.0453;0.13636126
-0.0454;0.13748984
-0.0437;0.13746852
-0.0404;0.1378308
-0.0406;0.13853449
-0.041;0.13849181
-0.0419;0.1384065
-0.044;0.13821457
-0.0464;0.13776685
-0.0482;0.13725547
-0.0509;0.13687214
-0.0529;0.13629742
-0.0564;0.13587196
-0.06;0.13512789
-0.0648;0.13436322
-0.0696;0.13334471
-0.0759;0.1323273
-0.0801;0.13099378
-0.0862;0.13010594
-0.09;0.128818
-0.0952;0.12801665
-0.0997;0.12692124
-0.0968;0.12597439
-0.0954;0.12658447
-0.0917;0.12687916
-0.0845;0.12765837
-0.0841;0.12917677
-0.0803;0.12926117
-0.0762;0.13006368
-0.0747;0.13093035
-0.0667;0.13124764
-0.0644;0.13294181
-0.0619;0.1334295
-0.0591;0.13395989
-0.053;0.13455434
-0.0544;0.13585068
-0.0626;0.135553
-0.067;0.13381137
-0.0703;0.13287823
-0.0736;0.13217904
-0.0788;0.13148037
-0.084;0.13038063
-0.0868;0.12928228
-0.0912;0.12869142
-0.0885;0.12776375
-0.0836;0.1283329
-0.0812;0.12936673
-0.0773;0.12987354
-0.0676;0.13069774
-0.0586;0.13275106
-0.0491;0.13466053
-0.043;0.13668053
-0.0361;0.13798001
-0.0323;0.13945225
-0.0272;0.14026408
-0.025;0.1413548
-0.0169;0.14182569
-0.0152;0.14356169
-0.0146;0.14392646
-0.0141;0.14405522
-0.0124;0.14416258
-0.0077;0.14452757
-0.0088;0.1455375
-0.0075;0.14530103
-0.01;0.14558047
-0.0146;0.14504313
-0.0194;0.14405522
-0.0212;0.14302552
-0.0241;0.14263971
-0.029;0.14201844
-0.0344;0.1409697
-0.0394;0.13981533
-0.0441;0.13874781
-0.0489;0.13774554
-0.0521;0.1367231
-0.0573;0.13604212
-0.0537;0.13493665
-0.051;0.13570184
-0.0461;0.13627614
-0.0418;0.13731939
-0.0377;0.13823587
-0.0337;0.13911067
-0.0315;0.13996488
-0.0266;0.1404351
-0.0239;0.1414832
-0.0198;0.14206125
-0.0165;0.14293979
-0.0139;0.1436475
-0.0116;0.1442055
-0.0102;0.14469938
-0.0079;0.14500019
-0.0057;0.14549449
-0.0048;0.14596759
-0.0053;0.14616118
-0.0059;0.14605363
-0.0069;0.14592455
-0.0029;0.14570951
-0.0022;0.14657009
0.0027;0.14672077
0.0051;0.14777622
0.0073;0.14829364
0.0121;0.14876822
0.0161;0.14980449
0.02;0.15066895
0.0233;0.15151262
0.0304;0.15222704
0.0386;0.15376617
0.0474;0.15554689
0.0567;0.15746178
0.0642;0.15948978
0.0712;0.16112854
0.0754;0.16266061
0.0791;0.1635811
0.0811;0.16439274
0.0823;0.16483176
0.081;0.1650953
0.0803;0.16480982
0.0784;0.16465613
0.0767;0.16423917
0.0738;0.1638662
0.0706;0.16323036
0.0653;0.16252926
0.0626;0.16136912
0.0572;0.1607787
0.0516;0.15959893
0.048;0.1583771
0.045;0.15759249
0.0466;0.15693913
0.0458;0.15728755
0.0475;0.15711331
0.053;0.15748356
0.0576;0.15868244
0.0615;0.15968628
0.0642;0.16053824
0.0703;0.16112854
0.0742;0.16246355
0.0811;0.16331802
0.089;0.16483176
0.0966;0.16656794
0.1025;0.16824116
0.1066;0.16954221
0.1101;0.17044735
0.1134;0.17122075
0.1154;0.1719505
0.1143;0.17239308
0.1103;0.17214964
0.1039;0.17126496
0.0998;0.16985117
0.095;0.16894661
0.0885;0.16788866
0.0838;0.16645795
0.0776;0.16542476
0.0678;0.16406365
0.0611;0.16191617
0.0565;0.16045083
0.0487;0.15944612
0.0512;0.15774499
0.0546;0.15828988
0.0572;0.15903147
0.0608;0.15959893
0.0637;0.16038527
0.0676;0.1610192
0.0711;0.16187236
0.0726;0.16263871
0.0724;0.16296734
0.0722;0.16292359
0.0735;0.16287974
0.0705;0.16316459
0.0671;0.16250731
0.0646;0.16176297
0.061;0.161216
0.0578;0.16042894
0.0541;0.15972996
0.0487;0.15892237
0.0436;0.15774499
0.0395;0.15663439
0.0357;0.15574253
0.0307;0.1549167
0.027;0.15383123
0.0231;0.1530288
0.0213;0.15218376
0.0209;0.151794
0.0185;0.1517074
0.0147;0.15118802
0.0143;0.1503663
0.0117;0.15027985
0.0107;0.14971809
0.0138;0.14950213
0.0121;0.15017179
0.0115;0.14980449
0.014;0.14967489
0.0149;0.15021499
0.0168;0.15040952
0.0177;0.15082034
0.0194;0.151015
0.0247;0.15138277
0.0294;0.15253033
0.0341;0.1535492
0.0324;0.15456921
0.0337;0.15420017
0.0335;0.15448236
0.0348;0.15443894
0.0346;0.15472125
0.0361;0.1546778
0.0382;0.15500359
0.0351;0.15545994
0.0294;0.15478641
0.0222;0.1535492
0.0176;0.15198886
0.0128;0.15099332
0.0082;0.14995572
0.0037;0.14896242
0.0002;0.14799178
-0.0013;0.14723757
-0.0013;0.14691454
-0.0047;0.14691454
-0.0049;0.1461827
-0.007;0.14613965
-0.0041;0.145688
-0.0055;0.14631183
-0.0016;0.14601062
-0.0015;0.14684993
-0.0045;0.14687149
-0.0061;0.14622574
-0.0089;0.14588153
-0.0111;0.14527954
-0.0095;0.14480679
-0.0092;0.14515062
-0.0082;0.14521505
-0.0058;0.14543001
-0.002;0.14594609
0.0085;0.1467638
0.0197;0.14902721
0.0304;0.15144767
0.0424;0.15376617
0.0573;0.1563733
0.0726;0.15962076
0.0837;0.16296734
0.0919;0.16540283
0.1017;0.16720605
0.1082;0.16936569
0.1119;0.17080083
0.1155;0.17161877
0.1149;0.17241523
0.1161;0.17228244
0.1096;0.17254801
0.1032;0.17111024
0.0971;0.16969667
0.0924;0.16835138
0.0908;0.16731614
0.0868;0.16696393
0.0866;0.1660841
0.0861;0.16604017
0.0911;0.16593023
0.0957;0.16702999
0.1037;0.16804285
0.1162;0.16980705
0.1258;0.17257018
0.131;0.17469773
0.1363;0.17585212
0.14;0.17703019
0.1425;0.17785345
0.1436;0.17841008
0.1417;0.17865515
0.1364;0.17823192
0.1286;0.17705241
0.1212;0.17531914
0.1161;0.17367765
0.1116;0.17254801
0.1066;0.17155237
0.1004;0.17044735
0.0969;0.16907895
0.0928;0.16830729
0.0914;0.16740417
0.0932;0.16709603
0.1007;0.16749221
0.1141;0.1691451
0.1277;0.17210542
0.1409;0.17511934
0.1526;0.17805381
0.1621;0.18066233
0.1709;0.18278556
0.1776;0.1847565
0.1851;0.18625976
0.1891;0.1879453
0.1905;0.18884547
0.1921;0.18916072
0.1899;0.18952112
0.1854;0.18902563
0.1827;0.18801278
0.1748;0.18740565
0.1735;0.18563125
0.1714;0.18533957
0.1651;0.18486859
0.1627;0.18345702
0.1617;0.1829198
0.1604;0.18269604
0.1571;0.18240526
0.154;0.18166745
0.1478;0.18097493
0.1403;0.17959131
0.1329;0.17792024
0.1237;0.17627427
0.1136;0.1742319
0.1041;0.17199479
0.0962;0.16989534
0.0896;0.16815302
0.0856;0.1666999
0.0837;0.1658203
0.0833;0.16540283
0.0799;0.16531494
0.0734;0.1645683
0.0694;0.16314267
0.0635;0.16226645
0.049;0.16097546
0.0397;0.15781038
0.0283;0.15578601
0.0148;0.15331063
0.0023;0.15038788
-0.0084;0.14769003
-0.0216;0.145387
-0.0304;0.142554
-0.0404;0.14067027
-0.0485;0.13853449
-0.0593;0.13680826
-0.0618;0.13451183
-0.0599;0.13398111
-0.058;0.13438444
-0.0535;0.13478796
-0.049;0.13574433
-0.0434;0.13670182
-0.039;0.13789473
-0.0336;0.13883317
-0.0272;0.13998626
-0.0206;0.1413548
-0.015;0.1427683
-0.0094;0.14396937
-0.0044;0.14517209
0.0006;0.14624724
0.0065;0.14732374
0.0124;0.14859562
0.0217;0.14986928
0.027;0.1518806
0.0336;0.1530288
0.0394;0.15446067
0.0419;0.1557208
0.041;0.15626451
0.041;0.15606871
0.04;0.15606871
0.038;0.15585124
0.0339;0.15541647
0.0329;0.1545258
0.0264;0.1543087
0.0205;0.15289876
0.0043;0.1516208
-0.0018;0.14812113
-0.0096;0.1468069
-0.0183;0.14512908
-0.026;0.1432614
-0.0309;0.1416116
-0.0337;0.14056334
-0.0332;0.13996488
-0.0337;0.14007175
-0.0305;0.13996488
-0.0232;0.14064889
-0.0164;0.14221121
-0.0071;0.14366895
0.0036;0.1456665
0.0125;0.14797026
0.0204;0.1498909
0.0302;0.15159917
0.0392;0.15372275
0.0504;0.15567733
0.0602;0.15811548
0.0705;0.16025415
0.0761;0.16250731
0.0802;0.1637346
0.0828;0.16463415
0.0846;0.1652051
0.0863;0.16560054
0.0891;0.16597418
0.0895;0.16658992
0.0894;0.16667794
0.0879;0.1666559
0.0844;0.16632599
0.0825;0.1655566
0.0798;0.16513923
0.0751;0.16454636
0.0722;0.16351533
0.0697;0.16287974
0.062;0.16233212
0.0561;0.16064754
0.0473;0.15935883
0.0314;0.15743998
0.0179;0.15398312
0.0027;0.15105826
-0.0122;0.14777622
-0.0278;0.1445705
-0.0418;0.14122641
-0.0551;0.13823587
-0.0651;0.13540417
-0.0728;0.13328107
-0.0769;0.1316497
-0.0853;0.13078232
-0.0863;0.12900789
-0.0855;0.1287969
-0.0882;0.1289657
-0.0871;0.12839612
-0.0863;0.12862813
-0.0891;0.1287969
-0.0905;0.12820636
-0.0918;0.12791125
-0.0906;0.12763731
-0.0873;0.12789021
-0.0872;0.12858596
-0.0827;0.128607
-0.0789;0.12955673
-0.0742;0.13035955
-0.0684;0.13135341
-0.0618;0.13258153
-0.0576;0.13398111
-0.0491;0.13487294
-0.0505;0.13668053
-0.051;0.13638255
-0.0526;0.13627614
-0.0545;0.13593578
-0.0596;0.13553171
-0.0633;0.13444816
-0.0675;0.13366285
-0.0703;0.13277227
-0.0714;0.13217904
-0.0726;0.1319461
-0.0698;0.13169205
-0.0682;0.13228495
-0.0641;0.13262391
-0.057;0.13349313
-0.0504;0.13500041
-0.044;0.13640384
-0.0364;0.13776685
-0.0279;0.13938819
-0.0286;0.141205
-0.025;0.14105526
-0.0185;0.14182569
-0.0017;0.14321852
0.0012;0.1468284
0.0052;0.147453
0.0098;0.14831522
0.0143;0.14930782
0.018;0.15027985
0.0221;0.15107986
0.0257;0.15196718
0.0291;0.15274702
0.0309;0.1534841
0.0324;0.15387464
0.0354;0.15420017
0.0357;0.15485156
0.0356;0.1549167
0.0343;0.15489498
0.0335;0.15461266
0.0303;0.15443894
0.0283;0.15374443
0.025;0.15331063
0.0213;0.15259536
0.0194;0.151794
0.0197;0.15138277
0.0171;0.15144767
0.015;0.15088521
0.013;0.15043116
0.0115;0.14999895
0.0107;0.14967489
0.0088;0.14950213
0.0094;0.14909194
0.0066;0.14922144
0.0079;0.14861721
0.007;0.1488977
0.0054;0.14870349
0.0065;0.14835836
0.0053;0.14859562
0.0049;0.14833678
0.004;0.14825049
0.002;0.14805646
0.0006;0.1476254
0.0035;0.14732374
0.0036;0.14794865
0.0028;0.14797026
0.0037;0.1477978
0.0042;0.14799178
0.0066;0.14809959
0.0094;0.14861721
0.0125;0.14922144
0.0181;0.1498909
0.0248;0.15110151
0.0328;0.15255202
0.0378;0.15428695
0.0445;0.15537302
0.0511;0.15683028
0.0573;0.15826808
0.0618;0.15962076
0.0676;0.1606038
0.0709;0.16187236
0.0794;0.16259494
0.0827;0.1644586
0.0873;0.16518316
0.087;0.16619407
0.0851;0.1661281
0.0846;0.16571042
0.0869;0.16560054
0.0877;0.1661061
0.0819;0.166282
0.0843;0.16500746
0.0813;0.16553465
0.0824;0.16487569
0.0825;0.16511725
0.0808;0.16513923
0.0796;0.16476592
0.0788;0.16450246
0.0795;0.16432694
0.08;0.1644805
0.078;0.1645903
0.0745;0.16415139
0.0722;0.16338381
0.0721;0.16287974
0.0722;0.1628578
0.0743;0.16287974
0.0756;0.16333991
0.0767;0.16362497
0.0803;0.1638662
0.0808;0.16465613
0.0837;0.16476592
0.0883;0.16540283
0.096;0.16641396
0.1035;0.16810897
0.1177;0.16976288
0.1301;0.17290229
0.1392;0.17565224
0.1491;0.1776754
0.1574;0.17988124
0.1639;0.18173455
0.1691;0.18318836
0.1708;0.18435302
0.1687;0.18473405
0.1681;0.1842634
0.1666;0.18412894
0.1574;0.18379293
0.1493;0.18173455
0.139;0.17992586
0.13;0.17763089
0.1203;0.17562999
0.1121;0.17347822
0.105;0.171663
0.1007;0.17009404
0.097;0.1691451
0.0811;0.16832931
0.0735;0.16483176
0.0645;0.16316459
0.0551;0.16119415
0.0461;0.15914056
0.0366;0.15717861
0.0284;0.15511224
0.0151;0.15333235
0.0069;0.15045273
-0.0005;0.14868194
-0.0033;0.1470868
-0.0049;0.14648399
-0.0037;0.14613965
-0.0025;0.1463979
-0.0011;0.14665616
0.0081;0.14695762
0.0176;0.14894086
0.026;0.15099332
0.0339;0.15281203
0.0424;0.1545258
0.0558;0.1563733
0.0611;0.15929335
0.0681;0.16045083
0.0736;0.1619818
0.084;0.16318654
0.0939;0.16546872
0.1051;0.16764641
0.1171;0.17011614
0.1292;0.17276941
0.1412;0.17545238
0.1489;0.17812061
0.1574;0.17983662
0.1634;0.18173455
0.1672;0.18307644
0.1697;0.18392731
0.1706;0.1844875
0.1676;0.18468925
0.164;0.18401693
0.1591;0.18321076
0.1547;0.18211456
0.1495;0.18113123
0.1467;0.17997049
0.1445;0.17934601
0.1469;0.17885566
0.1462;0.17939062
0.1467;0.1792346
0.148;0.17934601
0.1518;0.1796359
0.1564;0.18048374
0.1658;0.18151106
0.1888;0.18361375
0.206;0.18877798
0.2199;0.19265772
0.2348;0.19580436
0.2456;0.19918846
0.2578;0.20164858
0.2707;0.20443489
0.2742;0.2073894
0.2726;0.20819259
0.2761;0.20782536
0.2674;0.20862883
0.2544;0.20663282
0.2412;0.20365763
0.2276;0.2006456
0.2131;0.19755179
0.1956;0.19426373
0.1813;0.19030996
0.1674;0.18709093
0.1544;0.18397209
0.1416;0.18106426
0.1304;0.17820966
0.1177;0.17571884
0.1055;0.17290229
0.0983;0.17020443
0.0888;0.16861588
0.0794;0.16652395
0.0704;0.1644586
0.0615;0.16248542
0.0562;0.16053824
0.0495;0.15938063
0.0419;0.15791932
0.0346;0.15626451
0.0257;0.1546778
0.0142;0.15274702
0.0013;0.15025824
-0.0104;0.14747454
-0.0226;0.14495715
-0.0323;0.14233974
-0.0369;0.14026408
-0.039;0.1392814
-0.0391;0.13883317
-0.0336;0.13881186
-0.0255;0.13998626
-0.0146;0.14171866
0.0024;0.14405522
0.0165;0.14771156
0.0292;0.15075547
0.0449;0.15350582
0.0568;0.15691738
0.0664;0.15951163
0.0668;0.16160978
0.0667;0.16169728
0.063;0.16167541
0.0583;0.16086616
0.0546;0.15983917
0.0488;0.15903147
0.0449;0.15776676
0.0356;0.15691738
0.0253;0.15489498
0.0099;0.15266034
-0.0022;0.14932936
-0.0164;0.14672077
-0.0264;0.14366895
-0.0343;0.14152598
-0.0446;0.13983671
-0.0549;0.13763899
-0.0632;0.1354467
-0.0702;0.13368405
-0.0743;0.13220018
-0.0726;0.13133228
-0.0676;0.13169205
-0.0603;0.13275106
-0.0504;0.1342995
-0.0413;0.13640384
-0.0304;0.1383425
-0.0218;0.14067027
-0.0118;0.14251113
-0.0069;0.14465643
-0.001;0.14570951
0.0069;0.14697912
0.0075;0.14868194
0.0033;0.1488114
-0.0032;0.14790557
-0.0077;0.1465055
-0.0104;0.1455375
-0.0152;0.14495715
-0.0195;0.14392646
-0.0224;0.14300409
-0.0245;0.14238259
-0.0295;0.14193277
-0.0328;0.14086273
-0.0373;0.14015718
-0.0483;0.13919602
-0.0518;0.13685085
-0.0597;0.13610594
-0.0658;0.1344269
-0.074;0.13313262
-0.0778;0.13139574
-0.0856;0.130592
-0.0911;0.12894459
-0.0968;0.12778479
-0.1012;0.12658447
-0.1051;0.12565905
-0.107;0.12483962
-0.1093;0.12444067
-0.1092;0.12395798
-0.1094;0.12397894
-0.1082;0.12393698
-0.104;0.12418878
-0.0975;0.12507065
-0.0928;0.1264372
-0.0869;0.12742665
-0.0826;0.12867032
-0.0776;0.12957783
-0.0738;0.13063432
-0.0687;0.13143809
-0.0679;0.13251796
-0.066;0.13268745
-0.0626;0.1330902
-0.0656;0.13381137
-0.0686;0.13317503
-0.0685;0.13253915
-0.0729;0.13256034
-0.0752;0.13162856
-0.075;0.13114189
-0.0765;0.13118416
-0.0787;0.13086689
-0.0739;0.13040178
-0.0733;0.13141692
-0.0653;0.13154387
-0.0616;0.13323861
-0.0543;0.13402356
-0.0477;0.13557424
-0.0408;0.13697863
-0.0385;0.13844915
-0.0373;0.13893989
-0.038;0.13919602
-0.0408;0.13904661
-0.0486;0.13844915
-0.0535;0.13678697
-0.0612;0.13574433
-0.0693;0.13410845
-0.0765;0.13239086
-0.0805;0.13086689
-0.0857;0.1300214
-0.0893;0.1289235
-0.0921;0.12816417
-0.0912;0.12757409
-0.0955;0.12776375
-0.0907;0.12685809
-0.0864;0.12786908
-0.0815;0.1287758
-0.075;0.12981017
-0.0696;0.13118416
-0.0646;0.1323273
-0.0623;0.13338709
-0.0604;0.13387503
-0.059;0.13427827
-0.0628;0.13457558
-0.0644;0.13376892
-0.0653;0.1334295
-0.0675;0.13323861
-0.0683;0.13277227
-0.0701;0.13260274
-0.0726;0.1322214
-0.0713;0.13169205
-0.0695;0.13196729
-0.0669;0.1323485
-0.0597;0.13289942
-0.0559;0.1344269
-0.0502;0.13523413
-0.0441;0.13644636
-0.0404;0.13774554
-0.0349;0.13853449
-0.0339;0.13970853
-0.0334;0.13992214
-0.0311;0.14002895
-0.0325;0.14052057
-0.0361;0.1402213
-0.0406;0.13945225
-0.046;0.13849181
-0.051;0.13734068
-0.0546;0.13627614
-0.06;0.13551046
-0.0644;0.13436322
-0.0708;0.1334295
-0.0754;0.13207315
-0.079;0.13109955
-0.0837;0.13033837
-0.0849;0.1293456
-0.0861;0.1290923
-0.0838;0.12883912
-0.0829;0.1293245
-0.0794;0.1295145
-0.0748;0.13025382
-0.07;0.1312265
-0.0647;0.13224259
-0.0599;0.13336588
-0.053;0.13438444
-0.0521;0.13585068
-0.0511;0.13604212
-0.0502;0.13625486
-0.0509;0.13644636
-0.0522;0.13629742
-0.0528;0.13602082
-0.0545;0.13589323
-0.0558;0.13553171
-0.0573;0.13525541
-0.0582;0.13493665
-0.0595;0.13474545
-0.0607;0.13446939
-0.0584;0.13421461
-0.0574;0.13470298
-0.0551;0.1349154
-0.0503;0.13540417
-0.0471;0.13642511
-0.0448;0.13710637
-0.0385;0.13759635
-0.0343;0.13893989
-0.0299;0.13983671
-0.028;0.14077719
-0.026;0.14118361
-0.024;0.1416116
-0.0225;0.14203984
-0.0194;0.14236113
-0.017;0.14302552
-0.0126;0.14354023
-0.0121;0.14448462
-0.0092;0.14459203
-0.0044;0.14521505
-0.0013;0.14624724
0.0;0.14691454
0.0013;0.14719446
0.0034;0.14747454
0.0046;0.14792714
0.0051;0.14818582
0.0045;0.14829364
0.0065;0.14816429
0.0049;0.14859562
0.0023;0.14825049
0.0011;0.14769003
-0.0015;0.14743143
-0.0067;0.14687149
-0.0074;0.1457525
-0.0077;0.14560199
-0.0061;0.1455375
-0.0041;0.14588153
-0.0006;0.14631183
0.0064;0.14706528
0.0111;0.14857405
0.0164;0.14958851
0.0206;0.15073383
0.024;0.15164244
0.0281;0.15237868
0.0315;0.15326726
0.0354;0.15400484
0.0374;0.15485156
0.0428;0.15528607
0.0427;0.15646031
0.0413;0.15643854
0.0432;0.156134
0.0479;0.15654735
0.0503;0.15757069
0.0538;0.1580937
0.0579;0.1588569
0.053;0.1597518
0.0508;0.15868244
0.0493;0.15820268
0.0453;0.15787575
0.0418;0.15700443
0.0372;0.15624273
0.0323;0.15524262
0.0288;0.15417844
0.0261;0.15341905
0.0243;0.15283372
0.0235;0.15244365
0.0218;0.15227039
0.0213;0.15190221
0.0216;0.151794
0.0204;0.15185896
0.0179;0.15159917
0.017;0.15105826
0.0154;0.15086359
0.0181;0.15051761
0.0152;0.15110151
0.0138;0.15047438
0.0184;0.15017179
0.0143;0.1511664
0.0158;0.15027985
0.0167;0.15060408
0.0207;0.15079871
0.0231;0.1516641
0.0263;0.15218376
0.0299;0.15287708
0.0308;0.15365769
0.0266;0.15385292
0.0228;0.15294206
0.0211;0.15211876
0.0191;0.1517507
0.0154;0.15131783
0.0145;0.15051761
0.0087;0.15032306
0.0062;0.14907034
0.0073;0.1485309
0.0036;0.14876822
0.0025;0.14797026
-0.002;0.14773312
0.0019;0.1467638
0.0023;0.14760382
0.0049;0.14769003
0.0073;0.14825049
0.0119;0.14876822
0.0127;0.14976127
0.0143;0.1499341
0.017;0.15027985
0.0231;0.15086359
0.0274;0.15218376
0.0303;0.15311551
0.0311;0.15374443
0.0342;0.153918
0.0332;0.15459092
0.0337;0.15437381
0.0327;0.15448236
0.032;0.15426527
0.0304;0.15411332
0.0278;0.15376617
0.0245;0.15320225
0.0254;0.15248701
0.0253;0.15268204
0.0229;0.15266034
0.0222;0.15214042
0.025;0.15198886
0.0267;0.15259536
0.0285;0.15296376
0.0325;0.153354
0.0347;0.15422186
0.0406;0.15469949
0.0429;0.15598173
0.0478;0.15648209
0.0523;0.15754889
0.0556;0.15852976
0.0589;0.1592497
0.0584;0.15997021
0.0608;0.159861
0.0606;0.16038527
0.0595;0.16034159
0.0645;0.16010123
0.064;0.16119415
0.0658;0.1610848
0.067;0.16147849
0.0684;0.16174108
0.0712;0.16204748
0.0733;0.16266061
0.0768;0.16312075
0.0799;0.16388814
0.0833;0.1645683
0.0952;0.16531494
0.101;0.16793272
0.107;0.16921125
0.116;0.1705357
0.1221;0.17252591
0.129;0.17387716
0.1349;0.17540792
0.1407;0.17671886
0.1434;0.17800926
0.1423;0.17861058
0.144;0.17836556
0.1414;0.17874426
0.1386;0.17816514
0.1339;0.17754185
0.1309;0.17649655
0.1262;0.17582989
0.1181;0.17478648
0.1128;0.17299086
0.1053;0.17181782
0.1011;0.17016031
0.0975;0.16923332
0.0999;0.16843957
0.1014;0.16896865
0.1013;0.16929951
0.1047;0.16927743
0.1044;0.1700278
0.1047;0.16996159
0.1045;0.1700278
0.1065;0.16998364
0.11;0.17042525
0.1171;0.17119865
0.1223;0.17276941
0.1297;0.17392148
0.1378;0.1755634
0.1465;0.17736381
0.1558;0.17930147
0.1633;0.181377
0.1697;0.18305407
0.1748;0.1844875
0.1779;0.18563125
0.1773;0.18632711
0.1752;0.18619241
0.1685;0.18572102
0.1583;0.18421853
0.1472;0.1819357
0.1341;0.17945752
0.1209;0.17654099
0.106;0.17361116
0.092;0.17031488
0.0822;0.16722806
0.069;0.16507335
0.0665;0.16217883
0.0649;0.16163166
0.0688;0.16128162
0.0744;0.16213506
0.0786;0.16336185
0.0847;0.16428302
0.0911;0.16562253
0.0944;0.16702999
0.0987;0.16775648
0.0871;0.16870406
0.0819;0.16615006
0.0733;0.16500746
0.061;0.16312075
0.0501;0.16042894
0.0372;0.15805009
0.0189;0.15524262
0.005;0.15127458
-0.009;0.1482721
-0.0207;0.14525804
-0.0348;0.14274684
-0.0414;0.13972989
-0.0448;0.13832118
-0.0463;0.13759635
-0.0477;0.13727675
-0.0471;0.13697863
-0.047;0.13710637
-0.0448;0.13712768
-0.0419;0.13759635
-0.0412;0.13821457
-0.0402;0.13836385
-0.0397;0.13857715
-0.0367;0.13868384
-0.0364;0.13932411
-0.0377;0.13938819
-0.0404;0.13911067
-0.0412;0.13853449
-0.04;0.13836385
-0.0394;0.1386198
-0.0371;0.13874781
-0.0346;0.13923872
-0.032;0.13977261
-0.0263;0.14032818
-0.0226;0.14154743
-0.0173;0.14233974
-0.0133;0.1434759
-0.0117;0.14433433
-0.0108;0.14467792
-0.0107;0.14487125
-0.009;0.14489271
-0.0154;0.14525804
-0.0163;0.14388357
-0.0162;0.1436904
-0.0169;0.14371186
-0.0166;0.14356169
-0.0175;0.14362606
-0.017;0.14343299
-0.0189;0.14354023
-0.02;0.14313275
-0.0221;0.14289689
-0.0205;0.14244683
-0.0209;0.14278972
-0.023;0.14270398
-0.0249;0.14225404
-0.0281;0.14184712
-0.0299;0.14116222
-0.0359;0.14077719
-0.0391;0.13949494
-0.0437;0.13881186
-0.0493;0.1378308
-0.0505;0.13663793
-0.0507;0.13638255
-0.051;0.13633999
-0.0487;0.13627614
-0.0448;0.13676567
-0.0403;0.13759635
-0.0339;0.13855581
-0.0292;0.13992214
-0.0233;0.14092688
-0.0223;0.14218979
-0.0212;0.14240402
-0.0215;0.14263971
-0.0259;0.1425754
-0.0313;0.141633
-0.0368;0.14047782
-0.0433;0.13930279
-0.0502;0.13791606
-0.0567;0.13644636
-0.0624;0.13506413
-0.0687;0.13385378
-0.0705;0.13251796
-0.07;0.13213667
-0.0707;0.13224259
-0.0726;0.13209434
-0.0715;0.13169205
-0.0745;0.13192491
-0.075;0.13128996
-0.079;0.13118416
-0.0841;0.13033837
-0.0891;0.12926117
-0.0961;0.12820636
-0.1022;0.12673178
-0.107;0.12544885
-0.1096;0.12444067
-0.1124;0.12389503
-0.1138;0.12330785
-0.1156;0.12301439
-0.1199;0.12263724
-0.1226;0.12173694
-0.1211;0.12117213
-0.1214;0.12148587
-0.1208;0.1214231
-0.1209;0.12154862
-0.1199;0.12152769
-0.1185;0.12173694
-0.117;0.12202993
-0.1147;0.122344
-0.1118;0.12282582
-0.106;0.12343363
-0.1014;0.12465061
-0.0978;0.12561698
-0.0952;0.12637408
-0.0923;0.12692124
-0.0894;0.12753196
-0.0871;0.12814315
-0.0833;0.12862813
-0.0807;0.12943007
-0.0796;0.12997916
-0.0775;0.13021159
-0.0767;0.13065544
-0.0756;0.1308246
-0.0723;0.13105723
-0.0709;0.13175555
-0.0694;0.13205197
-0.0686;0.13236967
-0.0711;0.13253915
-0.073;0.13200961
-0.0726;0.13160738
-0.0711;0.13169205
-0.0668;0.13200961
-0.0636;0.13292058
-0.0579;0.13359918
-0.0547;0.13480918
-0.0511;0.13548921
-0.0485;0.13625486
-0.0445;0.13680826
-0.0418;0.1376603
-0.0363;0.13823587
-0.0324;0.13940951
-0.0278;0.14024273
-0.0225;0.14122641
-0.0203;0.14236113
-0.0139;0.14283259
-0.0097;0.1442055
-0.0032;0.14510763
-0.0045;0.1465055
-0.0037;0.14622574
-0.004;0.1463979
-0.0051;0.14633334
-0.0044;0.14609665
-0.011;0.14624724
-0.0172;0.14482827
-0.0247;0.14349732
-0.0306;0.14188993
-0.0352;0.14062747
-0.0386;0.13964444
-0.0399;0.13891855
-0.042;0.13864115
-0.0376;0.13819322
-0.0339;0.139132
-0.0277;0.13992214
-0.0199;0.14124781
-0.0129;0.1429183
-0.0061;0.14442018
0.0013;0.14588153
0.0071;0.14747454
0.0108;0.14872509
0.0132;0.14952369
0.0189;0.15004215
0.0193;0.15127458
0.0209;0.15136111
0.0236;0.1517074
0.0262;0.15229203
0.0284;0.15285538
0.0275;0.15333235
0.0304;0.15313719
0.0348;0.15376617
0.0396;0.15472125
0.0443;0.1557643
0.0467;0.15678674
0.0483;0.15730928
0.05;0.15765785
0.0528;0.15802832
0.0569;0.15863879
0.0603;0.15953347
0.0618;0.16027603
0.0618;0.1606038
0.0631;0.1606038
0.0666;0.16088799
0.0638;0.16165353
0.0663;0.16104105
0.0643;0.1615879
0.0677;0.1611504
0.0711;0.16189428
0.0765;0.16263871
0.0792;0.16382234
0.0863;0.16441475
0.0925;0.16597418
0.099;0.16733815
0.1056;0.1687702
0.1124;0.17022648
0.1163;0.17172934
0.1192;0.17259231
0.1214;0.17323452
0.1236;0.173722
0.1253;0.17420973
0.1249;0.1745868
0.1188;0.17449805
0.114;0.17314589
0.1066;0.17208327
0.102;0.17044735
0.095;0.16943187
0.0873;0.16788866
0.0806;0.16619407
0.0725;0.16472201
0.0678;0.16294543
0.0627;0.16191617
0.0601;0.16080055
0.0574;0.16023232
0.0598;0.15964264
0.0637;0.16016676
0.0642;0.1610192
0.0645;0.16112854
0.0649;0.16119415
0.0642;0.16128162
0.0655;0.16112854
0.0668;0.16141288
0.0704;0.16169728
0.0701;0.16248542
0.0691;0.1624197
0.0677;0.16220073
0.0664;0.16189428
0.0662;0.16160978
0.0654;0.161566
0.0639;0.16139098
0.0625;0.16106294
0.0553;0.1607568
0.0529;0.15918422
0.0479;0.15866059
0.0456;0.15757069
0.0408;0.15706976
0.038;0.15602523
0.0339;0.15541647
0.031;0.1545258
0.029;0.15389632
0.0284;0.15346245
0.0291;0.15333235
0.0273;0.1534841
0.0292;0.15309383
0.0273;0.15350582
0.0267;0.15309383
0.0263;0.15296376
0.0274;0.15287708
0.0297;0.15311551
0.0329;0.1536143
0.0371;0.1543087
0.0412;0.15522087
0.044;0.15611222
0.0495;0.15672144
0.0516;0.15791932
0.0552;0.1583771
0.0547;0.15916237
0.0574;0.1590533
0.0567;0.15964264
0.058;0.15948978
0.056;0.15977365
0.0565;0.15933701
0.0515;0.15944612
0.0482;0.1583553
0.0467;0.15763603
0.044;0.15730928
0.0403;0.15672144
0.038;0.15591651
0.0374;0.15541647
0.0398;0.15528607
0.044;0.15580775
0.0485;0.15672144
0.0556;0.1577014
0.0633;0.1592497
0.0718;0.16093169
0.0787;0.16279212
0.0871;0.16430499
0.0937;0.16615006
0.098;0.16760233
0.1029;0.16854976
0.1053;0.16963048
0.1069;0.17016031
0.1075;0.17051366
0.1063;0.1706462
0.1058;0.17038111
0.1025;0.1702707
0.1001;0.16954221
0.0968;0.16901276
0.0939;0.16828525
0.0886;0.16764641
0.0829;0.16647993
0.0785;0.16522709
0.0768;0.16426109
0.0776;0.16388814
0.0802;0.16406365
0.0822;0.16463415
0.0852;0.16507335
0.0904;0.1657324
0.0974;0.16687597
0.104;0.1684175
0.1097;0.16987327
0.1148;0.17113233
0.1215;0.17226031
0.1248;0.17374417
0.1265;0.1744759
0.1278;0.17485306
0.1253;0.17514156
0.1282;0.1745868
0.1249;0.17523034
0.1238;0.17449805
0.1204;0.17425409
0.1201;0.1735004
0.1228;0.17343394
0.1258;0.17403235
0.1298;0.17469773
0.1328;0.17558563
0.1375;0.17625205
0.1412;0.1772971
0.145;0.17812061
0.147;0.17896709
0.1492;0.17941295
0.155;0.17990355
0.1588;0.18119827
0.1684;0.18204749
0.1741;0.18419617
0.1829;0.18547419
0.1913;0.18745059
0.1973;0.18934089
0.2032;0.19069336
0.208;0.19202505
0.2116;0.19310986
0.214;0.19392423
0.216;0.19446753
0.2171;0.1949205
0.2193;0.19516972
0.2182;0.19566832
0.2163;0.19541898
0.2099;0.19498843
0.2037;0.1935396
0.1943;0.19213805
0.1885;0.19001693
0.178;0.18871042
0.1631;0.1863496
0.1545;0.18300931
0.1428;0.18108658
0.1273;0.17847694
0.1111;0.17503054
0.0973;0.17144182
0.0858;0.16839543
0.0754;0.16586429
0.0678;0.1635811
0.0657;0.16191617
0.0698;0.16145661
0.074;0.16235399
0.0809;0.16327415
0.0873;0.16478787
0.0944;0.16619407
0.1034;0.16775648
0.1109;0.16974081
0.1173;0.17139764
0.1213;0.17281373
0.123;0.17369983
0.1216;0.17407668
0.1173;0.17376631
0.1102;0.17281373
0.101;0.17124285
0.0929;0.16921125
0.0843;0.1674262
0.0762;0.16553465
0.0675;0.1637565
0.0603;0.16185047
0.0499;0.16027603
0.0426;0.15800649
0.0378;0.15641682
0.0313;0.15537302
0.026;0.1539614
0.0238;0.15281203
0.021;0.15233538
0.0164;0.15172905
0.0088;0.15073383
0.003;0.14909194
-0.0013;0.1478409
-0.0046;0.14691454
-0.0052;0.14620422
-0.0106;0.14607516
-0.013;0.1449142
-0.0122;0.14439873
-0.0131;0.1445705
-0.0136;0.14437725
-0.0137;0.14426988
-0.015;0.14424844
-0.0162;0.14396937
-0.0176;0.14371186
-0.0187;0.14341155
-0.02;0.14317562
-0.0233;0.14289689
-0.0254;0.14218979
-0.0278;0.14174007
-0.0304;0.14122641
-0.033;0.14067027
-0.0349;0.14011447
-0.0388;0.13970853
-0.0391;0.13887586
-0.0376;0.13881186
-0.0366;0.139132
-0.0333;0.1393455
-0.0293;0.14005037
-0.0269;0.14090551
-0.0241;0.141419
-0.0209;0.14201844
-0.016;0.14270398
-0.0114;0.14375475
-0.0121;0.14474234
-0.013;0.14459203
-0.0135;0.14439873
-0.014;0.14429134
-0.0181;0.14418404
-0.02;0.14330429
-0.0199;0.14289689
-0.0234;0.1429183
-0.0263;0.14216834
-0.0311;0.14154743
-0.0358;0.14052057
-0.0393;0.1395163
-0.0427;0.13876913
-0.0451;0.13804397
-0.0469;0.13753246
-0.0479;0.13714898
-0.0473;0.13693602
-0.0489;0.13706377
-0.0501;0.1367231
-0.0535;0.13646767
-0.0534;0.13574433
-0.0522;0.13576563
-0.0478;0.13602082
-0.0452;0.13695732
-0.0445;0.1375111
-0.0409;0.1376603
-0.0374;0.13842784
-0.0308;0.13917467
-0.0256;0.14058474
-0.0233;0.14169726
-0.0171;0.14218979
-0.0121;0.14351878
-0.0098;0.14459203
-0.0057;0.14508611
-0.0047;0.14596759
-0.0032;0.1461827
-0.0018;0.1465055
-0.0024;0.1468069
-0.004;0.14667769
-0.0081;0.14633334
-0.0166;0.14545146
-0.0199;0.14362606
-0.031;0.1429183
-0.0394;0.14054197
-0.0505;0.13874781
-0.0578;0.13638255
-0.0632;0.13483043
-0.0677;0.13368405
-0.0728;0.13272987
-0.0714;0.1316497
-0.068;0.1319461
-0.0656;0.1326663
-0.0614;0.13317503
-0.0583;0.13406602
-0.055;0.13472423
-0.0527;0.13542542
-0.0486;0.13591452
-0.0494;0.13678697
-0.0504;0.13661665
-0.0476;0.13640384
-0.0461;0.13699988
-0.0465;0.13731939
-0.0467;0.13723418
-0.0443;0.13719156
-0.0435;0.1377029
-0.0422;0.13787344
-0.0407;0.13815057
-0.0401;0.13847047
-0.0409;0.1385985
-0.0418;0.13842784
-0.0423;0.13823587
-0.0411;0.13812926
-0.0407;0.13838516
-0.0397;0.13847047
-0.0397;0.13868384
-0.0396;0.13868384
-0.039;0.13870515
-0.0399;0.13883317
-0.0464;0.13864115
-0.0519;0.13725547
-0.0569;0.13608466
-0.0609;0.13502161
-0.0658;0.13417213
-0.0705;0.13313262
-0.0761;0.13213667
-0.0823;0.1309515
-0.0859;0.1296412
-0.0909;0.12888132
-0.0918;0.12782696
-0.0913;0.12763731
-0.0902;0.12774266
-0.0854;0.12797448
-0.0814;0.12898679
-0.0753;0.1298313
-0.069;0.13112071
-0.0622;0.13245441
-0.0562;0.13389623
-0.0491;0.13517043
-0.0432;0.13668053
-0.038;0.13793737
-0.0327;0.13904661
-0.0309;0.14017859
-0.0313;0.14056334
-0.033;0.14047782
-0.0351;0.14011447
-0.0349;0.13966584
-0.0355;0.13970853
-0.0374;0.13958038
-0.0323;0.13917467
-0.0274;0.14026408
-0.0236;0.14131199
-0.0169;0.14212553
-0.0062;0.14356169
0.0037;0.14586006
0.0123;0.14799178
0.0229;0.1498477
0.0279;0.15214042
0.0326;0.1532239
0.0429;0.15424357
0.0439;0.15648209
0.0427;0.1566997
0.0426;0.15643854
0.0422;0.15641682
0.041;0.15632977
0.0401;0.15606871
0.0408;0.155873
0.0388;0.15602523
0.0323;0.15559036
0.0312;0.15417844
0.0299;0.15393972
0.0265;0.15365769
0.0257;0.15292042
0.0217;0.15274702
0.0165;0.1518806
0.0118;0.15075547
0.009;0.1497397
0.0065;0.14913507
0.0046;0.14859562
0.0011;0.14818582
0.0048;0.14743143
0.0077;0.14822896
0.0092;0.14885452
0.0114;0.14917827
0.0128;0.14965329
0.0129;0.14995572
0.0129;0.14997731
0.0173;0.14997731
0.0176;0.15092845
0.0221;0.15099332
0.0258;0.15196718
0.0293;0.15276869
0.033;0.1535275
0.0382;0.15433037
0.0438;0.15545994
0.0458;0.15667793
0.0476;0.15711331
0.0469;0.1575053
0.0462;0.15735288
0.049;0.1572004
0.048;0.15781038
0.0477;0.15759249
0.048;0.15752712
0.0489;0.15759249
0.0518;0.15778854
0.0581;0.1584207
0.0613;0.15979546
0.0633;0.16049457
0.0687;0.16093169
0.0703;0.16211312
0.0731;0.16246355
0.0768;0.1630769
0.0772;0.16388814
0.0769;0.16397585
0.0778;0.16391008
0.0774;0.1641075
0.0776;0.16401976
0.078;0.16406365
0.0776;0.16415139
0.0865;0.16406365
0.0881;0.16601816
0.0913;0.16636999
0.0935;0.16707401
0.0992;0.1675583
0.1011;0.1688143
0.1027;0.16923332
0.1021;0.16958633
0.1058;0.16945398
0.1066;0.1702707
0.1132;0.17044735
0.1166;0.17190625
0.1185;0.17265871
0.1203;0.17307948
0.1201;0.17347822
0.1209;0.17343394
0.1218;0.17361116
0.122;0.17381066
0.1201;0.17385502
0.1234;0.17343394
0.12;0.1741654
0.1199;0.17341176
0.1187;0.17338961
0.116;0.17312376
0.1099;0.17252591
0.1078;0.17117655
0.1055;0.17071246
0.101;0.17020443
0.099;0.16921125
0.0937;0.1687702
0.0885;0.16760233
0.0839;0.16645795
0.0758;0.16544673
0.07;0.16366881
0.0619;0.16239785
0.0544;0.16062568
0.0458;0.15898784
0.039;0.15711331
0.0336;0.15563384
0.025;0.15446067
0.0217;0.15259536
0.0173;0.1518806
0.0103;0.15092845
0.0081;0.14941578
0.006;0.14894086
0.0033;0.14848775
0.0002;0.14790557
-0.0005;0.14723757
-0.0025;0.1470868
0.0022;0.14665616
-0.0027;0.14766848
-0.0063;0.14661312
-0.0091;0.14583856
-0.0089;0.14523655
-0.0097;0.14527954
-0.0078;0.14510763
-0.0022;0.145516
0.0005;0.14672077
0.0016;0.14730215
0.0068;0.14753918
0.0096;0.14866033
0.0198;0.14926462
0.0275;0.15146932
0.0349;0.15313719
0.0438;0.15474294
0.054;0.15667793
0.0658;0.15890056
0.0787;0.16147849
0.0919;0.16430499
0.1208;0.16720605
0.1409;0.17358904
0.1624;0.17805381
0.1812;0.18285264
0.1997;0.18706849
0.2147;0.19123487
0.2273;0.19462602
0.2397;0.19748361
0.2495;0.20030388
0.2565;0.20253845
0.2703;0.20413762
0.2616;0.20729768
0.2603;0.20530434
0.2562;0.20500678
0.2487;0.20406905
0.2427;0.20235583
0.2318;0.20098743
0.2199;0.19850619
0.2085;0.19580436
0.1959;0.19322293
0.1953;0.19037762
0.1945;0.19024229
0.1954;0.190062
0.1951;0.19026487
0.1984;0.19019721
0.2028;0.19094153
0.2057;0.19193475
0.2084;0.19258994
0.2092;0.19320029
0.2095;0.19338124
0.2117;0.19344911
0.209;0.19394687
0.2105;0.19333602
0.2056;0.19367532
0.201;0.19256732
0.1966;0.19152829
0.1903;0.19053546
0.1862;0.1891157
0.1826;0.18819278
0.1781;0.18738315
0.1739;0.18637209
0.1767;0.18542933
0.1776;0.18605772
0.1777;0.18625976
0.1776;0.18628222
0.1778;0.18625976
0.1766;0.18630469
0.1781;0.18603528
0.1786;0.18637209
0.1774;0.18648432
0.1775;0.18621488
0.1752;0.18623735
0.1709;0.18572102
0.1652;0.1847565
0.1584;0.1834794
0.1509;0.18195806
0.1438;0.18028285
0.1353;0.17869972
0.1256;0.1768078
0.1179;0.1746533
0.1108;0.17294657
0.1077;0.17137548
0.1056;0.17069036
0.1049;0.17022648
0.1061;0.17007196
0.1083;0.17033695
0.1115;0.17082292
0.1157;0.17153028
0.1188;0.17245951
0.1167;0.17314589
0.1078;0.17268085
0.1021;0.17071246
0.0939;0.16945398
0.0859;0.16764641
0.0755;0.16588627
0.0642;0.16360302
0.0529;0.16112854
0.043;0.15866059
0.0357;0.15650383
0.0279;0.1549167
0.0222;0.1532239
0.0193;0.15198886
0.0205;0.15136111
0.0248;0.1516208
0.0289;0.15255202
0.0332;0.15344074
0.0368;0.15437381
0.0401;0.15515566
0.0434;0.155873
0.043;0.15659088
0.0367;0.15650383
0.032;0.15513396
0.026;0.15411332
0.022;0.15281203
0.0158;0.15194553
0.0115;0.15060408
0.0064;0.14967489
-0.0001;0.14857405
-0.0034;0.14717294
-0.0068;0.14646246
-0.01;0.14573103
-0.0117;0.14504313
-0.0115;0.14467792
-0.0118;0.14472088
-0.0126;0.14465643
-0.0098;0.14448462
-0.0107;0.14508611
-0.0089;0.14489271
-0.0068;0.14527954
-0.0123;0.14573103
-0.0141;0.14454906
-0.0183;0.14416258
-0.0223;0.1432614
-0.0252;0.14240402
-0.029;0.14178286
-0.0317;0.1409697
-0.0338;0.14039233
-0.0335;0.13994353
-0.0344;0.14000764
-0.038;0.13981533
-0.0392;0.13904661
-0.0391;0.13879052
-0.0411;0.13881186
-0.0439;0.13838516
-0.0479;0.13778816
-0.0485;0.13693602
-0.053;0.13680826
-0.054;0.13585068
-0.0593;0.13563806
-0.0693;0.13451183
-0.0758;0.13239086
-0.0843;0.13101496
-0.0922;0.12921894
-0.1005;0.12755305
-0.1059;0.12580621
-0.111;0.12467159
-0.1158;0.12360136
-0.1207;0.12259534
-0.1221;0.12156957
-0.1219;0.12127671
-0.1236;0.12131852
-0.1217;0.12096302
-0.1181;0.12136036
-0.113;0.12211373
-0.109;0.12318207
-0.1039;0.1240209
-0.0988;0.12509166
-0.0941;0.1261637
-0.0908;0.12715286
-0.0855;0.12784803
-0.0854;0.1289657
-0.0879;0.12898679
-0.0906;0.12845941
-0.0906;0.12789021
-0.0898;0.12789021
-0.0898;0.1280588
-0.0888;0.1280588
-0.0862;0.12826963
-0.0821;0.128818
-0.0841;0.12968342
-0.0848;0.12926117
-0.0892;0.12911342
-0.0872;0.12818527
-0.0841;0.128607
-0.0801;0.12926117
-0.0775;0.13010594
-0.0748;0.13065544
-0.0667;0.1312265
-0.0643;0.13294181
-0.0637;0.1334507
-0.064;0.13357794
-0.0652;0.13351433
-0.0664;0.13325982
-0.0666;0.13300541
-0.0676;0.13296303
-0.0684;0.13275106
-0.0687;0.13258153
-0.0666;0.13251796
-0.0644;0.13296303
-0.0629;0.1334295
-0.061;0.13374771
-0.0597;0.1341509
-0.0533;0.1344269
-0.0461;0.13578686
-0.0409;0.13731939
-0.0343;0.13842784
-0.03;0.13983671
-0.026;0.1407558
-0.0215;0.1416116
-0.0163;0.1425754
-0.012;0.1436904
-0.006;0.1446135
-0.0005;0.14590304
0.0036;0.1470868
0.0085;0.14797026
0.0132;0.14902721
0.0179;0.15004215
0.0201;0.15105826
0.0234;0.15153423
0.0281;0.15224874
0.0334;0.15326726
0.0409;0.15441722
0.0474;0.15604702
0.0523;0.15746178
0.0566;0.15852976
0.0601;0.15946795
0.0639;0.16023232
0.0656;0.16106294
0.0634;0.16143472
0.0605;0.16095361
0.0546;0.16031973
0.0459;0.15903147
0.0327;0.15713508
0.0227;0.15426527
0.0094;0.1520971
-0.0023;0.14922144
-0.0135;0.14669922
-0.0227;0.14429134
-0.0337;0.14231832
-0.0358;0.13996488
-0.0358;0.1395163
-0.0366;0.1395163
-0.0336;0.1393455
-0.0298;0.13998626
-0.0265;0.14079857
-0.0239;0.1415046
-0.0209;0.14206125
-0.0173;0.14270398
-0.014;0.1434759
-0.012;0.14418404
-0.0107;0.1446135
-0.0101;0.14489271
-0.0086;0.14502163
-0.007;0.14534402
-0.006;0.145688
-0.0045;0.14590304
-0.0021;0.14622574
0.0015;0.14674227
0.0023;0.14751762
0.0062;0.14769003
0.01;0.1485309
0.0127;0.14935096
0.0137;0.1499341
0.0115;0.1501502
0.0129;0.14967489
0.0124;0.14997731
0.013;0.14986928
0.0108;0.14999895
0.0102;0.14952369
0.0093;0.14939414
0.0118;0.14919984
0.0137;0.1497397
0.0166;0.1501502
0.0228;0.15077709
0.0284;0.15211876
0.0318;0.15333235
0.0329;0.1540699
0.0338;0.1543087
0.0338;0.15450408
0.0327;0.15450408
0.0292;0.15426527
0.0281;0.15350582
0.0236;0.15326726
0.0184;0.15229203
0.0153;0.1511664
0.0142;0.150496
0.011;0.15025824
0.0078;0.14956693
0.0086;0.14887613
0.0082;0.14904875
0.0105;0.14896242
0.0088;0.14945894
0.0091;0.14909194
0.0089;0.14915664
0.0112;0.14911349
0.0139;0.14961012
0.0144;0.1501934
0.015;0.15030146
0.0219;0.15043116
0.0266;0.15192388
0.0346;0.15294206
0.0407;0.1546778
0.0451;0.15600349
0.0512;0.15696089
0.0572;0.15828988
0.0601;0.15959893
0.0636;0.16023232
0.0668;0.16099733
0.0717;0.16169728
0.0734;0.16277018
0.0725;0.16314267
0.0729;0.16294543
0.0753;0.1630331
0.0749;0.1635592
0.075;0.16347149
0.0742;0.16349342
0.075;0.16331802
0.0803;0.16349342
0.0834;0.16465613
0.0873;0.1653369
0.0877;0.16619407
0.0892;0.166282
0.0919;0.16661192
0.0944;0.16720605
0.0987;0.16775648
0.1014;0.16870406
0.101;0.16929951
0.1034;0.16921125
0.1011;0.16974081
0.0949;0.16923332
0.0882;0.16786668
0.0828;0.16639197
0.0778;0.1652051
0.0738;0.1641075
0.0705;0.16323036
0.0671;0.16250731
0.0654;0.16176297
0.0605;0.16139098
0.051;0.16031973
0.0458;0.15824631
0.0398;0.15711331
0.0337;0.15580775
0.0248;0.15448236
0.0168;0.15255202
0.0122;0.15082034
0.0088;0.14982608
0.0061;0.14909194
0.0038;0.14850931
0.0067;0.14801335
0.0126;0.14863877
0.017;0.14991249
0.0216;0.15086359
0.0291;0.15185896
0.0373;0.1534841
0.0452;0.1552643
0.0505;0.15698266
0.0555;0.15813729
0.0655;0.15922785
0.0702;0.16141288
0.0734;0.16244163
0.0781;0.16314267
0.0809;0.16417333
0.0842;0.16478787
0.0907;0.16551265
0.0961;0.16694197
0.1028;0.16813102
0.11;0.16960841
0.1173;0.17119865
0.123;0.17281373
0.1283;0.17407668
0.1306;0.17525256
0.1336;0.17576328
0.1373;0.17642987
0.1379;0.17725259
0.1382;0.17738612
0.1386;0.17745288
0.137;0.17754185
0.1356;0.17718588
0.1329;0.17687452
0.1318;0.17627427
0.1278;0.17602986
0.1238;0.17514156
0.1226;0.17425409
0.1214;0.17398801
0.1225;0.173722
0.1219;0.17396581
0.1235;0.17383283
0.1326;0.17418757
0.1403;0.17620759
0.1483;0.17792024
0.1572;0.1797028
0.1671;0.18168983
0.1723;0.18390492
0.1807;0.18507046
0.1892;0.18695612
0.1975;0.18886797
0.2039;0.19073848
0.2141;0.19218321
0.2255;0.19449016
0.2317;0.19707488
0.2381;0.19848348
0.2456;0.19993955
0.249;0.20164858
0.2572;0.20242429
0.2606;0.20429766
0.2628;0.20507544
0.2627;0.20557907
0.2644;0.20555612
0.2641;0.20594546
0.2598;0.20587674
0.2537;0.20489238
0.2479;0.20349763
0.2409;0.20217328
0.234;0.2005772
0.2265;0.19900651
0.2185;0.19730194
0.2109;0.19548696
0.2039;0.19376582
0.1987;0.19218321
0.1933;0.19100916
0.1897;0.1897915
0.186;0.18898056
0.1824;0.18814777
0.1756;0.18733819
0.1677;0.18581079
0.1651;0.18403934
0.1636;0.18345702
0.1622;0.18312125
0.1629;0.18280792
0.1623;0.18296456
0.1676;0.18283029
0.1731;0.18401693
0.1737;0.18524985
0.179;0.18538447
0.1809;0.1865742
0.183;0.18700106
0.1839;0.1874731
0.1805;0.18767546
0.1757;0.18691117
0.1679;0.18583329
0.1626;0.1840841
0.152;0.18289742
0.1451;0.18052837
0.1435;0.17898937
0.1409;0.17863286
0.1394;0.17805381
0.1383;0.17771988
0.1448;0.17747511
0.1514;0.1789225
0.1642;0.18039447
0.1748;0.18325551
0.1857;0.18563125
0.1957;0.18808028
0.2056;0.19033255
0.2131;0.19256732
0.2181;0.19426373
0.226;0.19539635
0.2264;0.1971884
0.2258;0.19727923
0.2223;0.19714296
0.2185;0.19634865
0.208;0.19548696
0.2007;0.19310986
0.1942;0.19146058
0.1886;0.18999435
0.1816;0.18873289
0.1725;0.18715836
0.1644;0.18511528
0.1549;0.18330029
0.1469;0.18117596
0.139;0.17939062
0.1306;0.17763089
0.1217;0.17576328
0.1136;0.17378849
0.1045;0.17199479
0.0969;0.16998364
0.0842;0.16830729
0.0777;0.16551265
0.0693;0.16408555
0.0647;0.16224453
0.0586;0.1612379
0.0485;0.15990466
0.0398;0.1577014
0.0325;0.15580775
0.0277;0.15422186
0.0216;0.15318054
0.0152;0.15185896
0.01;0.15047438
0.0044;0.14935096
0.0012;0.14814271
-0.0023;0.147453
-0.0107;0.14669922
-0.0138;0.14489271
-0.0205;0.14422694
-0.0235;0.14278972
-0.0257;0.14214694
-0.0267;0.14167583
-0.0257;0.14146179
-0.0228;0.14167583
-0.0178;0.14229688
-0.0149;0.14336865
-0.0107;0.14399084
-0.0085;0.14489271
-0.0066;0.14536549
-0.0053;0.14577402
-0.0066;0.14605363
-0.0138;0.14577402
-0.0217;0.14422694
-0.0263;0.14253253
-0.0387;0.14154743
-0.0532;0.13889721
-0.0624;0.13580815
-0.0732;0.13385378
-0.0792;0.13156508
-0.0856;0.13029608
-0.0903;0.12894459
-0.0897;0.12795341
-0.0866;0.12807988
-0.0844;0.12873362
-0.0784;0.12919784
-0.0726;0.13046521
-0.0669;0.13169205
-0.0602;0.13289942
-0.0518;0.13432074
-0.0457;0.13610594
-0.0376;0.13740458
-0.029;0.139132
-0.0257;0.1409697
-0.0222;0.14167583
-0.0186;0.14242542
-0.0159;0.14319706
-0.0145;0.14377624
-0.017;0.1440767
-0.0187;0.14354023
-0.0218;0.14317562
-0.0257;0.14251113
-0.0315;0.14167583
-0.0372;0.1404351
-0.0417;0.13921738
-0.0481;0.13825724
-0.0522;0.1368934
-0.0544;0.13602082
-0.0581;0.135553
-0.0598;0.13476673
-0.0601;0.13440567
-0.0634;0.13434198
-0.0667;0.13364163
-0.066;0.13294181
-0.0641;0.1330902
-0.0682;0.13349313
-0.067;0.13262391
-0.0694;0.13287823
-0.0695;0.13236967
-0.0718;0.1323485
-0.0725;0.13186142
-0.0692;0.1317132
-0.0651;0.13241202
-0.0633;0.13328107
-0.0624;0.13366285
-0.0606;0.13385378
-0.0567;0.13423581
-0.055;0.13506413
-0.0563;0.13542542
-0.0588;0.13514915
-0.0609;0.13461803
-0.0641;0.13417213
-0.065;0.13349313
-0.066;0.13330223
-0.0724;0.1330902
-0.0767;0.13173439
-0.0802;0.1308246
-0.0839;0.1300848
-0.0836;0.12930341
-0.0837;0.12936673
-0.0821;0.1293456
-0.0811;0.12968342
-0.0796;0.12989464
-0.078;0.13021159
-0.0781;0.13054976
-0.0801;0.13052863
-0.0808;0.13010594
-0.0824;0.12995803
-0.0847;0.12962008
-0.0853;0.12913454
-0.0864;0.12900789
-0.0821;0.1287758
-0.0782;0.12968342
-0.0745;0.13050747
-0.0753;0.13128996
-0.0711;0.13112071
-0.0684;0.13200961
-0.0628;0.13258153
-0.0641;0.13376892
-0.0624;0.13349313
-0.0614;0.13385378
-0.0591;0.13406602
-0.0588;0.13455434
-0.0602;0.13461803
-0.0607;0.13432074
-0.0602;0.13421461
-0.0586;0.13432074
-0.0565;0.13466053
-0.054;0.13510662
-0.0497;0.13563806
-0.0447;0.1365528
-0.0409;0.13761768
-0.0347;0.13842784
-0.0294;0.13975124
-0.0219;0.1408841
-0.0191;0.1424897
-0.0156;0.14308986
-0.0136;0.14384061
-0.0128;0.14426988
-0.0133;0.14444165
-0.0137;0.14433433
-0.0195;0.14424844
-0.0241;0.14300409
-0.0267;0.14201844
-0.0303;0.14146179
-0.0366;0.14069164
-0.0423;0.1393455
-0.0455;0.13812926
-0.0475;0.13744721
-0.0478;0.13702118
-0.0497;0.13695732
-0.0526;0.1365528
-0.0502;0.13593578
-0.0462;0.13644636
-0.0418;0.13729808
-0.0352;0.13823587
-0.0285;0.13964444
-0.0223;0.14107662
-0.0158;0.14240402
-0.0081;0.14379768
-0.0028;0.14545146
0.0009;0.14659159
0.0057;0.14738834
0.0119;0.14842309
0.0164;0.14976127
0.0174;0.15073383
0.0196;0.1509501
0.0241;0.15142605
0.0296;0.15240033
0.0338;0.1535926
0.0353;0.15450408
0.0398;0.15482984
0.044;0.15580775
0.0466;0.15672144
0.0487;0.15728755
0.0514;0.15774499
0.053;0.15833347
0.0533;0.15868244
0.0506;0.15874787
0.0505;0.1581591
0.0517;0.15813729
0.0538;0.15839888
0.058;0.1588569
0.0634;0.15977365
0.0683;0.16095361
0.0734;0.16202562
0.0806;0.16314267
0.0884;0.16472201
0.0956;0.16643597
0.1004;0.16802086
0.1052;0.16907895
0.1082;0.17013817
0.1108;0.17080083
0.1107;0.17137548
0.1108;0.1713534
0.1075;0.17137548
0.1039;0.1706462
0.0999;0.16985117
0.091;0.16896865
0.0873;0.16700794
0.0876;0.16619407
0.0877;0.16626003
0.0862;0.166282
0.0884;0.1659522
0.0914;0.16643597
0.0967;0.16709603
0.1011;0.16826323
0.1049;0.16923332
0.1078;0.17007196
0.1141;0.17071246
0.1168;0.17210542
0.1269;0.172703
0.1321;0.17494181
0.1399;0.17609653
0.1439;0.17783119
0.1498;0.17872196
0.1514;0.18003741
0.1524;0.18039447
0.1537;0.18061768
0.1542;0.18090792
0.1572;0.18101959
0.1542;0.18168983
0.1484;0.18101959
0.1466;0.17972508
0.1404;0.17932372
0.1356;0.17794248
0.1301;0.17687452
0.1254;0.17565224
0.1202;0.17460895
0.1146;0.17345607
0.1123;0.17221603
0.1128;0.1717072
0.1173;0.17181782
0.1203;0.17281373
0.122;0.17347822
0.1246;0.17385502
0.1265;0.17443152
0.1256;0.17485306
0.1238;0.1746533
0.121;0.17425409
0.1146;0.17363332
0.1107;0.17221603
0.1067;0.1713534
0.1016;0.17046948
0.098;0.16934364
0.0955;0.16854976
0.0955;0.16799882
0.0941;0.16799882
0.0978;0.16769043
0.103;0.16850565
0.1109;0.16965254
0.1224;0.17139764
0.1299;0.17394368
0.1409;0.17560783
0.1485;0.17805381
0.1522;0.17974743
0.1557;0.18057305
0.156;0.18135467
0.1581;0.18142167
0.1581;0.18189098
0.164;0.18189098
0.161;0.18321076
0.1594;0.1825394
0.1556;0.18218163
0.1554;0.1813323
0.157;0.18128763
0.1604;0.18164513
0.1614;0.18240526
0.1634;0.18262894
0.1669;0.18307644
0.1743;0.18386011
0.18;0.18551905
0.1826;0.18679887
0.1876;0.18738315
0.1923;0.18850781
0.1966;0.18956618
0.2008;0.19053546
0.2046;0.19148317
0.2072;0.19234137
0.2078;0.19292898
0.2061;0.19306466
0.2074;0.19268033
0.2058;0.1929742
0.2052;0.19261253
0.2034;0.19247694
0.2092;0.19207026
0.2121;0.19338124
0.2103;0.1940374
0.2131;0.1936301
0.212;0.19426373
0.2124;0.19401476
0.2177;0.1941053
0.2167;0.19530565
0.2207;0.19507909
0.224;0.19598573
0.2287;0.19673444
0.232;0.19780165
0.2331;0.19855164
0.2316;0.19880179
0.2255;0.19846073
0.2142;0.19707488
0.2022;0.19451283
0.1877;0.19179925
0.1723;0.18853031
0.1591;0.18507046
0.1419;0.18211456
0.1254;0.17827648
0.1115;0.17460895
0.1013;0.17153028
0.0907;0.16927743
0.0817;0.16694197
0.0837;0.16496353
0.0833;0.16540283
0.0864;0.16531494
0.0919;0.1659962
0.0948;0.16720605
0.0982;0.1678446
0.1017;0.16859387
0.1031;0.16936569
0.1072;0.16967463
0.111;0.1705799
0.1159;0.17141972
0.1173;0.17250377
0.1186;0.17281373
0.1185;0.17310159
0.1174;0.17307948
0.1186;0.17283586
0.1168;0.17310159
0.1151;0.172703
0.1115;0.17232667
0.1026;0.17153028
0.0922;0.16956426
0.0798;0.16727208
0.0703;0.16454636
0.0584;0.16246355
0.0471;0.159861
0.0359;0.15739642
0.0248;0.15496017
0.0148;0.15255202
0.0042;0.15038788
0.0005;0.14809959
-0.0012;0.14730215
0.0021;0.14693604
0.0094;0.14764692
0.0164;0.14922144
0.0284;0.15073383
0.0414;0.15333235
0.0552;0.15615574
0.0709;0.15916237
0.0883;0.16259494
0.1067;0.16641396
0.1232;0.17046948
0.1372;0.17412102
0.1506;0.17723036
0.161;0.18021591
0.1682;0.1825394
0.1696;0.18415134
0.17;0.18446505
0.1682;0.18455471
0.1555;0.18415134
0.1417;0.18130995
0.1282;0.17823192
0.1114;0.17523034
0.0966;0.17150816
0.0786;0.16824116
0.0584;0.16428302
0.039;0.159861
0.0203;0.15563384
0.003;0.15157753
-0.0151;0.1478409
-0.0255;0.1439479
-0.031;0.14171866
-0.0402;0.14054197
-0.0438;0.13857715
-0.042;0.13780951
-0.0448;0.13819322
-0.0469;0.13759635
-0.0511;0.13714898
-0.0576;0.13625486
-0.0601;0.13487294
-0.0641;0.13434198
-0.069;0.13349313
-0.0725;0.13245441
-0.0741;0.1317132
-0.0728;0.1313746
-0.0732;0.1316497
-0.0717;0.13156508
-0.0685;0.13188258
-0.0682;0.13256034
-0.07;0.13262391
-0.0716;0.13224259
-0.0728;0.13190375
-0.0783;0.1316497
-0.0824;0.13048632
-0.0858;0.12962008
-0.0859;0.1289024
-0.0849;0.12888132
-0.0849;0.1290923
-0.0853;0.1290923
-0.0862;0.12900789
-0.089;0.128818
-0.0911;0.12822744
-0.0945;0.12778479
-0.1015;0.12706862
-0.1076;0.12559596
-0.1132;0.1243147
-0.1161;0.12314016
-0.1206;0.1225325
-0.1254;0.12159048
-0.1293;0.12058678
-0.1341;0.11977212
-0.1376;0.1187706
-0.1389;0.11804099
-0.1389;0.1177702
-0.1398;0.1177702
-0.138;0.11758274
-0.1365;0.11795768
-0.1336;0.11827022
-0.1326;0.11887486
-0.1343;0.11908343
-0.1351;0.11872885
-0.1346;0.11856204
-0.1346;0.11866631
-0.1392;0.11866631
-0.1395;0.11770768
-0.1383;0.11764519
-0.137;0.11789516
-0.1381;0.11816604
-0.1355;0.11793682
-0.1341;0.11847869
-0.1335;0.1187706
-0.138;0.11889571
-0.1356;0.11795768
-0.1339;0.11845781
-0.1327;0.11881229
-0.1323;0.1190626
-0.1303;0.119146
-0.1266;0.1195634
-0.1239;0.12033604
-0.1204;0.1209003
-0.1191;0.12163232
-0.1139;0.1219044
-0.1097;0.12299342
-0.107;0.12387407
-0.1061;0.12444067
-0.1044;0.1246296
-0.1043;0.1249866
-0.1011;0.12500763
-0.0961;0.12568007
-0.0898;0.12673178
-0.0851;0.1280588
-0.0791;0.12905009
-0.0733;0.13031726
-0.0651;0.13154387
-0.054;0.13328107
-0.0437;0.13563806
-0.0364;0.1378308
-0.0283;0.13938819
-0.0209;0.14111944
-0.0122;0.14270398
-0.0024;0.1445705
0.0015;0.14667769
0.0009;0.14751762
-0.0037;0.14738834
-0.0066;0.1463979
-0.0114;0.14577402
-0.0127;0.14474234
-0.0159;0.14446315
-0.0201;0.14377624
-0.0228;0.14287546
-0.026;0.14229688
-0.0284;0.1416116
-0.0269;0.14109804
-0.0269;0.141419
-0.0286;0.141419
-0.0331;0.14105526
-0.0363;0.14009307
-0.0402;0.13940951
-0.0429;0.13857715
-0.0445;0.13800134
-0.0467;0.1376603
-0.0469;0.13719156
-0.0469;0.13714898
-0.0449;0.13714898
-0.0436;0.13757503
-0.047;0.13785213
-0.0481;0.13712768
-0.0495;0.1368934
-0.053;0.13659535
-0.0582;0.13585068
-0.0616;0.13474545
-0.0645;0.13402356
-0.0667;0.13340828
-0.0659;0.13294181
-0.0658;0.13311143
-0.0679;0.13313262
-0.0661;0.13268745
-0.0646;0.13306904
-0.0649;0.13338709
-0.0635;0.13332345
-0.0649;0.1336204
-0.0642;0.13332345
-0.0637;0.1334719
-0.0656;0.13357794
-0.0648;0.13317503
-0.0616;0.13334471
-0.0601;0.13402356
-0.0579;0.13434198
-0.0515;0.13480918
-0.0483;0.13616978
-0.0427;0.13685085
-0.0391;0.13804397
-0.0322;0.13881186
-0.0271;0.14028543
-0.0242;0.1413762
-0.0212;0.14199701
-0.0212;0.14263971
-0.0189;0.14263971
-0.0203;0.14313275
-0.0243;0.14283259
-0.0269;0.1419756
-0.0252;0.141419
-0.0272;0.14178286
-0.0281;0.1413548
-0.0263;0.14116222
-0.0277;0.14154743
-0.0277;0.14124781
-0.0247;0.14124781
-0.022;0.14188993
-0.0185;0.14246827
-0.0156;0.14321852
-0.0045;0.14384061
-0.0018;0.14622574
0.0029;0.1468069
0.008;0.14781934
0.014;0.14891925
0.0176;0.15021499
0.0209;0.15099332
0.028;0.1517074
0.0324;0.15324557
0.0358;0.15420017
0.0398;0.15493841
0.0436;0.15580775
0.046;0.15663439
0.0477;0.15715687
0.0496;0.15752712
0.0512;0.1579411
0.053;0.15828988
0.0549;0.15868244
0.0573;0.15909691
0.0582;0.15962076
0.0597;0.15981737
0.0599;0.16014495
0.0585;0.16018862
0.0574;0.15988283
0.059;0.15964264
0.0569;0.15999201
0.0583;0.15953347
0.0549;0.15983917
0.0544;0.15909691
0.0518;0.15898784
0.048;0.1584207
0.0467;0.15759249
0.0445;0.15730928
0.042;0.15683028
0.039;0.15628625
0.0359;0.15563384
0.0358;0.15496017
0.0375;0.15493841
0.0435;0.15530781
0.0499;0.15661263
0.0591;0.15800649
0.0684;0.16001388
0.0759;0.16204748
0.0826;0.16369072
0.0871;0.16516119
0.0921;0.16615006
0.0978;0.16725005
0.1014;0.16850565
0.1033;0.16929951
0.1055;0.16971876
0.1062;0.17020443
0.106;0.17035903
0.1068;0.17031488
0.1087;0.1704915
0.1097;0.17091133
0.1107;0.17113233
0.1144;0.1713534
0.1176;0.17217179
0.119;0.17288011
0.1206;0.17319022
0.1203;0.1735447
0.1217;0.17347822
0.1226;0.17378849
0.1215;0.17398801
0.1195;0.17374417
0.1217;0.17330095
0.1192;0.17378849
0.1176;0.17323452
0.1158;0.17288011
0.1146;0.1724816
0.109;0.17221603
0.1059;0.17097762
0.105;0.1702928
0.1039;0.17009404
0.1039;0.16985117
0.1055;0.16985117
0.1055;0.17020443
0.105;0.17020443
0.1064;0.17009404
0.1062;0.17040323
0.1068;0.17035903
0.1037;0.1704915
0.0987;0.16980705
0.0943;0.16870406
0.0842;0.16773449
0.078;0.16551265
0.0752;0.16415139
0.0697;0.16353725
0.0671;0.16233212
0.0605;0.16176297
0.0605;0.16031973
0.0606;0.16031973
0.0599;0.16034159
0.0594;0.16018862
0.0618;0.16007939
0.063;0.1606038
0.0627;0.16086616
0.0643;0.16080055
0.0607;0.1611504
0.0633;0.1603634
0.0628;0.16093169
0.0614;0.1608224
0.0641;0.16051638
0.0662;0.16110663
0.069;0.161566
0.0733;0.16217883
0.0796;0.16312075
0.0875;0.16450246
0.0947;0.16623804
0.1002;0.16782261
0.105;0.16903481
0.1145;0.17009404
0.1227;0.17219387
0.1374;0.1740102
0.1496;0.17727485
0.1613;0.1799928
0.163;0.18260656
0.1626;0.18298697
0.1615;0.18289742
0.1564;0.18265131
0.1426;0.18151106
0.1325;0.17843239
0.1188;0.1761854
0.1019;0.17314589
0.0926;0.1694098
0.0846;0.16736013
0.0774;0.16560054
0.0856;0.16401976
0.0954;0.1658203
0.1053;0.16797677
0.1173;0.17016031
0.1271;0.17281373
0.1347;0.17498614
0.1414;0.17667435
0.1441;0.17816514
0.1441;0.1787665
0.1393;0.1787665
0.1322;0.17769764
0.1219;0.17611873
0.1123;0.17383283
0.1022;0.1717072
0.0936;0.16947602
0.089;0.16758034
0.0855;0.16656794
0.0792;0.16579838
0.0813;0.16441475
0.0816;0.16487569
0.0846;0.16494158
0.0896;0.16560054
0.0921;0.1666999
0.0965;0.16725005
0.1014;0.16821913
0.104;0.16929951
0.109;0.16987327
0.1081;0.17097762
0.1077;0.17077874
0.1058;0.17069036
0.0985;0.1702707
0.0915;0.16865996
0.0824;0.167118
0.076;0.16511725
0.0696;0.16371268
0.0623;0.1623102
0.0574;0.16071314
0.0529;0.15964264
0.0478;0.15866059
0.0431;0.15754889
0.0403;0.15652557
0.0389;0.15591651
0.0389;0.1556121
0.0392;0.1556121
0.041;0.15567733
0.0415;0.15606871
0.0441;0.1561775
0.0482;0.15674321
0.0551;0.15763603
0.0637;0.15914056
0.0727;0.1610192
0.0859;0.16298927
0.0943;0.16588627
0.0996;0.16773449
0.1127;0.1689025
0.1209;0.17179567
0.1309;0.17361116
0.1408;0.17582989
0.1534;0.17803153
0.1596;0.18084091
0.1642;0.18222636
0.1673;0.18325551
0.1697;0.18394966
0.1707;0.1844875
0.1685;0.18471168
0.165;0.18421853
0.1612;0.1834346
0.1557;0.18258421
0.1443;0.18135467
0.1368;0.17881109
0.1308;0.1771414
0.1199;0.17580771
0.1084;0.17338961
0.1012;0.17084503
0.0919;0.1692554
0.0858;0.16720605
0.08;0.16586429
0.0724;0.1645903
0.0656;0.16292359
0.0615;0.16143472
0.0566;0.16053824
0.0517;0.15946795
0.0503;0.15839888
0.0542;0.1580937
0.0595;0.15894419
0.0653;0.16010123
0.0731;0.16136912
0.0802;0.1630769
0.0852;0.16463415
0.0934;0.1657324
0.1008;0.16753627
0.1074;0.16916716
0.1114;0.1706241
0.1144;0.17150816
0.1174;0.17217179
0.1164;0.17283586
0.1148;0.17261443
0.1097;0.17226031
0.0958;0.17113233
0.0773;0.1680649
0.0588;0.16399781
0.0439;0.1599484
0.0284;0.1566997
0.012;0.15333235
-0.004;0.14978291
-0.0233;0.14633334
-0.0389;0.14218979
-0.0503;0.13885453
-0.0606;0.13642511
-0.0666;0.13423581
-0.0658;0.13296303
-0.0642;0.13313262
-0.0577;0.1334719
-0.0513;0.1348517
-0.0434;0.13621232
-0.0377;0.13789473
-0.03;0.13911067
-0.0231;0.1407558
-0.0132;0.14223261
-0.0134;0.14435579
-0.0139;0.14431283
-0.0145;0.1442055
-0.0164;0.1440767
-0.0175;0.14366895
-0.0176;0.14343299
-0.0174;0.14341155
-0.0178;0.1434544
-0.0168;0.14336865
-0.0181;0.14358315
-0.0165;0.14330429
-0.0174;0.1436475
-0.018;0.1434544
-0.0189;0.14332578
-0.0204;0.14313275
-0.0219;0.14281116
-0.0255;0.1424897
-0.0284;0.14171866
-0.0311;0.14109804
-0.0354;0.14052057
-0.0387;0.13960174
-0.0414;0.13889721
-0.046;0.13832118
-0.0482;0.13734068
-0.0514;0.13687214
-0.0531;0.13619104
-0.055;0.13582942
-0.0543;0.13542542
-0.0526;0.13557424
-0.0476;0.13593578
-0.0427;0.13699988
-0.0375;0.13804397
-0.031;0.13915333
-0.0242;0.14054197
-0.0186;0.14199701
-0.0138;0.14319706
-0.0111;0.14422694
-0.0074;0.14480679
-0.011;0.14560199
-0.0131;0.14482827
-0.0181;0.14437725
-0.0229;0.14330429
-0.0299;0.14227547
-0.0337;0.14077719
-0.0362;0.13996488
-0.0384;0.1394309
-0.0422;0.13896124
-0.0414;0.13815057
-0.0389;0.13832118
-0.0338;0.13885453
-0.0294;0.13994353
-0.0211;0.1408841
-0.0136;0.14266112
-0.0048;0.14426988
0.003;0.14616118
0.0079;0.1478409
0.0124;0.1488977
0.0151;0.14986928
0.0198;0.15045273
0.0192;0.15146932
0.0176;0.15133949
0.0167;0.15099332
0.0159;0.15079871
0.0173;0.15062572
0.018;0.15092845
0.0187;0.15107986
0.0192;0.15123129
0.0208;0.15133949
0.0193;0.15168574
0.0185;0.15136111
0.0184;0.15118802
0.0172;0.1511664
0.0142;0.15090682
0.0158;0.15025824
0.0142;0.15060408
0.0122;0.15025824
0.0133;0.14982608
0.0155;0.15006374
0.015;0.15053923
0.018;0.15043116
0.0233;0.15107986
0.0286;0.15222704
0.0324;0.15337569
0.037;0.15420017
0.0415;0.15519914
0.0451;0.1561775
0.0492;0.15696089
0.051;0.15785395
0.0515;0.15824631
0.0491;0.1583553
0.0465;0.15783216
0.0431;0.15726575
0.0389;0.15652557
0.0376;0.1556121
0.0367;0.15532953
0.0331;0.15513396
0.0298;0.15435208
0.0276;0.15363598
0.0255;0.15315889
0.0253;0.15270369
0.024;0.15266034
0.0217;0.15237868
0.019;0.1518806
0.0172;0.15129618
0.0323;0.15090682
0.0395;0.15417844
0.0568;0.15574253
0.0663;0.15951163
0.0761;0.1615879
0.0847;0.1637346
0.091;0.16562253
0.0973;0.16700794
0.1036;0.16839543
0.1079;0.16978501
0.1108;0.17073455
0.1122;0.17137548
0.1101;0.17168508
0.106;0.17122075
0.097;0.17031488
0.0891;0.16832931
0.0819;0.16658992
0.0738;0.16500746
0.0646;0.16323036
0.0538;0.161216
0.0471;0.1588569
0.0424;0.15739642
0.0395;0.1563733
0.0393;0.15574253
0.0362;0.15569901
0.0387;0.15502532
0.0424;0.15556861
0.0443;0.1563733
0.05;0.15678674
0.0528;0.15802832
0.0565;0.15863879
0.0596;0.15944612
0.0633;0.16012311
0.0667;0.16093169
0.0693;0.16167541
0.0712;0.16224453
0.0733;0.16266061
0.0736;0.16312075
0.0749;0.16318654
0.0754;0.16347149
0.076;0.1635811
0.0761;0.16371268
0.0739;0.1637346
0.0783;0.16325225
0.0881;0.16421719
0.0964;0.16636999
0.1033;0.16819714
0.1124;0.16971876
0.1194;0.17172934
0.1281;0.17327884
0.1401;0.17520818
0.1523;0.1778757
0.163;0.18059534
0.1782;0.18298697
0.1827;0.18639454
0.1862;0.18740565
0.1923;0.18819278
0.1936;0.18956618
0.1942;0.18985912
0.1948;0.18999435
0.195;0.19012962
0.1952;0.19017471
0.1925;0.19021979
0.1863;0.18961123
0.1813;0.1882153
0.1759;0.18709093
0.1709;0.1858781
0.1646;0.1847565
0.1575;0.18334506
0.1508;0.18175685
0.1436;0.18026054
0.1344;0.17865515
0.1294;0.1766077
0.126;0.17549676
0.1216;0.17474209
0.1191;0.17376631
0.1185;0.17321236
0.1187;0.17307948
0.1194;0.17312376
0.122;0.17327884
0.1282;0.17385502
0.1368;0.17523034
0.1447;0.1771414
0.1536;0.17890023
0.1617;0.18088561
0.1669;0.18269604
0.1733;0.18386011
0.1747;0.1852947
0.177;0.18560882
0.1815;0.18612503
0.1808;0.1871359
0.1817;0.18697861
0.1785;0.18718086
0.1749;0.1864619
0.1706;0.18565369
0.167;0.18468925
0.1624;0.1838825
0.1561;0.18285264
0.1521;0.181444
0.1478;0.1805507
0.1457;0.17959131
0.1423;0.17912309
0.1404;0.17836556
0.1442;0.17794248
0.1433;0.17878881
0.1423;0.17858833
0.1417;0.17836556
0.1434;0.17823192
0.1438;0.17861058
0.1442;0.17869972
0.1433;0.17878881
0.1445;0.17858833
0.1469;0.17885566
0.1553;0.17939062
0.165;0.18126526
0.172;0.1834346
0.1848;0.18500313
0.1989;0.18787782
0.212;0.19105434
0.2236;0.19401476
0.234;0.19664364
0.2415;0.19900651
0.2457;0.20071395
0.2461;0.20167139
0.2481;0.20176262
0.2422;0.20221895
0.2338;0.20087346
0.2262;0.198961
0.219;0.19723383
0.2141;0.19560033
0.2075;0.19449016
0.2043;0.19299681
0.2019;0.19227357
0.2002;0.19173153
0.199;0.1913477
0.1986;0.19107687
0.1954;0.19098668
0.1936;0.19026487
0.1936;0.18985912
0.1913;0.18985912
0.1871;0.18934089
0.1859;0.18839528
0.1779;0.18812531
0.1743;0.18632711
0.1668;0.18551905
0.1611;0.18383774
0.1569;0.18256181
0.1518;0.18162276
0.148;0.18048374
0.1455;0.1796359
0.1414;0.17907853
0.1389;0.17816514
0.1372;0.17760861
0.1343;0.17723036
0.1315;0.1765855
0.1291;0.1759632
0.126;0.17543015
0.1238;0.17474209
0.1201;0.17425409
0.1181;0.17343394
0.1159;0.17299086
0.1129;0.17250377
0.1116;0.1718399
0.1127;0.17155237
0.118;0.17179567
0.1211;0.17296869
0.1233;0.17365554
0.1299;0.17414322
0.1351;0.17560783
0.1396;0.1767633
0.1467;0.17776442
0.1502;0.17934601
0.1541;0.18012667
0.1551;0.18099724
0.1529;0.18122062
0.1517;0.1807293
0.1485;0.18046144
0.1462;0.17974743
0.1405;0.1792346
0.1353;0.17796478
0.1286;0.1768078
0.1207;0.17531914
0.1141;0.17356685
0.108;0.17210542
0.1032;0.17075664
0.104;0.16969667
0.1032;0.16987327
0.1037;0.16969667
0.1061;0.16980705
0.1093;0.17033695
0.1171;0.17104392
0.125;0.17276941
0.1223;0.17452025
0.1275;0.17392148
0.1305;0.17507495
0.132;0.17574108
0.1323;0.1760743
0.13;0.17614093
0.1299;0.17562999
0.1294;0.17560783
0.1351;0.17549676
0.1394;0.1767633
0.1422;0.17771988
0.1447;0.1783433
0.1516;0.17890023
0.1575;0.18043905
0.1626;0.18175685
0.1679;0.18289742
0.173;0.1840841
0.179;0.18522742
0.1843;0.1865742
0.1884;0.1877654
0.1862;0.18868789
0.1838;0.18819278
0.182;0.18765298
0.1764;0.18724829
0.171;0.18599035
0.1667;0.18477891
0.162;0.18381529
0.157;0.18276317
0.1529;0.18164513
0.1483;0.1807293
0.1334;0.1797028
0.1271;0.17638539
0.1206;0.17498614
0.1104;0.1735447
0.0997;0.1712871
0.0883;0.16892454
0.0762;0.16641396
0.0648;0.1637565
0.0548;0.16125974
0.0446;0.1590751
0.0274;0.15685205
0.0226;0.15311551
0.0181;0.15207542
0.0141;0.15110151
0.0096;0.15023662
0.0062;0.14926462
0.0038;0.1485309
0.0002;0.14801335
-0.0011;0.14723757
-0.0035;0.14695762
-0.0074;0.14644094
-0.0095;0.14560199
-0.0141;0.14515062
-0.0154;0.14416258
-0.0153;0.14388357
-0.0154;0.14390497
-0.019;0.14388357
-0.0199;0.14311129
-0.0178;0.1429183
-0.0137;0.14336865
-0.0115;0.14424844
-0.0071;0.14472088
-0.0063;0.1456665
-0.0019;0.14583856
0.0033;0.14678532
0.0053;0.14790557
0.0061;0.14833678
0.0073;0.14850931
0.0083;0.14876822
0.01;0.14898401
0.0107;0.14935096
0.0094;0.14950213
0.0084;0.14922144
0.0077;0.14900562
0.007;0.14885452
0.0066;0.14870349
0.007;0.14861721
0.0062;0.14870349
0.0057;0.1485309
0.0019;0.14842309
0.0044;0.14760382
0.005;0.14814271
0.0096;0.1482721
0.0111;0.14926462
0.0102;0.14958851
0.012;0.14939414
0.0147;0.14978291
0.0177;0.1503663
0.0191;0.151015
0.0185;0.15131783
0.018;0.15118802
0.0174;0.15107986
0.0166;0.1509501
0.0126;0.15077709
0.0056;0.14991249
0.0029;0.14840148
-0.0024;0.14781934
-0.0055;0.14667769
-0.0109;0.14601062
-0.0171;0.14484979
-0.0228;0.14351878
-0.0285;0.14229688
-0.0358;0.14107662
-0.0422;0.1395163
-0.0547;0.13815057
-0.0689;0.13548921
-0.0791;0.13247558
-0.0869;0.13031726
-0.0971;0.12867032
-0.0998;0.12652133
-0.1079;0.12595338
-0.1106;0.12425175
-0.1129;0.12368527
-0.1125;0.12320302
-0.111;0.12328689
-0.1105;0.12360136
-0.1082;0.12370625
-0.1046;0.12418878
-0.0958;0.1249446
-0.0745;0.12679493
-0.0563;0.13128996
-0.0386;0.13514915
-0.0197;0.13891855
0.0003;0.14296122
0.0238;0.14725912
0.0426;0.15233538
0.0606;0.15641682
0.0741;0.16034159
0.0872;0.16329607
0.0983;0.16617209
0.0936;0.16861588
0.0877;0.16758034
0.0784;0.166282
0.0663;0.16423917
0.0543;0.1615879
0.0438;0.15896599
0.0334;0.15667793
0.0241;0.15441722
0.0184;0.15240033
0.0102;0.1511664
0.0074;0.14939414
0.0154;0.1487898
0.0182;0.15051761
0.0199;0.15112317
0.0237;0.15149097
0.0301;0.15231371
0.0373;0.15370104
0.0409;0.1552643
0.0462;0.15604702
0.0482;0.1572004
0.045;0.15763603
0.0412;0.15693913
0.0373;0.15611222
0.0358;0.1552643
0.0307;0.15493841
0.0269;0.15383123
0.0225;0.15300709
0.0195;0.1520538
0.016;0.15140441
0.0132;0.15064731
0.0118;0.15004215
0.0125;0.1497397
0.0134;0.1498909
0.0146;0.15008534
0.0159;0.15034468
0.0192;0.15062572
0.022;0.15133949
0.0256;0.15194553
0.0288;0.15272537
0.0318;0.15341905
0.0358;0.1540699
0.0399;0.15493841
0.0434;0.15582952
0.0478;0.15659088
0.0527;0.15754889
0.0562;0.15861699
0.0572;0.15938063
0.057;0.15959893
0.0543;0.15955529
0.05;0.15896599
0.0459;0.15802832
0.037;0.15713508
0.0314;0.15519914
0.027;0.15398312
0.0228;0.1530288
0.0177;0.15211876
0.0138;0.151015
0.0129;0.15017179
0.0142;0.14997731
0.0233;0.15025824
0.0296;0.15222704
0.036;0.1535926
0.0441;0.15498188
0.0505;0.15674321
0.0571;0.15813729
0.0647;0.1595771
0.0729;0.1612379
0.0779;0.1630331
0.0829;0.16412947
0.0876;0.16522709
0.0931;0.16626003
0.0957;0.16747022
0.0934;0.16804285
0.0966;0.16753627
0.0926;0.16824116
0.0888;0.16736013
0.0846;0.16652395
0.0806;0.16560054
0.0754;0.16472201
0.0731;0.1635811
0.0698;0.1630769
0.068;0.16235399
0.0658;0.16195993
0.0646;0.16147849
0.0628;0.161216
0.0609;0.1608224
0.0592;0.16040713
0.0575;0.16003571
0.0559;0.15966445
0.0528;0.15931515
0.0504;0.15863879
0.0467;0.15811548
0.0465;0.15730928
0.0453;0.15726575
0.0425;0.15700443
0.0402;0.156395
0.0392;0.15589476
0.0449;0.15567733
0.0561;0.15691738
0.0597;0.15935883
0.0754;0.16014495
0.0873;0.1635811
0.1019;0.16619407
0.1134;0.1694098
0.1252;0.1719505
0.1347;0.17456461
0.1427;0.17667435
0.1492;0.17845467
0.1643;0.17990355
0.1616;0.18327788
0.1582;0.1826737
0.1534;0.18191335
0.1479;0.18084091
0.1396;0.17961365
0.1315;0.17776442
0.1244;0.1759632
0.1274;0.17438716
0.1204;0.17505279
0.1198;0.1735004
0.1212;0.17336743
0.1226;0.17367765
0.1239;0.17398801
0.1304;0.17427626
0.1307;0.17571884
0.1322;0.17578548
0.1363;0.17611873
0.1402;0.17703019
0.1425;0.17789796
0.146;0.17841008
0.146;0.17918998
0.1475;0.17918998
0.1453;0.17952439
0.1428;0.17903394
0.1361;0.17847694
0.1309;0.17698573
0.1257;0.17582989
0.1181;0.17467552
0.1131;0.17299086
0.1042;0.17188418
0.1013;0.1699174
0.1026;0.16927743
0.103;0.16956426
0.1058;0.16965254
0.1083;0.1702707
0.1121;0.17082292
0.1183;0.171663
0.1222;0.17303516
0.128;0.17389931
0.1395;0.17518596
0.1463;0.17774215
0.1506;0.17925681
0.1577;0.18021591
0.1606;0.18180159
0.162;0.18245003
0.1638;0.18276317
0.1633;0.18316598
0.1639;0.18305407
0.168;0.18318836
0.1715;0.18410654
0.1743;0.18489105
0.1772;0.18551905
0.1789;0.18616998
0.18;0.1865517
0.1811;0.18679887
0.1828;0.18704599
0.1834;0.1874281
0.1834;0.187563
0.181;0.187563
0.1791;0.18702352
0.1782;0.18659663
0.1744;0.18639454
0.1713;0.1855415
0.1666;0.18484618
0.1584;0.18379293
0.1533;0.18195806
0.1482;0.18081862
0.1444;0.1796805
0.1359;0.17883337
0.1317;0.17694122
0.1334;0.17600761
0.1235;0.17638539
0.1189;0.17418757
0.116;0.17316805
0.1154;0.17252591
0.1157;0.17239308
0.1175;0.17245951
0.1184;0.17285798
0.1217;0.17305735
0.127;0.17378849
0.1333;0.17496398
0.1403;0.17636317
0.1481;0.17792024
0.154;0.1796582
0.158;0.18097493
0.1633;0.18186863
0.1667;0.18305407
0.1697;0.18381529
0.1745;0.1844875
0.1779;0.18556395
0.1811;0.18632711
0.1825;0.18704599
0.1841;0.18736067
0.1853;0.18772039
0.1841;0.18799032
0.1835;0.18772039
0.1823;0.18758552
0.1796;0.18731572
0.1789;0.18670897
0.1787;0.1865517
0.1774;0.18650681
0.1774;0.18621488
0.1741;0.18621488
0.1744;0.18547419
0.1752;0.1855415
0.1742;0.18572102
0.1773;0.18549664
0.1786;0.18619241
0.1789;0.18648432
0.1795;0.1865517
0.1802;0.18668647
0.1825;0.18684375
0.1841;0.18736067
0.1849;0.18772039
0.1895;0.18790035
0.196;0.18893556
0.2015;0.19040018
0.2055;0.1916412
0.2086;0.19254473
0.2118;0.19324557
0.2132;0.19396947
0.2165;0.19428639
0.2158;0.19503374
0.2103;0.19487518
0.208;0.1936301
0.2053;0.19310986
0.2035;0.19249953
0.1998;0.19209287
0.2017;0.1912574
0.2;0.19168635
0.2013;0.19130254
0.2089;0.19159603
0.2119;0.19331339
0.2148;0.19399215
0.2201;0.19464868
0.2207;0.19584973
0.2203;0.19598573
0.2166;0.19589509
0.2088;0.19505638
0.2053;0.1932908
0.1992;0.19249953
0.1909;0.19112204
0.1828;0.18925083
0.1741;0.1874281
0.1645;0.18547419
0.157;0.18332267
0.1499;0.18164513
0.1492;0.18005973
0.1443;0.17990355
0.1428;0.17881109
0.1409;0.17847694
0.1384;0.17805381
0.1331;0.17749736
0.1327;0.17631873
0.1266;0.17622982
0.1215;0.17487523
0.1145;0.17374417
0.1055;0.17219387
0.0965;0.17020443
0.0937;0.16821913
0.0892;0.16760233
0.086;0.16661192
0.0823;0.16590826
0.079;0.1650953
0.0756;0.16437079
0.0713;0.16362497
0.0654;0.16268256
0.0618;0.16139098
0.0548;0.1606038
0.0498;0.1590751
0.0453;0.15798469
0.0399;0.15700443
0.0342;0.15582952
0.0288;0.15459092
0.0243;0.15341905
0.0199;0.15244365
0.017;0.15149097
0.0118;0.15086359
0.0098;0.1497397
0.0068;0.14930782
0.0016;0.14866033
-0.0014;0.14753918
-0.0071;0.14689298
-0.0082;0.1456665
-0.0097;0.14543001
-0.0112;0.14510763
-0.0139;0.14478534
-0.0144;0.1442055
-0.0234;0.14409813
-0.0279;0.14216834
-0.0321;0.141205
-0.0357;0.14030682
-0.0411;0.13953769
-0.0469;0.13838516
-0.0504;0.13714898
-0.0556;0.13640384
-0.0591;0.13529792
-0.063;0.13455434
-0.0645;0.13372649
-0.0644;0.13340828
-0.0624;0.1334295
-0.0593;0.13385378
-0.0552;0.13451183
-0.0525;0.13538292
-0.0516;0.13595702
-0.0495;0.13614851
-0.048;0.13659535
-0.048;0.1369147
-0.0484;0.1369147
-0.0485;0.13682957
-0.0476;0.13680826
-0.0472;0.13699988
-0.0475;0.13708507
-0.0479;0.13702118
-0.0473;0.13693602
-0.046;0.13706377
-0.0452;0.13734068
-0.0474;0.1375111
-0.0464;0.1370425
-0.0453;0.13725547
-0.0468;0.13748984
-0.0482;0.13717026
-0.049;0.13687214
-0.0499;0.13670182
-0.0492;0.13651021
-0.0493;0.13665922
-0.0488;0.13663793
-0.0474;0.1367444
-0.0451;0.1370425
-0.0427;0.13753246
-0.0409;0.13804397
-0.0375;0.13842784
-0.0339;0.13915333
-0.0321;0.13992214
-0.0301;0.14030682
-0.0283;0.1407344
-0.0288;0.14111944
-0.0302;0.14101245
-0.0315;0.14071302
-0.0337;0.1404351
-0.0372;0.13996488
-0.0406;0.13921738
-0.0436;0.13849181
-0.0479;0.13785213
-0.0489;0.13693602
-0.0526;0.1367231
-0.0557;0.13593578
-0.0628;0.13527666
-0.068;0.13376892
-0.0726;0.1326663
-0.0776;0.13169205
-0.0821;0.13063432
-0.0853;0.12968342
-0.089;0.12900789
-0.0896;0.12822744
-0.0905;0.12810098
-0.0885;0.12791125
-0.088;0.1283329
-0.0853;0.12843832
-0.0826;0.12900789
-0.0787;0.12957783
-0.0755;0.13040178
-0.0736;0.13107839
-0.0705;0.13148037
-0.0666;0.13213667
-0.0638;0.13296303
-0.0612;0.13355675
-0.062;0.13410845
-0.0596;0.13393867
-0.058;0.13444816
-0.0548;0.13478796
-0.0526;0.13546798
-0.0486;0.13593578
-0.0451;0.13678697
-0.041;0.13753246
-0.0361;0.1384065
-0.0333;0.13945225
-0.0298;0.14005037
-0.0287;0.14079857
-0.0259;0.14103386
-0.0234;0.141633
-0.02;0.14216834
-0.0191;0.14289689
-0.0191;0.14308986
-0.0174;0.14308986
-0.0155;0.1434544
-0.0144;0.14386208
-0.0114;0.14409813
-0.0097;0.14474234
-0.0078;0.14510763
-0.0048;0.145516
-0.0045;0.14616118
-0.0019;0.14622574
-0.0013;0.14678532
0.0054;0.14691454
0.0094;0.14835836
0.0137;0.14922144
0.0227;0.1501502
0.0302;0.1520971
0.0393;0.15372275
0.0448;0.15569901
0.0533;0.15689558
0.0612;0.15874787
0.0679;0.1604727
0.0748;0.16193804
0.0812;0.16344956
0.0901;0.16485375
0.0956;0.16680992
0.0993;0.16802086
0.1029;0.16883631
0.1047;0.16963048
0.1085;0.1700278
0.1107;0.17086713
0.1085;0.1713534
0.1069;0.17086713
0.1038;0.17051366
0.0992;0.16982912
0.0948;0.1688143
0.0894;0.1678446
0.0823;0.1666559
0.0746;0.1650953
0.0675;0.16340572
0.0635;0.16185047
0.0592;0.16097546
0.058;0.16003571
0.0605;0.15977365
0.0584;0.16031973
0.0614;0.159861
0.0658;0.16051638
0.0692;0.16147849
0.0745;0.16222261
0.0791;0.16338381
0.0799;0.16439274
0.081;0.1645683
0.0849;0.16480982
0.0873;0.16566648
0.0884;0.16619407
0.0881;0.16643597
0.0904;0.16636999
0.0921;0.16687597
0.0952;0.16725005
0.0995;0.16793272
0.1023;0.16888046
0.1058;0.16949807
0.1072;0.1702707
0.1078;0.1705799
0.1108;0.17071246
0.1136;0.17137548
0.1133;0.17199479
0.1132;0.17192844
0.1132;0.17190625
0.1122;0.17190625
0.1116;0.17168508
0.1117;0.17155237
0.1107;0.17157449
0.1057;0.1713534
0.0977;0.17024861
0.0956;0.1684836
0.0921;0.16802086
0.0829;0.16725005
0.0751;0.16522709
0.0675;0.16351533
0.0595;0.16185047
0.0535;0.16010123
0.0498;0.15879147
0.0474;0.15798469
0.0488;0.15746178
0.0495;0.15776676
0.05;0.15791932
0.0496;0.15802832
0.0515;0.1579411
0.0508;0.1583553
0.0508;0.15820268
0.049;0.15820268
0.0491;0.15781038
0.05;0.15783216
0.0392;0.15802832
0.0327;0.15567733
0.0252;0.15426527
0.0142;0.15263867
0.0091;0.15025824
0.0067;0.14915664
0.0041;0.14863877
0.0006;0.14807802
-0.0018;0.14732374
0.0002;0.1468069
-0.0005;0.14723757
-0.0016;0.1470868
-0.0026;0.14684993
-0.003;0.14663464
-0.0037;0.14654855
-0.0032;0.1463979
-0.0017;0.1465055
0.0011;0.1468284
0.0013;0.14743143
-0.0002;0.14747454
0.0071;0.1471514
0.0059;0.14872509
0.0088;0.1484662
0.0164;0.14909194
0.0171;0.15073383
0.0207;0.15088521
0.025;0.1516641
0.0307;0.15259536
0.0386;0.15383123
0.0412;0.15554689
0.0433;0.15611222
0.0457;0.1565691
0.0513;0.15709153
0.0568;0.1583117
0.0587;0.15951163
0.0603;0.15992647
0.0642;0.16027603
0.0694;0.16112854
0.0752;0.16226645
0.0827;0.16353725
0.0936;0.16518316
0.1032;0.16758034
0.1135;0.16969667
0.1235;0.17197265
0.1349;0.17418757
0.147;0.17671886
0.1564;0.17941295
0.1678;0.18151106
0.1746;0.1840617
0.1804;0.18558638
0.1815;0.18688872
0.1772;0.1871359
0.1727;0.18616998
0.1666;0.18516012
0.1599;0.18379293
0.1532;0.18229344
0.1481;0.1807963
0.1441;0.1796582
0.1406;0.1787665
0.139;0.17798698
0.1427;0.17763089
0.1452;0.17845467
0.1464;0.17901166
0.1466;0.17927912
0.1515;0.17932372
0.1562;0.18041678
0.1609;0.18146637
0.1675;0.1825171
0.1714;0.18399453
0.1751;0.18486859
0.1761;0.18569857
0.1784;0.18592298
0.1803;0.18643944
0.1819;0.18686622
0.1793;0.1872258
0.1772;0.1866416
0.1766;0.18616998
0.1726;0.18603528
0.1682;0.18513766
0.1651;0.18415134
0.1612;0.18345702
0.1588;0.18258421
0.1552;0.18204749
0.1533;0.18124294
0.1494;0.18081862
0.1471;0.17994818
0.1452;0.17943518
0.1425;0.17901166
0.1441;0.17841008
0.1423;0.1787665
0.1424;0.17836556
0.1431;0.17838785
0.1419;0.17854373
0.1389;0.17827648
0.1351;0.17760861
0.1312;0.1767633
0.1302;0.17589653
0.1262;0.17567444
0.1247;0.17478648
0.1187;0.17445369
0.1161;0.17312376
0.1122;0.17254801
0.1071;0.17168508
0.1098;0.17055781
0.1073;0.17115442
0.1065;0.17060202
0.1055;0.17042525
0.1044;0.17020443
0.1015;0.16996159
0.1011;0.16932155
0.0997;0.16923332
0.1008;0.16892454
0.0997;0.16916716
0.0983;0.16892454
0.0989;0.16861588
0.1013;0.16874814
0.1024;0.16927743
0.101;0.16952017
0.1007;0.16921125
0.1043;0.1691451
0.1061;0.16993949
0.1038;0.17033695
0.1067;0.16982912
0.1099;0.17046948
0.1116;0.17117655
0.1118;0.17155237
0.1124;0.17159662
0.1115;0.17172934
0.109;0.17153028
0.1046;0.17097762
0.0998;0.17000572
0.0914;0.16894661
0.0834;0.16709603
0.0729;0.1653369
0.0648;0.1630331
0.0575;0.16125974
0.0511;0.15966445
0.046;0.15826808
0.047;0.15715687
0.0505;0.15737467
0.0583;0.15813729
0.0663;0.15983917
0.0762;0.1615879
0.0885;0.1637565
0.0974;0.16645795
0.1069;0.1684175
0.1148;0.17051366
0.1254;0.17226031
0.1324;0.17460895
0.138;0.17616317
0.1377;0.17740837
0.1368;0.17734163
0.1334;0.1771414
0.1301;0.17638539
0.1279;0.17565224
0.1231;0.17516375
0.1204;0.17409888
0.114;0.1735004
0.1109;0.17208327
0.1111;0.17139764
0.1096;0.17144182
0.1076;0.17111024
0.1062;0.17066829
0.1003;0.17035903
0.0973;0.16905683
0.0919;0.16839543
0.0867;0.16720605
0.0816;0.16606215
0.0768;0.16494158
0.0683;0.16388814
0.0608;0.16202562
0.0523;0.16038527
0.0414;0.15852976
0.0348;0.15615574
0.0284;0.15472125
0.0246;0.15333235
0.0226;0.15250868
0.0204;0.15207542
0.0161;0.15159917
0.0146;0.15066895
0.0152;0.15034468
0.0155;0.15047438
0.0146;0.15053923
0.0153;0.15034468
0.0125;0.150496
0.013;0.1498909
0.0109;0.14999895
0.0113;0.14954528
0.0168;0.14963171
0.0168;0.15082034
0.0185;0.15082034
0.0184;0.15118802
0.0178;0.1511664
0.0176;0.15103658
0.0135;0.15099332
0.0085;0.15010695
0.0019;0.14902721
-0.0041;0.14760382
-0.0145;0.14631183
-0.0227;0.1440767
-0.0309;0.14231832
-0.038;0.14056334
-0.0445;0.13904661
-0.046;0.1376603
-0.0457;0.13734068
-0.0455;0.13740458
-0.0503;0.13744721
-0.0503;0.13642511
-0.0537;0.13642511
-0.0502;0.13570184
-0.0459;0.13644636
-0.0432;0.13736196
-0.0383;0.13793737
-0.0305;0.13898256
-0.026;0.14064889
-0.0217;0.1416116
-0.017;0.14253253
-0.0139;0.14354023
-0.0081;0.1442055
-0.0113;0.14545146
-0.0134;0.14476381
-0.0179;0.14431283
-0.0199;0.1433472
-0.0221;0.1429183
-0.0229;0.14244683
-0.0216;0.14227547
-0.0278;0.142554
-0.0298;0.14122641
-0.0322;0.14079857
-0.0406;0.14028543
-0.0439;0.13849181
-0.049;0.13778816
-0.0523;0.13670182
-0.0538;0.13599959
-0.0551;0.13568056
-0.0573;0.13540417
-0.0549;0.13493665
-0.0515;0.1354467
-0.0501;0.13616978
-0.0486;0.13646767
-0.0474;0.13678697
-0.0441;0.1370425
-0.0436;0.13774554
-0.0407;0.13785213
-0.0397;0.13847047
-0.0418;0.13868384
-0.0452;0.13823587
-0.0516;0.1375111
-0.0523;0.13614851
-0.0567;0.13599959
-0.0615;0.13506413
-0.064;0.1340448
-0.0658;0.13351433
-0.0675;0.13313262
-0.0667;0.13277227
-0.0668;0.13294181
-0.0661;0.13292058
-0.0637;0.13306904
-0.06;0.13357794
-0.0559;0.13436322
-0.0524;0.13523413
-0.0465;0.13597831
-0.0419;0.13723418
-0.0373;0.13821457
-0.0305;0.13919602
-0.0261;0.14064889
-0.0208;0.14159021
-0.0173;0.14272544
-0.0154;0.1434759
-0.0176;0.14388357
-0.0215;0.14341155
-0.0245;0.1425754
-0.0253;0.14193277
-0.0251;0.1417615
-0.0253;0.14180428
-0.0245;0.1417615
-0.0236;0.14193277
-0.0206;0.14212553
-0.0176;0.1427683
-0.014;0.14341155
-0.0121;0.14418404
-0.0095;0.14459203
-0.0078;0.14515062
-0.0068;0.145516
-0.0052;0.14573103
-0.0048;0.14607516
-0.0027;0.14616118
-0.0002;0.14661312
0.0046;0.1471514
0.0075;0.14818582
0.0129;0.1488114
0.0169;0.14997731
0.0234;0.1508419
0.0304;0.15224874
0.0368;0.15376617
0.0433;0.15515566
0.0458;0.1565691
0.0519;0.15711331
0.0601;0.1584425
0.0667;0.16023232
0.0725;0.16167541
0.0761;0.16294543
0.0794;0.1637346
0.0832;0.1644586
0.0855;0.16529295
0.0891;0.16579838
0.0937;0.16658992
0.0935;0.16760233
0.0934;0.1675583
0.0913;0.16753627
0.088;0.16707401
0.0848;0.16634794
0.0804;0.16564451
0.0772;0.16467811
0.0748;0.16397585
0.0701;0.16344956
0.0667;0.1624197
0.0644;0.16167541
0.0609;0.16117229
0.0585;0.16040713
0.0562;0.15988283
0.0544;0.15938063
0.0515;0.15898784
0.0521;0.1583553
0.0517;0.15848616
0.0507;0.15839888
0.0522;0.15818089
0.0577;0.15850794
0.0613;0.15970811
0.0606;0.16049457
0.0605;0.16034159
0.0606;0.16031973
0.0655;0.16034159
0.0726;0.16141288
0.0754;0.16296734
0.0791;0.1635811
0.0852;0.16439274
0.0838;0.1657324
0.0846;0.16542476
0.0847;0.16560054
0.0825;0.16562253
0.0793;0.16513923
0.0764;0.16443665
0.0717;0.16380039
0.065;0.16277018
0.0589;0.16130352
0.0531;0.15997021
0.052;0.15870425
0.0491;0.15846433
0.0466;0.15783216
0.0418;0.15728755
0.0445;0.15624273
0.051;0.15683028
0.0543;0.15824631
0.0532;0.15896599
0.0592;0.15872604
0.0614;0.16003571
0.0636;0.16051638
0.0666;0.16099733
0.0625;0.16165353
0.0598;0.1607568
0.0563;0.16016676
0.0531;0.15940246
0.0502;0.15870425
0.0482;0.15807188
0.046;0.15763603
0.0465;0.15715687
0.0441;0.15726575
0.0435;0.15674321
0.0418;0.15661263
0.045;0.15624273
0.0463;0.15693913
0.0497;0.15722223
0.0548;0.15796293
0.0601;0.1590751
0.0642;0.16023232
0.0679;0.16112854
0.069;0.16193804
0.0683;0.16217883
0.0673;0.16202562
0.0682;0.1618067
0.0693;0.1620037
0.0719;0.16224453
0.0739;0.16281396
0.076;0.16325225
0.0787;0.16371268
0.0817;0.16430499
0.084;0.16496353
0.0863;0.16546872
0.0863;0.16597418
0.0884;0.16597418
0.0923;0.16643597
0.0957;0.16729409
0.1012;0.16804285
0.1081;0.1692554
0.1136;0.17077874
0.1182;0.17199479
0.1188;0.17301299
0.1214;0.17314589
0.1208;0.173722
0.1174;0.17358904
0.1147;0.17283586
0.1093;0.17223819
0.1082;0.17104392
0.1102;0.17080083
0.1086;0.17124285
0.1093;0.17088921
0.1108;0.17104392
0.1136;0.17137548
0.1188;0.17199479
0.1221;0.17314589
0.1217;0.17387716
0.1235;0.17378849
0.1273;0.17418757
0.1276;0.17503054
0.1302;0.17509714
0.1333;0.17567444
0.1302;0.17636317
0.1262;0.17567444
0.1222;0.17478648
0.1197;0.17389931
0.1164;0.17334533
0.1138;0.17261443
0.1129;0.17203905
0.111;0.1718399
0.1125;0.17141972
0.1167;0.17175144
0.1193;0.17268085
0.1245;0.17325671
0.1269;0.17440933
0.1325;0.17494181
0.1365;0.1761854
0.1429;0.17707464
0.1506;0.17849922
0.1568;0.18021591
0.1621;0.18160044
0.1563;0.18278556
0.1548;0.18148872
0.1527;0.18115363
0.1556;0.18068466
0.1574;0.1813323
0.1564;0.18173455
0.1501;0.18151106
0.1439;0.18010433
0.1392;0.17872196
0.1335;0.1776754
0.13;0.17640765
0.13;0.17562999
0.1346;0.17562999
0.1401;0.17665215
0.1482;0.1778757
0.1587;0.1796805
0.1695;0.18202512
0.1825;0.18444267
0.1907;0.18736067
0.2081;0.18920577
0.224;0.19313248
0.2372;0.19673444
0.2441;0.19973464
0.2482;0.20130652
0.2552;0.20224173
0.2589;0.20384043
0.2671;0.20468651
0.2741;0.20656408
0.2802;0.20816958
0.2856;0.20957083
0.2911;0.21081284
0.2969;0.21207944
0.2977;0.21341679
0.3002;0.21360141
0.2997;0.21417852
0.2961;0.21406303
0.2891;0.21323225
0.2829;0.2116187
0.2732;0.21019164
0.2648;0.20796303
0.2536;0.20603709
0.2412;0.20347479
0.2306;0.2006456
0.2233;0.19823341
0.2152;0.19657555
0.2057;0.1947393
0.1956;0.19258994
0.1836;0.19030996
0.1742;0.18760799
0.1663;0.18549664
0.1655;0.18372573
0.1657;0.18354654
0.1681;0.1835914
0.1729;0.18412894
0.181;0.18520501
0.1898;0.18702352
0.1957;0.18900311
0.2017;0.19033255
0.2059;0.19168635
0.2085;0.19263512
0.2132;0.19322293
0.2124;0.19428639
0.2098;0.1941053
0.2077;0.19351698
0.2052;0.19304202
0.2024;0.19247694
0.1985;0.19184443
0.1943;0.19096409
0.1907;0.19001693
0.1877;0.18920577
0.1852;0.18853031
0.1825;0.18796779
0.181;0.18736067
0.177;0.18702352
0.1763;0.18612503
0.171;0.18596792
0.1695;0.18477891
0.1655;0.18444267
0.1667;0.18354654
0.166;0.18381529
0.1618;0.18365856
0.1627;0.18271841
0.1629;0.1829198
0.1634;0.18296456
0.1625;0.18307644
0.1602;0.18287505
0.1596;0.18236053
0.1582;0.18222636
0.1582;0.18191335
0.1608;0.18191335
0.1586;0.18249474
0.1615;0.18200278
0.1636;0.18265131
0.1642;0.18312125
0.1658;0.18325551
0.1648;0.18361375
0.1644;0.18338983
0.1636;0.18330029
0.1597;0.18312125
0.155;0.1822487
0.1485;0.18119827
0.1426;0.17974743
0.1372;0.17843239
0.1305;0.17723036
0.127;0.17574108
0.1231;0.17496398
0.1172;0.17409888
0.1163;0.17279157
0.1164;0.17259231
0.1111;0.17261443
0.1085;0.17144182
0.1056;0.17086713
0.0978;0.17022648
0.094;0.16850565
0.0913;0.16766842
0.0872;0.16707401
0.08;0.16617209
0.0747;0.1645903
0.0689;0.16342762
0.063;0.16215694
0.0537;0.16086616
0.0446;0.15883511
0.0379;0.15685205
0.0323;0.15539473
0.0289;0.15417844
0.0276;0.15344074
0.0276;0.15315889
0.0288;0.15315889
0.031;0.15341905
0.0306;0.15389632
0.0324;0.15380952
0.0349;0.15420017
0.0344;0.15474294
0.0303;0.15463433
0.0266;0.15374443
0.022;0.15294206
0.0145;0.15194553
0.0077;0.15032306
0.0004;0.14885452
-0.0004;0.14728063
-0.0055;0.14710833
-0.0062;0.14601062
-0.0036;0.14586006
0.0038;0.1464194
0.0079;0.14801335
0.0144;0.1488977
0.0192;0.15030146
0.0235;0.15133949
0.026;0.15227039
0.0364;0.15281203
0.0356;0.15506878
0.0339;0.15489498
0.0328;0.1545258
0.0325;0.15428695
0.0316;0.15422186
0.0303;0.15402654
0.0297;0.15374443
0.0282;0.1536143
0.0324;0.15328896
0.0414;0.15420017
0.0455;0.15615574
0.0479;0.157048
0.0551;0.15757069
0.0564;0.15914056
0.0607;0.15942429
0.0619;0.1603634
0.0693;0.16062568
0.0724;0.16224453
0.0768;0.16292359
0.0758;0.16388814
0.0735;0.16366881
0.0688;0.16316459
0.0622;0.16213506
0.0548;0.16069123
0.0471;0.1590751
0.0367;0.15739642
0.0272;0.15513396
0.0177;0.15307212
0.0142;0.151015
0.0125;0.15025824
0.0152;0.1498909
0.0206;0.15047438
0.0256;0.15164244
0.0342;0.15272537
0.0396;0.15459092
0.045;0.1557643
0.0466;0.15693913
0.0471;0.15728755
0.0467;0.15739642
0.0459;0.15730928
0.0422;0.15713508
0.0414;0.15632977
0.0384;0.15615574
0.035;0.15550339
0.0338;0.15476465
0.0367;0.15450408
0.0415;0.15513396
0.0426;0.1561775
0.0515;0.15641682
0.0587;0.1583553
0.0652;0.15992647
0.0703;0.16134724
0.0835;0.16246355
0.096;0.16535887
0.1088;0.16810897
0.1231;0.17093341
0.1406;0.17409888
0.1556;0.17798698
0.1707;0.1813323
0.1841;0.18471168
0.1935;0.18772039
0.2001;0.18983653
0.2036;0.19132514
0.204;0.19211546
0.2043;0.1922058
0.2009;0.19227357
0.1965;0.19150575
0.19;0.19051291
0.1848;0.18904811
0.1795;0.18787782
0.1775;0.18668647
0.179;0.18623735
0.1795;0.1865742
0.1802;0.18668647
0.1861;0.18684375
0.1859;0.18817027
0.1855;0.18812531
0.1837;0.18803534
0.179;0.18763044
0.1757;0.1865742
0.1707;0.18583329
0.1666;0.18471168
0.1628;0.18379293
0.1567;0.18294217
0.1519;0.18157807
0.1447;0.18050607
0.1391;0.17890023
0.1315;0.17765312
0.1249;0.1759632
0.1225;0.17449805
0.119;0.17396581
0.1184;0.17319022
0.1195;0.17305735
0.1193;0.17330095
0.1218;0.17325671
0.1247;0.17381066
0.1275;0.17445369
0.134;0.17507495
0.1413;0.17651877
0.1478;0.17814288
0.1526;0.17959131
0.1577;0.18066233
0.1633;0.18180159
0.167;0.18305407
0.1693;0.1838825
0.1711;0.18439785
0.17;0.18480133
0.1708;0.18455471
0.1713;0.18473405
0.1653;0.18484618
0.1602;0.18350178
0.1535;0.18236053
0.1498;0.18086328
0.142;0.18003741
0.1324;0.17829877
0.1271;0.17616317
0.123;0.17498614
0.1199;0.17407668
0.1174;0.17338961
0.118;0.17283586
0.1186;0.17296869
0.1213;0.17310159
0.1256;0.17369983
0.1284;0.1746533
0.1322;0.17527474
0.1349;0.17611873
0.1362;0.17671886
0.1375;0.17700794
0.1363;0.1772971
0.1337;0.17703019
0.1285;0.17645207
0.1229;0.17529695
0.1189;0.17405453
0.1109;0.17316805
0.1055;0.17139764
0.0996;0.17020443
0.0956;0.1689025
0.0935;0.16802086
0.0967;0.1675583
0.0997;0.16826323
0.1063;0.16892454
0.1125;0.17038111
0.1205;0.17175144
0.1285;0.17352255
0.1361;0.17529695
0.1426;0.17698573
0.1496;0.17843239
0.1552;0.1799928
0.1555;0.18124294
0.1562;0.18130995
0.1532;0.18146637
0.1488;0.1807963
0.1446;0.17981432
0.145;0.17887798
0.143;0.17896709
0.1426;0.17852147
0.1467;0.17843239
0.152;0.17934601
0.1587;0.18052837
0.1634;0.18202512
0.171;0.18307644
0.1799;0.18477891
0.1918;0.18677637
0.2001;0.18945353
0.2087;0.19132514
0.2148;0.19326818
0.217;0.19464868
0.2162;0.19514702
0.2164;0.19496578
0.2089;0.1950111
0.1967;0.19331339
0.1831;0.19055802
0.1699;0.18749554
0.1562;0.18453231
0.1433;0.18146637
0.1325;0.17858833
0.1241;0.1761854
0.1163;0.17432067
0.1127;0.17259231
0.1109;0.17179567
0.1139;0.17139764
0.1166;0.17206113
0.1211;0.17265871
0.1255;0.17365554
0.1319;0.17463116
0.1354;0.17605206
0.1392;0.17683004
0.1489;0.1776754
0.1603;0.17983662
0.1709;0.1823829
0.1827;0.1847565
0.1949;0.18740565
0.2105;0.19015215
0.2216;0.19367532
0.2362;0.1961899
0.2471;0.19950703
0.2578;0.20199074
0.268;0.20443489
0.2718;0.20677036
0.2741;0.2076418
0.2742;0.20816958
0.2741;0.20819259
0.2708;0.20816958
0.266;0.20741238
0.2585;0.20631199
0.251;0.204595
0.2429;0.20288093
0.2328;0.201033
0.2249;0.19873357
0.2183;0.19693868
0.2108;0.19544166
0.2082;0.1937432
0.2054;0.19315508
0.2044;0.19252212
0.2051;0.19229616
0.206;0.19245431
0.2072;0.19265772
0.2067;0.19292898
0.2042;0.19281597
0.2011;0.19225095
0.1983;0.1915509
0.1951;0.19091895
0.1872;0.19019721
0.1826;0.1884178
0.176;0.18738315
0.1708;0.18590058
0.1653;0.18473405
0.1601;0.18350178
0.1559;0.18233816
0.1531;0.18139935
0.1517;0.18077394
0.1527;0.18046144
0.1524;0.18068466
0.1562;0.18061768
0.1627;0.18146637
0.1667;0.1829198
0.178;0.18381529
0.1894;0.1863496
0.1996;0.188913
0.2092;0.19121233
0.2234;0.19338124
0.2372;0.19659823
0.2477;0.19973464
0.2566;0.20212764
0.2633;0.20416047
0.2703;0.20569354
0.2763;0.20729768
0.2825;0.20867474
0.2832;0.21009965
0.2869;0.21026064
0.2928;0.2111121
0.2968;0.21247123
0.3018;0.21339372
0.3057;0.214548
0.3073;0.21544927
0.3094;0.21581922
0.3119;0.21630503
0.31;0.21688363
0.3084;0.21644385
0.3065;0.21607366
0.304;0.21563423
0.303;0.21505629
0.2997;0.21482523
0.2967;0.21406303
0.293;0.21337067
0.2877;0.21251732
0.2808;0.21129626
0.2747;0.2097087
0.2685;0.20830737
0.2602;0.20688497
0.2552;0.20498393
0.2491;0.20384043
0.2389;0.20244715
0.2295;0.2001217
0.2215;0.19798341
0.2127;0.19616723
0.2027;0.19417319
0.1933;0.19191216
0.1868;0.1897915
0.1801;0.18832779
0.1729;0.1868213
0.165;0.18520501
0.1583;0.1834346
0.1538;0.1819357
0.1459;0.18093023
0.1389;0.17916772
0.1341;0.17760861
0.1289;0.17654099
0.1235;0.17538574
0.1184;0.17418757
0.1134;0.17305735
0.1107;0.1719505
0.1072;0.1713534
0.1022;0.1705799
0.1003;0.16947602
0.0995;0.16905683
0.0993;0.16888046
0.1028;0.16883631
0.1052;0.16960841
0.1076;0.17013817
0.1122;0.17066829
0.1161;0.17168508
0.1208;0.17254801
0.1271;0.17358904
0.1323;0.17498614
0.1361;0.17614093
0.1408;0.17698573
0.144;0.17803153
0.1454;0.17874426
0.1433;0.17905626
0.1406;0.17858833
0.1372;0.17798698
0.1342;0.17723036
0.1311;0.17656325
0.131;0.17587435
0.1303;0.17585212
0.1306;0.17569666
0.1321;0.17576328
0.1334;0.17609653
0.1333;0.17638539
0.1363;0.17636317
0.1381;0.17703019
0.1407;0.17743057
0.1442;0.17800926
0.1439;0.17878881
0.1429;0.17872196
0.142;0.17849922
0.1403;0.17829877
0.1378;0.17792024
0.1328;0.17736381
0.1287;0.17625205
0.1262;0.17534134
0.1191;0.17478648
0.1132;0.17321236
0.1033;0.17190625
0.092;0.16971876
0.0816;0.16722806
0.0746;0.16494158
0.0661;0.16340572
0.0612;0.16154414
0.0563;0.1604727
0.0559;0.15940246
0.0529;0.15931515
0.0513;0.15866059
0.047;0.1583117
0.0443;0.15737467
0.0372;0.15678674
0.03;0.15524262
0.0206;0.15367939
0.0114;0.15164244
0.0015;0.14965329
-0.0059;0.14751762
-0.0161;0.14592455
-0.0222;0.14373331
-0.0266;0.14242542
-0.0313;0.1414832
-0.0317;0.14047782
-0.0311;0.14039233
-0.0308;0.14052057
-0.0302;0.14058474
-0.0287;0.14071302
-0.024;0.14103386
-0.0189;0.14203984
-0.014;0.14313275
-0.0088;0.14418404
-0.0023;0.14530103
0.0032;0.14669922
0.0083;0.14788401
0.0136;0.14898401
0.0193;0.15012854
0.0237;0.15136111
0.029;0.15231371
0.032;0.15346245
0.036;0.15411332
0.0392;0.15498188
0.0409;0.15567733
0.0413;0.15604702
0.041;0.156134
0.0408;0.15606871
0.0402;0.15602523
0.0379;0.15589476
0.034;0.15539473
0.0298;0.15454753
0.0269;0.15363598
0.0241;0.15300709
0.0219;0.15240033
0.0188;0.15192388
0.0153;0.15125293
0.0153;0.150496
0.0156;0.150496
0.017;0.15056089
0.0209;0.15086359
0.0239;0.1517074
0.027;0.15235704
0.0305;0.1530288
0.035;0.15378785
0.0403;0.15476465
0.0441;0.15591651
0.0478;0.15674321
0.0519;0.15754889
0.0546;0.1584425
0.0579;0.15903147
0.0615;0.1597518
0.0631;0.16053824
0.0667;0.16088799
0.0674;0.16167541
0.0617;0.1618286
0.0601;0.16058198
0.0544;0.16023232
0.0467;0.15898784
0.0388;0.15730928
0.0343;0.15559036
0.0312;0.15461266
0.029;0.15393972
0.0278;0.15346245
0.0296;0.15320225
0.0329;0.1535926
0.0342;0.1543087
0.0378;0.15459092
0.0454;0.15537302
0.0543;0.15702623
0.0653;0.15896599
0.0777;0.16136912
0.0912;0.16408555
0.1042;0.167052
0.1214;0.1699174
0.1263;0.173722
0.1278;0.17480865
0.1269;0.17514156
0.1271;0.17494181
0.1249;0.17498614
0.1251;0.17449805
0.1212;0.17454243
0.1163;0.17367765
0.1097;0.17259231
0.1036;0.17113233
0.0935;0.16978501
0.0863;0.1675583
0.0779;0.16597418
0.0725;0.16412947
0.0661;0.16294543
0.059;0.16154414
0.0515;0.15999201
0.0443;0.1583553
0.0393;0.15678674
0.0374;0.15569901
0.039;0.15528607
0.04;0.15563384
0.044;0.15585124
0.0495;0.15672144
0.0552;0.15791932
0.0618;0.15916237
0.068;0.1606038
0.0739;0.16195993
0.0805;0.16325225
0.0874;0.16470006
0.0879;0.16621608
0.0882;0.16632599
0.0863;0.16639197
0.084;0.16597418
0.0804;0.16546872
0.0759;0.16467811
0.0718;0.16369072
0.0672;0.16279212
0.0631;0.16178483
0.0591;0.16088799
0.0552;0.16001388
0.0561;0.15916237
0.0584;0.15935883
0.061;0.159861
0.0636;0.16042894
0.0653;0.16099733
0.0701;0.16136912
0.0752;0.1624197
0.0796;0.16353725
0.0833;0.16450246
0.0874;0.16531494
0.0887;0.16621608
0.0894;0.16650195
0.0882;0.1666559
0.0879;0.16639197
0.0894;0.16632599
0.0902;0.1666559
0.085;0.16683193
0.0853;0.1656885
0.0865;0.16575441
0.0868;0.16601816
0.0886;0.1660841
0.0912;0.16647993
0.0943;0.167052
0.0972;0.16773449
0.1005;0.1683734
0.1035;0.16910097
0.1055;0.16976288
0.1032;0.17020443
0.0988;0.16969667
0.0931;0.16872609
0.0897;0.16747022
0.0866;0.1667219
0.0822;0.16604017
0.0803;0.16507335
0.0786;0.16465613
0.077;0.16428302
0.0776;0.16393198
0.0794;0.16406365
0.0823;0.1644586
0.0882;0.1650953
0.093;0.16639197
0.0965;0.16744821
0.1003;0.16821913
0.1016;0.16905683
0.1075;0.16934364
0.1131;0.1706462
0.1179;0.17188418
0.1191;0.17294657
0.1189;0.17321236
0.1172;0.17316805
0.1139;0.17279157
0.1095;0.17206113
0.1087;0.17108813
0.1055;0.17091133
0.1024;0.17020443
0.106;0.16952017
0.1095;0.17031488
0.1153;0.17108813
0.1227;0.17237097
0.1332;0.1740102
0.145;0.17634094
0.1543;0.17896709
0.1633;0.18104193
0.1734;0.18305407
0.1808;0.18531714
0.1853;0.18697861
0.1836;0.18799032
0.182;0.18760799
0.1809;0.18724829
0.1775;0.18700106
0.1728;0.18623735
0.1675;0.18518257
0.1559;0.18399453
0.1466;0.18139935
0.1369;0.17932372
0.1309;0.17716365
0.1236;0.17582989
0.1181;0.17420973
0.1164;0.17299086
0.1157;0.17261443
0.1192;0.17245951
0.1236;0.17323452
0.132;0.17420973
0.1381;0.1760743
0.1401;0.17743057
0.1379;0.1778757
0.1383;0.17738612
0.1399;0.17747511
0.1402;0.17783119
0.1425;0.17789796
0.1423;0.17841008
0.1467;0.17836556
0.1488;0.17934601
0.1515;0.17981432
0.1506;0.18041678
0.1508;0.18021591
0.147;0.18026054
0.1378;0.17941295
0.1293;0.17736381
0.1189;0.17547454
0.1068;0.17316805
0.0944;0.1704915
0.086;0.16775648
0.0793;0.16590826
0.0744;0.16443665
0.07;0.16336185
0.071;0.16239785
0.0756;0.16261685
0.0796;0.16362497
0.088;0.16450246
0.0981;0.16634794
0.1042;0.16857177
0.1105;0.1699174
0.1213;0.17130919
0.1298;0.17369983
0.1404;0.17558563
0.1561;0.17794248
0.1699;0.181444
0.1848;0.18453231
0.2004;0.18787782
0.2204;0.19139288
0.242;0.19591773
0.2536;0.20082788
0.2692;0.20347479
0.2872;0.20704547
0.3046;0.21118113
0.32;0.21519497
0.3367;0.21876058
0.3465;0.2226411
0.3545;0.22492513
0.3588;0.22679323
0.3589;0.22779879
0.3591;0.22782218
0.3562;0.22786894
0.3502;0.22719066
0.3409;0.22578871
0.3301;0.22361939
0.3173;0.22110575
0.3059;0.21813457
0.2941;0.21549548
0.2834;0.21277097
0.2802;0.21030666
0.2663;0.20957083
0.2602;0.20638071
0.2458;0.20498393
0.2313;0.2016942
0.2166;0.19839248
0.1991;0.19505638
0.1822;0.19109946
0.1704;0.18729323
0.1587;0.18464442
0.1526;0.18202512
0.1479;0.18066233
0.1433;0.17961365
0.1405;0.17858833
0.1425;0.17796478
0.1464;0.17841008
0.1476;0.17927912
0.1515;0.17954668
0.1553;0.18041678
0.1565;0.18126526
0.1583;0.1815334
0.1567;0.1819357
0.1545;0.18157807
0.1509;0.18108658
0.1474;0.18028285
0.1419;0.17950213
0.1392;0.17827648
0.1382;0.1776754
0.1344;0.17745288
0.1333;0.1766077
0.1319;0.17636317
0.1298;0.17605206
0.127;0.17558563
0.1252;0.17496398
0.1239;0.17456461
0.12;0.17427626
0.1182;0.17341176
0.1171;0.17301299
0.1108;0.17276941
0.1093;0.17137548
0.1085;0.17104392
0.1055;0.17086713
0.1009;0.17020443
0.0962;0.16918918
0.0897;0.16815302
0.0821;0.1667219
0.0747;0.16505136
0.0671;0.16342762
0.058;0.16176297
0.0519;0.15977365
0.0444;0.1584425
0.036;0.1568085
0.0315;0.15498188
0.0283;0.15400484
0.0261;0.15331063
0.0235;0.15283372
0.0214;0.15227039
0.0162;0.15181561
0.0131;0.15069059
0.0081;0.15002054
0.0056;0.14894086
-0.0023;0.14840148
-0.0105;0.14669922
-0.0177;0.14493568
-0.0244;0.14339009
-0.027;0.1419542
-0.0317;0.1413976
-0.0343;0.14039233
-0.037;0.13983671
-0.0399;0.13926007
-0.0434;0.13864115
-0.0473;0.13789473
-0.0506;0.13706377
-0.0557;0.13636126
-0.061;0.13527666
-0.0662;0.1341509
-0.0721;0.1330478
-0.0774;0.1317979
-0.0815;0.13067661
-0.0843;0.12981017
-0.0852;0.12921894
-0.0842;0.12902902
-0.0812;0.12924005
-0.0769;0.12987354
-0.074;0.13078232
-0.0708;0.13139574
-0.0677;0.13207315
-0.0643;0.13272987
-0.06;0.1334507
-0.0537;0.13436322
-0.0492;0.13570184
-0.0441;0.13665922
-0.0349;0.13774554
-0.0276;0.13970853
-0.0212;0.14126919
-0.0163;0.14263971
-0.0143;0.1436904
-0.0105;0.14411962
-0.0093;0.14493568
-0.0091;0.14519356
-0.0093;0.14523655
-0.0108;0.14519356
-0.0085;0.14487125
-0.0058;0.14536549
-0.002;0.14594609
-0.0004;0.1467638
0.0005;0.14710833
-0.0015;0.14730215
-0.0001;0.14687149
-0.0008;0.14717294
-0.0018;0.1470222
-0.0017;0.1468069
-0.0007;0.1468284
-0.0004;0.14704373
-0.001;0.14710833
0.0033;0.14697912
0.0068;0.14790557
0.0105;0.14866033
0.0133;0.14945894
0.0168;0.15006374
0.0191;0.15082034
0.0206;0.15131783
0.0234;0.15164244
0.0254;0.15224874
0.0273;0.15268204
0.0277;0.15309383
0.0263;0.15318054
0.0272;0.15287708
0.0274;0.15307212
0.0271;0.15311551
0.0273;0.15305045
0.025;0.15309383
0.0246;0.15259536
0.0251;0.15250868
0.023;0.152617
0.02;0.15216209
0.0165;0.15151262
0.0173;0.15075547
0.0175;0.15092845
0.0198;0.15097173
0.0225;0.15146932
0.0281;0.1520538
0.0317;0.15326726
0.0364;0.15404822
0.0398;0.15506878
0.0419;0.15580775
0.0432;0.15626451
0.0425;0.15654735
0.0435;0.156395
0.044;0.15661263
0.0422;0.15672144
0.0413;0.15632977
0.045;0.156134
0.0476;0.15693913
0.0533;0.1575053
0.0617;0.15874787
0.0723;0.16058198
0.0867;0.16290164
0.1013;0.16606215
0.1187;0.16927743
0.1356;0.17312376
0.1481;0.17687452
0.1574;0.1796582
0.1646;0.18173455
0.1667;0.18334506
0.1635;0.18381529
0.1585;0.18309882
0.1505;0.1819804
0.1358;0.1801936
0.1263;0.17691897
0.119;0.17480865
0.1099;0.17319022
0.1038;0.17117655
0.0899;0.16982912
0.0746;0.16676591
0.068;0.16340572
0.0613;0.16195993
0.0536;0.16049457
0.0459;0.1588133
0.0379;0.15713508
0.0338;0.15539473
0.0286;0.15450408
0.0252;0.15337569
0.0209;0.15263867
0.0175;0.1517074
0.0123;0.15097173
0.0068;0.1498477
0.0013;0.14866033
-0.0027;0.14747454
-0.0041;0.14661312
-0.0069;0.14631183
-0.0096;0.14570951
-0.0085;0.14512908
-0.0073;0.14536549
-0.0055;0.1456235
-0.0012;0.14601062
0.0042;0.14693604
0.0096;0.14809959
0.0177;0.14926462
0.0258;0.151015
0.0339;0.15276869
0.0413;0.1545258
0.0522;0.156134
0.0642;0.15850794
0.0738;0.16112854
0.0854;0.16323036
0.0938;0.16577637
0.1;0.16762437
0.1026;0.16899072
0.1047;0.16956426
0.1063;0.1700278
0.1081;0.17038111
0.1108;0.17077874
0.1116;0.17137548
0.1138;0.17155237
0.1169;0.17203905
0.1184;0.17272514
0.121;0.17305735
0.1212;0.17363332
0.1168;0.17367765
0.1132;0.172703
0.1077;0.17190625
0.1005;0.17069036
0.0914;0.16910097
0.0786;0.16709603
0.0718;0.16428302
0.0616;0.16279212
0.0518;0.16056015
0.0468;0.1584207
0.0415;0.15733108
0.0378;0.1561775
0.0358;0.15537302
0.0335;0.15493841
0.0346;0.15443894
0.0399;0.1546778
0.0419;0.15582952
0.0498;0.15626451
0.0491;0.15798469
0.0482;0.15783216
0.0506;0.15763603
0.0479;0.1581591
0.0456;0.15757069
0.045;0.15706976
0.0459;0.15693913
0.0473;0.15713508
0.0481;0.15743998
0.049;0.15761428
0.049;0.15781038
0.0516;0.15781038
0.0545;0.1583771
0.0551;0.15900964
0.0607;0.15914056
0.0639;0.1603634
0.0698;0.16106294
0.0755;0.16235399
0.0814;0.16360302
0.0879;0.16489762
0.0924;0.16632599
0.0967;0.16731614
0.1049;0.16826323
0.1127;0.17007196
0.119;0.17179567
0.122;0.17319022
0.1251;0.17385502
0.1283;0.17454243
0.1296;0.17525256
0.1284;0.17554118
0.1299;0.17527474
0.1351;0.17560783
0.135;0.1767633
0.1317;0.1767411
0.1269;0.17600761
0.1198;0.17494181
0.1142;0.17336743
0.1082;0.17212752
0.1008;0.17080083
0.0958;0.16916716
0.0901;0.1680649
0.0879;0.16680992
0.0872;0.16632599
0.0894;0.16617209
0.0929;0.1666559
0.0952;0.1674262
0.0988;0.16793272
0.1041;0.16872609
0.11;0.16989534
0.1181;0.17119865
0.1245;0.17299086
0.1306;0.17440933
0.1372;0.17576328
0.1456;0.17723036
0.1538;0.17910081
0.1588;0.18093023
0.1627;0.18204749
0.1652;0.1829198
0.1705;0.1834794
0.1712;0.1846668
0.1722;0.18482377
0.1675;0.185048
0.1674;0.18399453
0.1673;0.18397209
0.1718;0.18394966
0.1768;0.18495831
0.1834;0.18608019
0.1897;0.187563
0.1958;0.18898056
0.2045;0.19035503
0.2099;0.19231874
0.216;0.1935396
0.2228;0.1949205
0.2239;0.19646208
0.2282;0.19671173
0.2289;0.19768807
0.2284;0.19784705
0.2269;0.1977335
0.2231;0.19739279
0.2227;0.19653016
0.2222;0.1964394
0.2236;0.19632602
0.2255;0.19664364
0.2288;0.19707488
0.2334;0.19782437
0.2331;0.19887
0.2326;0.19880179
0.2322;0.1986881
0.2304;0.19859716
0.2265;0.19818795
0.2233;0.19730194
0.2213;0.19657555
0.2195;0.19612186
0.2167;0.19571367
0.2162;0.19507909
0.2183;0.19496578
0.22;0.19544166
0.2242;0.195827
0.2269;0.1967798
0.2306;0.19739279
0.2347;0.19823341
0.2348;0.19916573
0.2349;0.19918846
0.2328;0.19921124
0.2322;0.19873357
0.2319;0.19859716
0.2331;0.19852892
0.2353;0.19880179
0.2418;0.19930223
0.249;0.2007823
0.2564;0.20242429
0.2672;0.20411474
0.2778;0.20658697
0.2868;0.20901927
0.2997;0.21108906
0.3084;0.21406303
0.3177;0.21607366
0.3246;0.21822731
0.3283;0.21982807
0.3269;0.22068745
0.3236;0.22036222
0.317;0.21959588
0.3094;0.21806504
0.3002;0.21630503
0.2922;0.21417852
0.2831;0.21233295
0.2724;0.21023767
0.2623;0.20777948
0.2519;0.2054646
0.2418;0.20308645
0.2333;0.2007823
0.2275;0.19884725
0.2208;0.19752906
0.2127;0.19600841
0.2046;0.19417319
0.197;0.19234137
0.1866;0.1906257
0.1781;0.1882828
0.1688;0.18637209
0.16;0.18428576
0.1534;0.1823158
0.1478;0.18084091
0.1415;0.17959131
0.1357;0.1781874
0.1312;0.1768967
0.1267;0.17589653
0.1195;0.1748974
0.1164;0.17330095
0.1149;0.17261443
0.1116;0.17228244
0.1094;0.17155237
0.1081;0.17106602
0.1032;0.17077874
0.1007;0.16969667
0.0941;0.1691451
0.0881;0.16769043
0.083;0.16636999
0.0794;0.16524905
0.077;0.1644586
0.0762;0.16393198
0.0758;0.1637565
0.0784;0.16366881
0.0804;0.16423917
0.0818;0.16467811
0.0865;0.16498548
0.0903;0.16601816
0.0942;0.16685392
0.099;0.16771245
0.1057;0.1687702
0.1084;0.17024861
0.1113;0.17084503
0.1181;0.17148605
0.126;0.17299086
0.1355;0.17474209
0.1412;0.17685226
0.143;0.17812061
0.1425;0.17852147
0.1427;0.17841008
0.1364;0.17845467
0.1315;0.17705241
0.1245;0.1759632
0.1158;0.17440933
0.1094;0.1724816
0.1027;0.17106602
0.0973;0.16958633
0.0914;0.16839543
0.0883;0.16709603
0.0872;0.16641396
0.0833;0.16617209
0.0797;0.16531494
0.0762;0.16452447
0.0738;0.1637565
0.0671;0.16323036
0.0606;0.16176297
0.0548;0.16034159
0.0482;0.1590751
0.0435;0.15763603
0.0364;0.15661263
0.0329;0.15506878
0.027;0.1543087
0.0208;0.1530288
0.0179;0.15168574
0.0153;0.15105826
0.0112;0.150496
0.0084;0.14961012
0.0117;0.14900562
0.0126;0.14971809
0.0142;0.14991249
0.0155;0.15025824
0.0187;0.15053923
0.0217;0.15123129
0.0256;0.1518806
0.0287;0.15272537
0.0301;0.15339741
0.0312;0.15370104
0.0345;0.15393972
0.0384;0.15465608
0.0435;0.15550339
0.0469;0.15661263
0.0522;0.15735288
0.0535;0.15850794
0.0553;0.15879147
0.0536;0.15918422
0.0532;0.1588133
0.0466;0.15872604
0.0413;0.15728755
0.0361;0.156134
0.0325;0.15500359
0.0282;0.15422186
0.0256;0.15328896
0.0277;0.15272537
0.0287;0.15318054
0.0318;0.15339741
0.0341;0.1540699
0.0394;0.15456921
0.0423;0.1557208
0.0445;0.15635152
0.046;0.15683028
0.0442;0.15715687
0.0438;0.156765
0.0398;0.15667793
0.0376;0.15580775
0.035;0.15532953
0.0346;0.15476465
0.0351;0.1546778
0.037;0.15478641
0.04;0.15519914
0.0449;0.15585124
0.0477;0.15691738
0.0477;0.15752712
0.0457;0.15752712
0.0468;0.15709153
0.0491;0.15733108
0.0512;0.15783216
0.0533;0.15828988
0.0538;0.15874787
0.0554;0.1588569
0.0577;0.15920602
0.0592;0.15970811
0.0629;0.16003571
0.0617;0.16084428
0.0601;0.16058198
0.0582;0.16023232
0.0532;0.15981737
0.0513;0.15872604
0.0496;0.1583117
0.048;0.1579411
0.0476;0.15759249
0.0471;0.1575053
0.0458;0.15739642
0.0473;0.15711331
0.0496;0.15743998
0.0524;0.1579411
0.0548;0.15855156
0.0577;0.1590751
0.0614;0.15970811
0.0618;0.16051638
0.0607;0.1606038
0.0562;0.1603634
0.0553;0.15938063
0.0544;0.15918422
0.053;0.15898784
0.0528;0.15868244
0.0555;0.15863879
0.0614;0.15922785
0.0672;0.16051638
0.0733;0.16178483
0.0825;0.16312075
0.0933;0.16513923
0.1038;0.16751426
0.1087;0.16982912
0.1138;0.17091133
0.118;0.17203905
0.1209;0.17296869
0.1217;0.17361116
0.119;0.17378849
0.115;0.17319022
0.1091;0.17230454
0.1026;0.17099972
0.0957;0.16956426
0.0862;0.16804285
0.0789;0.1659522
0.0681;0.16434884
0.0585;0.1619818
0.0494;0.15988283
0.0447;0.15789752
0.0367;0.15687384
0.0302;0.15513396
0.0244;0.15372275
0.0188;0.15246533
0.017;0.15125293
0.0216;0.15086359
0.0237;0.15185896
0.0287;0.15231371
0.0355;0.15339741
0.0409;0.15487325
0.0492;0.15604702
0.0565;0.15785395
0.0626;0.15944612
0.0654;0.1607787
0.0703;0.16139098
0.0742;0.16246355
0.0757;0.16331802
0.0759;0.16364689
0.0766;0.16369072
0.0774;0.16384426
0.0781;0.16401976
0.0804;0.16417333
0.084;0.16467811
0.0879;0.16546872
0.0908;0.16632599
0.0944;0.16696393
0.0978;0.16775648
0.1006;0.16850565
0.1039;0.16912302
0.1081;0.16985117
0.1108;0.17077874
0.1153;0.17137548
0.1189;0.17237097
0.1239;0.17316805
0.1282;0.17427626
0.1351;0.17523034
0.1407;0.1767633
0.1485;0.17800926
0.1584;0.17974743
0.1668;0.18195806
0.1764;0.18383774
0.1852;0.18599035
0.1918;0.18796779
0.197;0.18945353
0.1976;0.1906257
0.1992;0.19076106
0.2004;0.19112204
0.198;0.19139288
0.1966;0.19085126
0.1942;0.19053546
0.1895;0.18999435
0.1853;0.18893556
0.1811;0.18799032
0.1737;0.18704599
0.17;0.18538447
0.1673;0.18455471
0.1627;0.18394966
0.1566;0.1829198
0.1531;0.18155575
0.1488;0.18077394
0.1456;0.17981432
0.1416;0.17910081
0.1402;0.17820966
0.14;0.17789796
0.1406;0.17785345
0.1388;0.17798698
0.138;0.17758638
0.137;0.17740837
0.1383;0.17718588
0.1413;0.17747511
0.1455;0.17814288
0.1495;0.17907853
0.1574;0.17997049
0.1619;0.18173455
0.167;0.18274081
0.1703;0.1838825
0.1734;0.18462202
0.1749;0.18531714
0.1765;0.18565369
0.1748;0.1860128
0.1721;0.18563125
0.1662;0.18502557
0.1601;0.18370335
0.1579;0.18233816
0.1558;0.18184629
0.1582;0.181377
0.1627;0.18191335
0.1666;0.1829198
0.1776;0.18379293
0.1865;0.18625976
0.1987;0.18826026
0.2068;0.19100916
0.2123;0.1928386
0.2175;0.19408263
0.2203;0.19526035
0.2198;0.19589509
0.2168;0.19578168
0.2137;0.19510172
0.2065;0.1943996
0.2009;0.19277075
0.1958;0.19150575
0.1898;0.19035503
0.1872;0.18900311
0.1831;0.1884178
0.1816;0.18749554
0.1811;0.18715836
0.18;0.18704599
0.1775;0.18679887
0.1743;0.18623735
0.1717;0.18551905
0.1673;0.18493585
0.1643;0.18394966
0.1586;0.18327788
0.153;0.18200278
0.1478;0.18075162
0.142;0.17959131
0.1382;0.17829877
0.134;0.17745288
0.1319;0.17651877
0.1273;0.17605206
0.1242;0.17503054
0.1232;0.17434281
0.1243;0.17412102
0.1262;0.17436495
0.1273;0.17478648
0.1296;0.17503054
0.1314;0.17554118
0.1339;0.17594099
0.1338;0.17649655
0.1344;0.1764743
0.1312;0.1766077
0.1288;0.17589653
0.1299;0.17536357
0.1286;0.17560783
0.1278;0.17531914
0.1286;0.17514156
0.1297;0.17531914
0.1322;0.1755634
0.1332;0.17611873
0.1357;0.17634094
0.1428;0.1768967
0.1482;0.17847694
0.1529;0.1796805
0.1606;0.1807293
0.1679;0.18245003
0.1762;0.1840841
0.1853;0.18594548
0.198;0.18799032
0.2045;0.19085126
0.2108;0.19231874
0.2164;0.1937432
0.2211;0.1950111
0.213;0.19607647
0.2154;0.1942411
0.2181;0.1947846
0.2219;0.19539635
0.2262;0.19625796
0.2315;0.19723383
0.2392;0.19843797
0.2479;0.20019001
0.2572;0.20217328
0.2641;0.20429766
0.2787;0.20587674
0.288;0.20922607
0.2978;0.21136539
0.3081;0.21362449
0.3174;0.21600427
0.3286;0.21815774
0.334;0.22075713
0.3428;0.22201274
0.3512;0.2240622
0.3589;0.22602221
0.3665;0.22782218
0.3708;0.22960173
0.3742;0.23060995
0.3815;0.23140779
0.3861;0.2331229
0.3876;0.23420507
0.3918;0.23455824
0.3977;0.23554757
0.4048;0.23693892
0.4002;0.23861569
0.4009;0.23752907
0.3953;0.23769432
0.3845;0.23637272
0.3686;0.23382854
0.3497;0.23009403
0.3287;0.22567198
0.3048;0.22078039
0.2811;0.2152412
0.2585;0.20977771
0.2421;0.204595
0.2242;0.20085065
0.2093;0.1967798
0.2017;0.19340384
0.1972;0.19168635
0.1921;0.19067082
0.1891;0.18952112
0.189;0.18884547
0.1835;0.18882295
0.1813;0.18758552
0.1783;0.18709093
0.1766;0.18641697
0.1744;0.18603528
0.1721;0.1855415
0.1713;0.18502557
0.1732;0.18484618
0.1758;0.18527228
0.1787;0.18585567
0.1818;0.18650681
0.1855;0.18720335
0.1883;0.18803534
0.1877;0.18866538
0.1882;0.18853031
0.1851;0.18864284
0.1803;0.1879453
0.1744;0.18686622
0.1674;0.1855415
0.1607;0.18397209
0.1541;0.18247233
0.1483;0.18099724
0.149;0.1797028
0.1476;0.17985894
0.1425;0.17954668
0.1366;0.17841008
0.1296;0.1770969
0.1205;0.17554118
0.1144;0.17352255
0.1051;0.17217179
0.0995;0.17011614
0.0941;0.16888046
0.0913;0.16769043
0.0898;0.16707401
0.091;0.1667439
0.0904;0.16700794
0.0917;0.16687597
0.0928;0.16716202
0.0933;0.16740417
0.0927;0.16751426
0.09;0.16738215
0.088;0.16678791
0.0839;0.16634794
0.0775;0.16544673
0.0702;0.16404171
0.0621;0.16244163
0.0539;0.16066942
0.0441;0.15887874
0.0356;0.15674321
0.0317;0.15489498
0.0282;0.15404822
0.0249;0.15328896
0.0247;0.15257366
0.0217;0.15253033
0.0197;0.1518806
0.0222;0.15144767
0.0221;0.15198886
0.0253;0.15196718
0.0277;0.15266034
0.0299;0.15318054
0.032;0.15365769
0.0339;0.15411332
0.0385;0.1545258
0.0411;0.15552515
0.0447;0.15609047
0.0457;0.15687384
0.0493;0.15709153
0.0515;0.15787575
0.0545;0.1583553
0.0589;0.15900964
0.0639;0.15997021
0.0684;0.16106294
0.0727;0.16204748
0.0769;0.16298927
0.0788;0.16391008
0.0792;0.16432694
0.0774;0.16441475
0.0752;0.16401976
0.0715;0.16353725
0.0689;0.16272633
0.0646;0.16215694
0.0608;0.161216
0.0543;0.16038527
0.0466;0.15896599
0.0418;0.15728755
0.0354;0.15624273
0.0304;0.15485156
0.0271;0.15376617
0.0239;0.15305045
0.0223;0.15235704
0.0213;0.1520105
0.0193;0.151794
0.0173;0.15136111
0.0108;0.15092845
0.0085;0.14952369
0.0095;0.14902721
0.0102;0.14924304
0.0101;0.14939414
0.0114;0.14937258
0.0167;0.14965329
0.0211;0.15079871
0.0252;0.1517507
0.032;0.15263867
0.0397;0.15411332
0.0472;0.15578601
0.0545;0.15741822
0.0574;0.15900964
0.0631;0.15964264
0.0652;0.16088799
0.0672;0.16134724
0.0693;0.16178483
0.0697;0.16224453
0.0701;0.16233212
0.0703;0.1624197
0.0705;0.16246355
0.0708;0.16250731
0.071;0.16257301
0.0706;0.16261685
0.0716;0.16252926
0.071;0.16274828
0.0698;0.16261685
0.0681;0.16235399
0.0662;0.1619818
0.0669;0.161566
0.0635;0.16171917
0.0656;0.16097546
0.0656;0.16143472
0.0659;0.16143472
0.0687;0.16150036
0.0687;0.16211312
0.0689;0.16211312
0.0715;0.16215694
0.0715;0.16272633
0.0707;0.16272633
0.0708;0.16255112
0.0697;0.16257301
0.0676;0.16233212
0.0656;0.16187236
0.0633;0.16143472
0.0619;0.16093169
0.0567;0.16062568
0.055;0.15948978
0.0545;0.15911877
0.0523;0.15900964
0.0499;0.15852976
0.0492;0.15800649
0.0518;0.15785395
0.0557;0.1584207
0.0575;0.1592715
0.0602;0.15966445
0.0662;0.16025415
0.0767;0.161566
0.0835;0.1638662
0.0908;0.16535887
0.0972;0.16696393
0.1065;0.1683734
0.1166;0.17042525
0.1236;0.17265871
0.1317;0.17420973
0.1367;0.17600761
0.1427;0.17711914
0.1473;0.17845467
0.1491;0.1794798
0.1551;0.17988124
0.1587;0.18122062
0.1619;0.18202512
0.163;0.18274081
0.1664;0.18298697
0.1656;0.18374811
0.1659;0.18356897
0.167;0.18363613
0.169;0.1838825
0.1711;0.18433063
0.1701;0.18480133
0.1691;0.18457715
0.1652;0.18435302
0.1611;0.1834794
0.1547;0.18256181
0.1469;0.18113123
0.1362;0.17939062
0.1258;0.17700794
0.1165;0.17469773
0.1079;0.1726366
0.1004;0.17073455
0.0936;0.16907895
0.0862;0.16758034
0.0876;0.1659522
0.0867;0.16626003
0.0917;0.16606215
0.0968;0.16716202
0.1047;0.16828525
0.1145;0.1700278
0.1238;0.17219387
0.1313;0.17425409
0.1401;0.17591879
0.1473;0.1778757
0.1519;0.1794798
0.1539;0.18050607
0.1561;0.18095261
0.1561;0.181444
0.1535;0.181444
0.15;0.18086328
0.146;0.18008204
0.1435;0.17918998
0.1413;0.17863286
0.14;0.17814288
0.1406;0.17785345
0.1429;0.17798698
0.1455;0.17849922
0.1473;0.17907853
0.1501;0.1794798
0.1524;0.18010433
0.1544;0.18061768
0.1585;0.18106426
0.1659;0.1819804
0.1722;0.18363613
0.1788;0.185048
0.1857;0.18652928
0.192;0.18808028
0.1963;0.1894986
0.1967;0.19046783
0.1997;0.19055802
0.1978;0.19123487
0.1978;0.19080615
0.1946;0.19080615
0.1926;0.19008458
0.1899;0.18963376
0.1868;0.18902563
0.1844;0.18832779
0.1793;0.18778789
0.1764;0.1866416
0.1747;0.18599035
0.175;0.18560882
0.1776;0.18567614
0.1765;0.18625976
0.1771;0.1860128
0.1747;0.18614751
0.1735;0.18560882
0.1719;0.18533957
0.173;0.18498072
0.1741;0.18522742
0.1709;0.18547419
0.1641;0.1847565
0.1572;0.18323313
0.1485;0.18168983
0.1397;0.17974743
0.1275;0.17778666
0.1166;0.17507495
0.1065;0.17265871
0.0963;0.17042525
0.0898;0.16817504
0.083;0.1667439
0.0809;0.16524905
0.0788;0.16478787
0.0793;0.16432694
0.0796;0.16443665
0.0838;0.16450246
0.0887;0.16542476
0.0939;0.16650195
0.0948;0.16764641
0.1002;0.1678446
0.1107;0.16903481
0.1216;0.1713534
0.134;0.17376631
0.1501;0.17651877
0.1624;0.18010433
0.1728;0.18285264
0.1794;0.18518257
0.1836;0.18666404
0.1856;0.18760799
0.1846;0.18805782
0.1838;0.18783289
0.18;0.18765298
0.1745;0.18679887
0.169;0.18556395
0.1625;0.18433063
0.157;0.18287505
0.1514;0.18164513
0.1458;0.18039447
0.1432;0.17914537
0.1415;0.17856604
0.1396;0.1781874
0.1396;0.17776442
0.1357;0.17776442
0.1359;0.1768967
0.1351;0.17694122
0.139;0.1767633
0.1418;0.17763089
0.1454;0.17825423
0.1501;0.17905626
0.1555;0.18010433
0.1672;0.18130995
0.1761;0.18392731
0.186;0.18592298
0.1994;0.18814777
0.2144;0.19116715
0.2257;0.19455808
0.2369;0.19712031
0.2464;0.19966637
0.2545;0.20183109
0.2593;0.20368044
0.2648;0.20477803
0.2666;0.20603709
0.2663;0.20644946
0.2651;0.20638071
0.2639;0.2061058
0.263;0.2058309
0.2626;0.20562482
0.2624;0.20553327
0.2625;0.20548749
0.267;0.20551035
0.272;0.20654115
0.2769;0.20768766
0.284;0.20881256
0.2919;0.21044466
0.3011;0.21226376
0.3105;0.21438634
0.3213;0.21655956
0.328;0.21906216
0.3313;0.22061771
0.3345;0.22138473
0.3349;0.22212915
0.3365;0.22222218
0.3367;0.22259453
0.3315;0.2226411
0.3255;0.22143126
0.3207;0.220037
0.3152;0.21892296
0.3085;0.21764794
0.3028;0.2160968
0.2971;0.21477897
0.2931;0.21346296
0.2874;0.21254039
0.284;0.21122716
0.2762;0.21044466
0.2729;0.2086518
0.2688;0.2078942
0.2671;0.20695376
0.2655;0.20656408
0.2667;0.2061974
0.2672;0.20647238
0.2675;0.20658697
0.2692;0.20665573
0.2686;0.20704547
0.2668;0.20690791
0.2637;0.20649531
0.2595;0.2057851
0.2535;0.20482376
0.2488;0.20345195
0.2415;0.20237869
0.2354;0.20071395
0.2322;0.19932498
0.2347;0.19859716
0.2362;0.19916573
0.2383;0.19950703
0.2501;0.19998504
0.261;0.20267543
0.2742;0.205167
0.2881;0.20819259
0.2972;0.21138836
0.3025;0.21348602
0.3076;0.2147097
0.3066;0.21588862
0.3006;0.21565737
0.2923;0.21427089
0.2777;0.21235599
0.2651;0.2089963
0.2536;0.2061058
0.2425;0.20347479
0.2345;0.20094183
0.2296;0.1991202
0.2253;0.19800612
0.2232;0.19702947
0.2275;0.19655284
0.2281;0.19752906
0.2269;0.19766532
0.2297;0.19739279
0.2314;0.19802886
0.2249;0.19841525
0.2224;0.19693868
0.2169;0.19637138
0.2113;0.19512437
0.2072;0.19385634
0.203;0.19292898
0.2005;0.19197991
0.2024;0.19141541
0.2044;0.19184443
0.2061;0.19229616
0.2087;0.19268033
0.2073;0.19326818
0.2052;0.19295159
0.1996;0.19247694
0.1923;0.19121233
0.1824;0.18956618
0.1629;0.18733819
0.1456;0.18296456
0.1262;0.17910081
0.1053;0.17478648
0.0875;0.17016031
0.0683;0.16623804
0.05;0.16202562
0.0355;0.15802832
0.0223;0.15487325
0.0118;0.1520105
0.0021;0.1497397
-0.0058;0.14764692
-0.0076;0.14594609
-0.0094;0.14555901
-0.0072;0.14517209
-0.0036;0.145645
0.0002;0.1464194
0.004;0.14723757
0.0087;0.14805646
0.0146;0.14907034
0.0217;0.15034468
0.0259;0.1518806
0.0284;0.15279038
0.0309;0.15333235
0.032;0.15387464
0.0316;0.15411332
0.0299;0.15402654
0.029;0.15365769
0.0295;0.15346245
0.0295;0.1535709
0.0242;0.1535709
0.0219;0.15242201
0.0195;0.15192388
0.0123;0.15140441
0.0088;0.1498477
0.0109;0.14909194
0.0066;0.14954528
0.0031;0.14861721
-0.0038;0.14786242
-0.0097;0.14637637
-0.0165;0.14510763
-0.024;0.1436475
-0.029;0.14203984
-0.0321;0.1409697
-0.0368;0.14030682
-0.037;0.13930279
-0.0372;0.13926007
-0.0386;0.13921738
-0.0382;0.13891855
-0.0392;0.13900395
-0.0402;0.13879052
-0.0378;0.13857715
-0.0397;0.1390893
-0.0403;0.13868384
-0.0463;0.13855581
-0.0468;0.13727675
-0.0456;0.13717026
-0.0469;0.13742591
-0.0463;0.13714898
-0.0433;0.13727675
-0.0418;0.13791606
-0.0381;0.13823587
-0.0365;0.13902524
-0.0328;0.13936682
-0.0291;0.14015718
-0.0291;0.1409483
-0.0242;0.1409483
-0.0209;0.14199701
-0.0166;0.14270398
-0.0117;0.14362606
-0.0101;0.14467792
-0.009;0.14502163
-0.0075;0.14525804
-0.0072;0.14558047
-0.0081;0.145645
-0.0078;0.14545146
-0.0071;0.145516
-0.0082;0.1456665
-0.0084;0.14543001
-0.0093;0.145387
-0.0106;0.14519356
-0.0121;0.1449142
-0.0113;0.14459203
-0.0092;0.14476381
-0.006;0.14521505
-0.0062;0.14590304
-0.0035;0.14586006
0.0009;0.14644094
0.005;0.14738834
0.0066;0.1482721
0.0089;0.14861721
0.0103;0.14911349
0.0109;0.14941578
0.0132;0.14954528
0.0141;0.15004215
0.0151;0.15023662
0.0162;0.15045273
0.0171;0.15069059
0.0191;0.15088521
0.022;0.15131783
0.0237;0.15194553
0.0277;0.15231371
0.0308;0.15318054
0.0354;0.15385292
0.0399;0.15485156
0.0436;0.15582952
0.048;0.15663439
0.0474;0.15759249
0.0502;0.15746178
0.052;0.15807188
0.0531;0.15846433
0.0552;0.15870425
0.0584;0.15916237
0.0606;0.159861
0.0681;0.16034159
0.074;0.1619818
0.0806;0.16327415
0.089;0.16472201
0.0909;0.16656794
0.0933;0.16698596
0.0922;0.16751426
0.091;0.16727208
0.09;0.16700794
0.0885;0.16678791
0.0872;0.16645795
0.086;0.16617209
0.0848;0.16590826
0.0856;0.16564451
0.0846;0.1658203
0.0832;0.16560054
0.0844;0.16529295
0.0856;0.1655566
0.0878;0.1658203
0.0874;0.16630399
0.0873;0.16621608
0.0884;0.16619407
0.0882;0.16643597
0.0885;0.16639197
0.087;0.16645795
0.0828;0.1661281
0.0822;0.1652051
0.0819;0.16507335
0.0822;0.16500746
0.0852;0.16507335
0.0875;0.1657324
0.0889;0.16623804
0.0907;0.16654593
0.0908;0.16694197
0.0909;0.16696393
0.0883;0.16698596
0.0848;0.16641396
0.0797;0.16564451
0.074;0.16452447
0.0691;0.16327415
0.0632;0.16220073
0.0556;0.16090986
0.0476;0.1592497
0.0425;0.1575053
0.0355;0.156395
0.0294;0.15487325
0.0263;0.1535492
0.0231;0.15287708
0.0219;0.15218376
0.0151;0.15192388
0.0206;0.15045273
0.0203;0.15164244
0.0234;0.15157753
0.0285;0.15224874
0.038;0.153354
0.0474;0.15541647
0.0604;0.15746178
0.0742;0.16029789
0.0888;0.16331802
0.0995;0.16652395
0.1086;0.16888046
0.1151;0.17088921
0.1185;0.17232667
0.1207;0.17307948
0.1226;0.17356685
0.1237;0.17398801
0.123;0.1742319
0.1219;0.17407668
0.1181;0.17383283
0.1189;0.17299086
0.1196;0.17316805
0.1159;0.1733231
0.1175;0.17250377
0.1166;0.17285798
0.1153;0.17265871
0.1118;0.17237097
0.1097;0.17159662
0.1079;0.17113233
0.1048;0.17073455
0.1017;0.17004986
0.0999;0.16936569
0.096;0.16896865
0.0941;0.16810897
0.093;0.16769043
0.094;0.16744821
0.0961;0.16766842
0.1013;0.16813102
0.1053;0.16927743
0.114;0.17016031
0.1174;0.17208327
0.1217;0.17283586
0.1272;0.17378849
0.1366;0.17500839
0.141;0.1770969
0.1434;0.17807607
0.1427;0.17861058
0.143;0.17845467
0.1439;0.17852147
0.1414;0.17872196
0.1303;0.17816514
0.1249;0.17569666
0.1205;0.17449805
0.1146;0.17352255
0.1101;0.17221603
0.1083;0.17122075
0.1054;0.17082292
0.1058;0.17018233
0.1065;0.1702707
0.1103;0.17042525
0.1121;0.17126496
0.118;0.171663
0.1225;0.17296869
0.1288;0.17396581
0.1388;0.17536357
0.148;0.17758638
0.1532;0.1796359
0.1587;0.1807963
0.1617;0.18202512
0.1624;0.18269604
0.1645;0.18285264
0.162;0.18332267
0.1625;0.18276317
0.1621;0.18287505
0.1586;0.18278556
0.1578;0.18200278
0.1567;0.18182395
0.1553;0.18157807
0.1542;0.18126526
0.1558;0.18101959
0.1566;0.181377
0.157;0.18155575
0.1565;0.18164513
0.1587;0.1815334
0.158;0.18202512
0.1609;0.18186863
0.1597;0.1825171
0.1612;0.1822487
0.161;0.18258421
0.1664;0.1825394
0.1717;0.18374811
0.1792;0.18493585
0.1851;0.1866191
0.1906;0.1879453
0.1979;0.18918322
0.2023;0.19082871
0.2062;0.1918218
0.2076;0.19270293
0.2078;0.19301942
0.2093;0.19306466
0.2119;0.19340384
0.2152;0.19399215
0.2181;0.1947393
0.2223;0.19539635
0.2262;0.19634865
0.2267;0.19723383
0.2326;0.19734736
0.2365;0.1986881
0.2391;0.19957528
0.2421;0.20016724
0.2442;0.20085065
0.2459;0.20132935
0.2444;0.20171702
0.2404;0.20137496
0.2349;0.20046334
0.2271;0.19921124
0.2183;0.19743818
0.2088;0.19544166
0.1976;0.1932908
0.1866;0.19076106
0.1784;0.1882828
0.1743;0.18643944
0.1725;0.18551905
0.1719;0.18511528
0.1779;0.18498072
0.1852;0.18632711
0.1922;0.18796779
0.1998;0.18954366
0.2076;0.1912574
0.2131;0.19301942
0.2155;0.19426373
0.2171;0.19480719
0.2177;0.19516972
0.2177;0.19530565
0.2161;0.19530565
0.2163;0.19494314
0.2174;0.19498843
0.2177;0.1952377
0.2183;0.19530565
0.2201;0.19544166
0.2267;0.19584973
0.2297;0.19734736
0.2325;0.19802886
0.2348;0.1986654
0.2339;0.19918846
0.2356;0.19898376
0.2381;0.19937047
0.241;0.19993955
0.2424;0.2006
0.2453;0.200919
0.2451;0.20158014
0.2454;0.20153455
0.2456;0.20160297
0.2468;0.20164858
0.247;0.20192231
0.2495;0.20196792
0.2527;0.20253845
0.2532;0.20326918
0.2548;0.2033834
0.2582;0.203749
0.2604;0.20452636
0.2616;0.2050297
0.2639;0.20530434
0.2654;0.2058309
0.2634;0.20617451
0.2598;0.20571645
0.2561;0.20489238
0.247;0.20404619
0.2383;0.20196792
0.2298;0.19998504
0.2179;0.1980516
0.2059;0.19535097
0.1938;0.19263512
0.1831;0.18990418
0.1724;0.18749554
0.1657;0.18509284
0.1605;0.1835914
0.1588;0.18242761
0.1617;0.18204749
0.1656;0.18269604
0.1719;0.18356897
0.1798;0.18498072
0.1886;0.1867539
0.1994;0.18873289
0.2062;0.19116715
0.2116;0.19270293
0.2172;0.19392423
0.2208;0.19519235
0.2214;0.19600841
0.2198;0.19614452
0.2143;0.19578168
0.21;0.19453546
0.208;0.1935622
0.2067;0.19310986
0.2067;0.19281597
0.2032;0.19281597
0.2025;0.19202505
0.2017;0.191867
0.1981;0.19168635
0.1981;0.19087382
0.1924;0.19087382
0.1861;0.1895887
0.179;0.18817027
0.1718;0.1865742
0.1633;0.18495831
0.1531;0.18305407
0.144;0.18077394
0.1364;0.17874426
0.1283;0.17705241
0.1215;0.17525256
0.117;0.17374417
0.114;0.17274728
0.1112;0.17208327
0.1088;0.17146394
0.1071;0.17093341
0.1058;0.17055781
0.1036;0.1702707
0.1031;0.16978501
0.1013;0.16967463
0.0999;0.16927743
0.0989;0.16896865
0.096;0.16874814
0.0931;0.16810897
0.0882;0.16747022
0.0846;0.16639197
0.0809;0.16560054
0.08;0.16478787
0.0806;0.1645903
0.0796;0.16472201
0.081;0.16450246
0.0829;0.16480982
0.0846;0.16522709
0.0877;0.16560054
0.0905;0.166282
0.0918;0.16689791
0.0955;0.16718404
0.0985;0.16799882
0.1026;0.16865996
0.1056;0.16956426
0.1067;0.17022648
0.1101;0.17046948
0.112;0.17122075
0.1123;0.17164086
0.1102;0.1717072
0.107;0.17124285
0.1022;0.1705357
0.0964;0.16947602
0.0885;0.16819714
0.0809;0.16645795
0.0741;0.16478787
0.0681;0.16329607
0.061;0.1619818
0.0555;0.16042894
0.0517;0.15922785
0.0498;0.15839888
0.0499;0.15798469
0.0495;0.15800649
0.0514;0.15791932
0.0539;0.15833347
0.0572;0.15887874
0.0572;0.15959893
0.0624;0.15959893
0.0702;0.16073498
0.073;0.16244163
0.0753;0.163055
0.0799;0.1635592
0.0864;0.1645683
0.091;0.1659962
0.0912;0.16700794
0.0929;0.167052
0.0899;0.1674262
0.0851;0.16676591
0.0795;0.16571042
0.0708;0.1644805
0.0615;0.16257301
0.0569;0.16053824
0.0524;0.15953347
0.0464;0.15855156
0.043;0.15724397
0.0415;0.15650383
0.0399;0.1561775
0.0415;0.15582952
0.0451;0.1561775
0.0482;0.15696089
0.0509;0.15763603
0.0542;0.15822451
0.0567;0.15894419
0.0552;0.15948978
0.0522;0.15916237
0.0516;0.15850794
0.0496;0.1583771
0.0473;0.1579411
0.0426;0.15743998
0.0439;0.15641682
0.0389;0.1566997
0.0359;0.1556121
0.0326;0.15496017
0.0344;0.15424357
0.0347;0.15463433
0.0329;0.15469949
0.0308;0.1543087
0.0281;0.15385292
0.026;0.15326726
0.0194;0.15281203
0.0175;0.15138277
0.0135;0.15097173
0.0138;0.15010695
0.0085;0.15017179
0.0091;0.14902721
0.0103;0.14915664
0.0124;0.14941578
0.0129;0.14986928
0.0134;0.14997731
0.0148;0.15008534
0.0195;0.15038788
0.0237;0.15140441
0.026;0.15231371
0.0267;0.15281203
0.0282;0.15296376
0.0348;0.15328896
0.0391;0.15472125
0.0471;0.1556556
0.0538;0.15739642
0.061;0.1588569
0.0659;0.16042894
0.0668;0.16150036
0.0656;0.16169728
0.0643;0.16143472
0.0605;0.1611504
0.0532;0.16031973
0.0431;0.15872604
0.0412;0.15652557
0.0386;0.15611222
0.0378;0.15554689
0.0371;0.15537302
0.0394;0.15522087
0.0393;0.1557208
0.0453;0.15569901
0.0461;0.15700443
0.0453;0.15717861
0.0464;0.15700443
0.0447;0.15724397
0.0481;0.15687384
0.0519;0.15761428
0.056;0.1584425
0.0604;0.15933701
0.0659;0.16029789
0.0702;0.16150036
0.0786;0.16244163
0.0858;0.16428302
0.0942;0.16586429
0.0991;0.16771245
0.1007;0.16879228
0.1014;0.1691451
0.0975;0.16929951
0.0896;0.16843957
0.0846;0.1666999
0.0769;0.16560054
0.0696;0.16391008
0.0643;0.1623102
0.0612;0.1611504
0.0608;0.1604727
0.0641;0.16038527
0.0674;0.16110663
0.0741;0.1618286
0.0827;0.16329607
0.0959;0.16518316
0.1117;0.16808696
0.1274;0.17157449
0.1421;0.17505279
0.158;0.17832102
0.1743;0.18186863
0.1856;0.18551905
0.1949;0.18805782
0.2019;0.19015215
0.2095;0.19173153
0.2114;0.19344911
0.2132;0.19387898
0.2159;0.19428639
0.2204;0.19489782
0.2195;0.19591773
0.2196;0.19571367
0.22;0.19573635
0.2172;0.195827
0.2112;0.19519235
0.2043;0.19383374
0.194;0.19227357
0.1873;0.18994932
0.1763;0.18844032
0.1649;0.18596792
0.1494;0.18341221
0.1393;0.17994818
0.126;0.17769764
0.1149;0.17474209
0.1106;0.17228244
0.1054;0.17133127
0.1041;0.17018233
0.1061;0.16989534
0.1043;0.17033695
0.1036;0.16993949
0.1076;0.16978501
0.1118;0.17066829
0.1133;0.17159662
0.1168;0.17192844
0.1211;0.172703
0.1231;0.17365554
0.127;0.17409888
0.1324;0.17496398
0.1315;0.17616317
0.1354;0.1759632
0.1394;0.17683004
0.1405;0.17771988
0.1394;0.17796478
0.1384;0.17771988
0.1379;0.17749736
0.137;0.17738612
0.1353;0.17718588
0.1359;0.1768078
0.1352;0.17694122
0.1354;0.17678553
0.1342;0.17683004
0.1323;0.17656325
0.1301;0.17614093
0.1288;0.17565224
0.1231;0.17536357
0.1208;0.17409888
0.1193;0.17358904
0.117;0.17325671
0.1116;0.17274728
0.1136;0.17155237
0.114;0.17199479
0.1148;0.17208327
0.115;0.17226031
0.1183;0.17230454
0.1219;0.17303516
0.1275;0.17383283
0.1335;0.17507495
0.1399;0.17640765
0.1441;0.17783119
0.1504;0.1787665
0.1582;0.18017128
0.1664;0.18191335
0.1705;0.18374811
0.1765;0.1846668
0.1796;0.1860128
0.1834;0.18670897
0.1843;0.187563
0.186;0.1877654
0.1898;0.18814777
0.1948;0.18900311
0.1998;0.19012962
0.2046;0.1912574
0.2055;0.19234137
0.2073;0.19254473
0.2066;0.19295159
0.204;0.19279335
0.2023;0.1922058
0.1981;0.1918218
0.1943;0.19087382
0.1881;0.19001693
0.1819;0.18862037
0.1787;0.1872258
0.1761;0.18650681
0.1739;0.18592298
0.1754;0.18542933
0.1761;0.1857659
0.1779;0.18592298
0.1792;0.18632711
0.1797;0.1866191
0.1807;0.18673143
0.1838;0.18695612
0.1847;0.18765298
0.1864;0.18785538
0.1893;0.18823779
0.1907;0.1888905
0.1904;0.18920577
0.1916;0.18913817
0.1964;0.1894085
0.2009;0.19049041
0.2083;0.19150575
0.2146;0.19317771
0.2188;0.19460341
0.2199;0.19555499
0.2231;0.19580436
0.228;0.19653016
0.2308;0.1976426
0.2307;0.19827884
0.2293;0.19825612
0.2277;0.19793795
0.2248;0.19757447
0.2222;0.19691601
0.2178;0.19632602
0.2176;0.19532833
0.2178;0.195283
0.219;0.19532833
0.2161;0.19560033
0.2136;0.19494314
0.2102;0.19437693
0.206;0.19360746
0.1986;0.19265772
0.1922;0.19098668
0.1862;0.18954366
0.1769;0.18819278
0.1698;0.18610264
0.1612;0.1845099
0.1598;0.18258421
0.157;0.1822711
0.156;0.18164513
0.1588;0.18142167
0.1595;0.18204749
0.1646;0.18220401
0.1722;0.18334506
0.1778;0.185048
0.1816;0.18630469
0.1852;0.18715836
0.1877;0.18796779
0.1902;0.18853031
0.1895;0.18909317
0.185;0.18893556
0.1841;0.18792284
0.181;0.18772039
0.1777;0.18702352
0.1725;0.18628222
0.1658;0.18511528
0.1601;0.18361375
0.1555;0.18233816
0.1532;0.18130995
0.1485;0.1807963
0.1475;0.17974743
0.1476;0.17952439
0.1492;0.17954668
0.1552;0.17990355
0.1619;0.18124294
0.1693;0.18274081
0.1781;0.18439785
0.1856;0.18637209
0.1915;0.18805782
0.194;0.18938595
0.1963;0.18994932
0.1981;0.19046783
0.2006;0.19087382
0.1999;0.19143799
0.1982;0.19127999
0.193;0.19089639
0.1899;0.18972391
0.1882;0.18902563
0.1892;0.18864284
0.1893;0.18886797
0.1888;0.1888905
0.1874;0.18877798
0.1864;0.18846282
0.1846;0.18823779
0.1818;0.18783289
0.1782;0.18720335
0.174;0.18639454
0.1709;0.18545175
0.1668;0.1847565
0.1629;0.18383774
0.1605;0.18296456
0.1604;0.18242761
0.1623;0.18240526
0.1652;0.18283029
0.1684;0.1834794
0.1711;0.18419617
0.1743;0.18480133
0.176;0.18551905
0.1777;0.18590058
0.1807;0.18628222
0.1818;0.18695612
0.1829;0.18720335
0.1847;0.18745059
0.1858;0.18785538
0.1839;0.18810281
0.1848;0.18767546
0.1834;0.18787782
0.1819;0.187563
0.1793;0.1872258
0.1809;0.1866416
0.1831;0.18700106
0.1872;0.18749554
0.1907;0.1884178
0.1954;0.18920577
0.2005;0.19026487
0.2054;0.19141541
0.2097;0.19252212
0.2128;0.19349433
0.2117;0.19419585
0.21;0.19394687
0.2064;0.1935622
0.1992;0.1927482
0.1889;0.19112204
0.181;0.18880041
0.1687;0.18702352
0.157;0.1842634
0.145;0.18164513
0.1385;0.17896709
0.1338;0.17751962
0.1324;0.1764743
0.134;0.17616317
0.1369;0.17651877
0.1408;0.17716365
0.141;0.17803153
0.1422;0.17807607
0.1405;0.1783433
0.1368;0.17796478
0.135;0.1771414
0.1327;0.1767411
0.1282;0.17622982
0.1254;0.17523034
0.1199;0.17460895
0.11;0.17338961
0.1076;0.17119865
0.1069;0.17066829
0.1089;0.17051366
0.1085;0.17095554
0.1101;0.17086713
0.1095;0.17122075
0.1097;0.17108813
0.1092;0.17113233
0.1103;0.17102182
0.1083;0.17126496
0.1067;0.17082292
0.1039;0.17046948
0.1007;0.16985117
0.0972;0.1691451
0.0945;0.1683734
0.0877;0.16777854
0.0834;0.166282
0.0813;0.1653369
0.0825;0.16487569
0.0829;0.16513923
0.0829;0.16522709
0.0807;0.16522709
0.0791;0.16474395
0.0742;0.16439274
0.071;0.16331802
0.0645;0.16261685
0.0554;0.16119415
0.0508;0.15920602
0.0423;0.15820268
0.0339;0.15635152
0.0283;0.1545258
0.0239;0.15331063
0.0205;0.15235704
0.0197;0.1516208
0.019;0.15144767
0.0187;0.15129618
0.0196;0.15123129
0.023;0.15142605
0.0273;0.15216209
0.0331;0.15309383
0.0387;0.15435208
0.0432;0.15556861
0.0517;0.15654735
0.0547;0.15839888
0.0525;0.1590533
0.053;0.15857336
0.0555;0.15868244
0.0572;0.15922785
0.0614;0.15959893
0.0674;0.16051638
0.0744;0.1618286
0.0808;0.16336185
0.0868;0.16476592
0.0944;0.1660841
0.098;0.16775648
0.1055;0.16854976
0.1141;0.17020443
0.1198;0.17210542
0.1267;0.17336743
0.1345;0.1748974
0.1404;0.17662992
0.1433;0.17794248
0.1443;0.17858833
0.1478;0.17881109
0.1468;0.17959131
0.1451;0.17936832
0.1423;0.17898937
0.1382;0.17836556
0.1348;0.17745288
0.1296;0.17669663
0.1235;0.17554118
0.1206;0.17418757
0.1123;0.1735447
0.1085;0.1717072
0.1063;0.17086713
0.1013;0.17038111
0.1;0.16927743
0.0966;0.16899072
0.0913;0.16824116
0.0916;0.16707401
0.0892;0.16714004
0.0883;0.16661192
0.087;0.16641396
0.0854;0.1661281
0.0868;0.16577637
0.0883;0.1660841
0.0923;0.16641396
0.0972;0.16729409
0.1016;0.1683734
0.1064;0.16934364
0.1118;0.17040323
0.1175;0.17159662
0.1201;0.17285798
0.121;0.17343394
0.1166;0.17363332
0.1117;0.17265871
0.1089;0.17157449
0.1054;0.17095554
0.1013;0.17018233
0.0965;0.16927743
0.0975;0.16821913
0.0984;0.16843957
0.0987;0.1686379
0.0998;0.16870406
0.1013;0.16894661
0.1025;0.16927743
0.1028;0.16954221
0.1013;0.16960841
0.102;0.16927743
0.1009;0.16943187
0.0998;0.16918918
0.0976;0.16894661
0.097;0.16846159
0.0942;0.16832931
0.0922;0.16771245
0.0891;0.16727208
0.0878;0.16658992
0.0845;0.16630399
0.0841;0.1655786
0.0851;0.16549072
0.0862;0.16571042
0.0863;0.1659522
0.0888;0.16597418
0.089;0.16652395
0.087;0.16656794
0.0847;0.1661281
0.0842;0.16562253
0.0844;0.16551265
0.0864;0.1655566
0.0922;0.1659962
0.1;0.16727208
0.1082;0.16899072
0.1196;0.17080083
0.1292;0.1733231
0.1402;0.17545238
0.1525;0.17789796
0.161;0.18064
0.1667;0.1825394
0.1735;0.18381529
0.1765;0.18533957
0.1754;0.1860128
0.1773;0.1857659
0.1751;0.18619241
0.1716;0.18569857
0.17;0.18491347
0.1681;0.18455471
0.1673;0.18412894
