actual;predicted
-0.0182;0.08400821
-0.0183;0.08389819
-0.0047;0.08385233
-0.0034;0.08453756
0.0038;0.08508915
-0.0005;0.08584931
0.016;0.08616134
0.0231;0.08721896
0.0272;0.08829293
0.0309;0.0892267
0.0369;0.09004027
0.0458;0.09088307
0.05;0.0918871
0.0538;0.092758
0.0553;0.09351753
0.0587;0.09408203
0.0634;0.09460936
0.0677;0.09517552
0.067;0.09574743
0.0551;0.09607036
0.0539;0.09565903
0.0477;0.09529751
0.0558;0.09471346
0.0506;0.09471029
0.051;0.09442632
0.0413;0.09424698
0.043;0.09362721
0.0388;0.09329353
0.0367;0.09285258
0.0342;0.09245153
0.0234;0.09205867
0.0156;0.09125397
0.0089;0.09032728
0.0036;0.08937383
-0.0032;0.08847572
-0.014;0.08754248
-0.0545;0.08638787
-0.0567;0.08359326
-0.0622;0.08163118
-0.069;0.08005545
-0.0812;0.07868773
-0.1041;0.0771974
-0.1045;0.07509489
-0.1041;0.07371127
-0.1061;0.07284816
-0.1052;0.07222085
-0.1024;0.07189972
-0.104;0.07187784
-0.1023;0.07183424
-0.1017;0.07193757
-0.1001;0.072078
-0.0969;0.07228819
-0.0922;0.07261949
-0.1042;0.0731018
-0.1033;0.07284503
-0.1076;0.07273411
-0.1122;0.07245263
-0.1134;0.07204113
-0.1183;0.0717107
-0.12;0.07124933
-0.1227;0.07086142
-0.1206;0.07047323
-0.1197;0.07032616
-0.1152;0.070282
-0.1093;0.07048856
-0.1012;0.07093365
-0.0922;0.07164895
-0.0861;0.0725899
-0.0819;0.07353549
-0.0784;0.07438605
-0.0749;0.07513274
-0.0747;0.07580439
-0.0751;0.07625584
-0.0713;0.07652603
-0.0686;0.07688168
-0.0691;0.07723797
-0.0589;0.07743512
-0.0612;0.07806216
-0.0523;0.078351
-0.0521;0.07897755
-0.0445;0.07939237
-0.033;0.08003856
-0.0263;0.08103435
-0.0167;0.08202506
-0.0079;0.08315905
-0.0027;0.08434683
0.0003;0.08538766
0.0;0.08621617
0.0067;0.08673191
0.0081;0.08738723
0.0229;0.08786637
0.0198;0.08890492
0.0196;0.08941519
0.0181;0.08972164
0.0216;0.08982188
0.0172;0.09003619
0.0187;0.08992919
0.0221;0.08990823
0.0233;0.09004181
0.0253;0.09017204
0.0244;0.09034453
0.0213;0.09040087
0.0233;0.09027006
0.0255;0.09027194
0.0257;0.09037325
0.0277;0.09044295
0.0311;0.09058428
0.0372;0.09084497
0.0386;0.09132318
0.0402;0.09171027
0.0404;0.09204694
0.0446;0.09227685
0.0428;0.09263603
0.0374;0.09277645
0.0396;0.09258831
0.0375;0.09256283
0.027;0.09242701
0.0225;0.09179522
0.017;0.0911356
0.0103;0.09040595
0.0049;0.08957279
-0.001;0.08873982
-0.005;0.08788551
-0.0114;0.08711719
-0.018;0.08628932
-0.0295;0.08541556
-0.0328;0.08426685
-0.0378;0.08334927
-0.0513;0.08250187
-0.0518;0.08127864
-0.0566;0.08045957
-0.058;0.07969455
-0.0588;0.07914101
-0.0555;0.07876022
-0.0539;0.07870208
-0.0474;0.07877444
-0.043;0.07918005
-0.0393;0.07970063
-0.0392;0.08026075
-0.0319;0.08066162
-0.0245;0.08131248
-0.0199;0.08213004
-0.0127;0.08291569
-0.0113;0.08380738
-0.0068;0.08447307
-0.0028;0.08513994
0.0059;0.08577726
0.0061;0.08662937
0.0038;0.08719461
0.0;0.08744109
-0.0049;0.08739464
-0.008;0.08709426
-0.0156;0.08671413
-0.0132;0.08605544
-0.0135;0.08571754
-0.0164;0.08546167
-0.0153;0.08513698
-0.0118;0.0849717
-0.0111;0.08503645
-0.0201;0.08511765
-0.0207;0.08472376
-0.0156;0.08443434
-0.0092;0.08449896
-0.0191;0.0848683
-0.0215;0.08462355
-0.0221;0.08434591
-0.0182;0.08413144
-0.0245;0.08418602
-0.0245;0.0839084
-0.0254;0.08372726
-0.0318;0.08356318
-0.0296;0.08313493
-0.0281;0.08296283
-0.0216;0.08292616
-0.0139;0.08323458
-0.0141;0.08383593
-0.0134;0.08423711
-0.0121;0.08454879
-0.0071;0.08482618
0.0001;0.08526384
-0.0027;0.08591782
-0.0029;0.08621182
0.0025;0.08639485
0.0052;0.08678132
0.0048;0.08716647
0.0086;0.08739533
0.0067;0.08773063
0.0036;0.08784812
0.0029;0.08775979
0.0034;0.08765322
0.0062;0.0875947
0.0045;0.08768613
0.0079;0.08765329
0.0075;0.08779693
0.0104;0.08786727
0.0165;0.08805705
0.0251;0.08848834
0.0307;0.08920898
0.0337;0.0899732
0.0394;0.09063533
0.0345;0.09136298
0.0346;0.09159438
0.0344;0.09174401
0.0302;0.09181825
0.0289;0.09163919
0.0337;0.09143751
0.034;0.09152921
0.0299;0.09159251
0.0348;0.09141866
0.0338;0.09154229
0.0363;0.0915666
0.0366;0.09170503
0.0474;0.09180854
0.0494;0.09242154
0.0479;0.09293031
0.0566;0.09319476
0.0633;0.09380944
0.069;0.09455415
0.0702;0.09533659
0.0729;0.09591452
0.071;0.09642901
0.0736;0.09666336
0.0744;0.09693643
0.0689;0.09714146
0.0697;0.09698182
0.07;0.09689813
0.0648;0.09683887
0.0657;0.09652015
0.0695;0.09633994
0.0712;0.09640047
0.0727;0.09651975
0.0695;0.09667201
0.0752;0.09660895
0.0774;0.09685405
0.0801;0.09712636
0.0811;0.09744487
0.0841;0.09770734
0.0873;0.09803316
0.092;0.09841002
0.0903;0.09889683
0.0877;0.09913085
0.0889;0.09914918
0.0882;0.09921306
0.0919;0.09920902
0.0925;0.09938454
0.0962;0.09952299
0.0935;0.09979672
0.1008;0.09983541
0.1108;0.10022693
0.1115;0.10099068
0.1198;0.10153297
0.1214;0.10231581
0.1256;0.10291392
0.1265;0.10352058
0.1263;0.10396058
0.1309;0.10423099
0.1329;0.10463024
0.1322;0.10498146
0.1345;0.10516408
0.1365;0.10538683
0.1377;0.10562054
0.1389;0.10582222
0.1401;0.10600366
0.1397;0.10617227
0.1448;0.10625141
0.1444;0.10655267
0.1507;0.10672183
0.1508;0.10714798
0.1463;0.10742831
0.1477;0.10737795
0.1514;0.10740619
0.1492;0.10760235
0.1463;0.107611
0.1398;0.10746068
0.1359;0.10701885
0.1346;0.10651498
0.1277;0.10610231
0.1259;0.1054674
0.1092;0.10494838
0.1049;0.10374773
0.1047;0.10272837
0.1016;0.10203762
0.0819;0.1014256
0.0754;0.10002743
0.0718;0.09877902
0.0702;0.09777479
0.0618;0.09704129
0.0568;0.09614878
0.0524;0.09532677
0.0506;0.09458199
0.0496;0.09402213
0.0515;0.09362739
0.05;0.09349111
0.0497;0.09335492
0.0568;0.09327918
0.0591;0.09361615
0.0629;0.09398291
0.0711;0.09444506
0.0873;0.09519004
0.1002;0.09652737
0.1077;0.09809139
0.1177;0.09953076
0.1175;0.10100804
0.1256;0.1019812
0.1315;0.10303324
0.137;0.10401602
0.136;0.10492928
0.1311;0.10546079
0.1291;0.1055352
0.1292;0.10544824
0.1265;0.10535875
0.1253;0.10512752
0.1247;0.1048829
0.1272;0.10466377
0.1172;0.10462495
0.1156;0.10407398
0.1173;0.10361385
0.1173;0.10338209
0.1202;0.10322156
0.1212;0.10326185
0.1281;0.10334217
0.1363;0.10375294
0.1244;0.10445166
0.1302;0.10431802
0.1261;0.10453044
0.1252;0.1044595
0.1288;0.1043646
0.1314;0.1044805
0.1314;0.10468662
0.1331;0.10482252
0.1313;0.10499855
0.136;0.10502143
0.1369;0.10527378
0.1361;0.10548402
0.1428;0.10558089
0.1427;0.10598426
0.1463;0.10624376
0.1473;0.1065983
0.156;0.10688107
0.1587;0.10750981
0.1623;0.1080616
0.1673;0.10860973
0.1673;0.10922445
0.1664;0.10962575
0.1657;0.10983687
0.1624;0.10992761
0.16;0.10980275
0.1528;0.10957954
0.1501;0.10904475
0.1419;0.10853387
0.1366;0.10775864
0.1313;0.10695971
0.108;0.10614749
0.1052;0.10441253
0.0923;0.10311202
0.0847;0.10158572
0.0757;0.10019007
0.0591;0.09881531
0.0455;0.09707555
0.0399;0.09524998
0.034;0.0937752
0.0247;0.09252437
0.0195;0.09125815
0.0126;0.09019348
0.0036;0.0891785
-0.0019;0.08809232
-0.0069;0.08713524
-0.0162;0.08628824
-0.0226;0.08529755
-0.0226;0.08435657
-0.023;0.08376893
-0.0313;0.08339666
-0.0368;0.08277091
-0.0384;0.08211543
-0.0341;0.08163174
-0.033;0.08155773
-0.0363;0.081596
-0.0416;0.08148789
-0.0439;0.08117806
-0.0406;0.08087937
-0.0403;0.08086569
-0.0391;0.08089012
-0.0392;0.08098542
-0.0327;0.08106072
-0.0296;0.08145276
-0.0326;0.08188345
-0.0303;0.08203256
-0.007;0.08225676
-0.0007;0.08358435
-0.0003;0.08479444
0.0133;0.08563229
0.0326;0.0868801
0.045;0.0886838
0.053;0.09051077
0.0683;0.09212925
0.0739;0.09397142
0.0785;0.09546405
0.0964;0.09666758
0.1056;0.09834547
0.1107;0.09989487
0.1129;0.10115141
0.1207;0.10206037
0.1228;0.10301773
0.1197;0.1037148
0.1188;0.10397445
0.1127;0.10405313
0.1125;0.10374594
0.1051;0.10348468
0.1001;0.10289116
0.0918;0.10220505
0.0862;0.10129385
0.0769;0.10037649
0.0668;0.09927317
0.0554;0.09801266
0.0417;0.09658708
0.0301;0.09494093
0.018;0.09325992
0.0072;0.09153638
-0.0044;0.08985742
-0.0153;0.08817456
-0.0262;0.08653086
-0.0431;0.08491858
-0.0551;0.08302989
-0.0692;0.08120703
-0.0835;0.0793243
-0.087;0.07739576
-0.0904;0.07598094
-0.0935;0.07491709
-0.0954;0.07410794
-0.0942;0.07353075
-0.093;0.0732631
-0.0918;0.07320014
-0.0861;0.07327108
-0.0818;0.07365227
-0.0787;0.07416542
-0.0781;0.07470179
-0.0748;0.07512172
-0.0743;0.07559197
-0.072;0.07594837
-0.0673;0.07631361
-0.0704;0.07680006
-0.0715;0.07697309
-0.0669;0.07703429
-0.0559;0.07730211
-0.0566;0.07802811
-0.059;0.07847543
-0.0559;0.07865222
-0.0647;0.07891992
-0.0653;0.07864888
-0.0665;0.07842848
-0.0669;0.07820945
-0.0685;0.07803401
-0.0693;0.07783001
-0.0695;0.07764953
-0.0687;0.07751666
-0.0731;0.0774677
-0.0755;0.07721611
-0.0723;0.0769302
-0.0722;0.07690121
-0.071;0.0768901
-0.0718;0.07694834
-0.0796;0.07695287
-0.0782;0.07657068
-0.0788;0.07638889
-0.0803;0.07623902
-0.0785;0.07606741
-0.076;0.07604701
-0.0751;0.07616321
-0.0701;0.07629184
-0.0691;0.0766344
-0.0618;0.076919
-0.0556;0.07748027
-0.0523;0.07816978
-0.0438;0.07879934
-0.0381;0.07964756
-0.0356;0.08049846
-0.0338;0.08118857
-0.0298;0.08173219
-0.025;0.08228409
-0.0238;0.08287893
-0.0211;0.08332039
-0.0215;0.08373394
-0.0216;0.08397131
-0.0199;0.08410563
-0.0196;0.08426096
-0.0249;0.08436071
-0.029;0.08414344
-0.03;0.08377543
-0.0296;0.0834626
-0.034;0.08325953
-0.035;0.08289272
-0.0376;0.0825908
-0.0398;0.08225363
-0.0368;0.08191591
-0.037;0.08184107
-0.0381;0.08178364
-0.034;0.08169546
-0.0354;0.08184834
-0.0381;0.08188602
-0.0372;0.08178195
-0.0364;0.08176198
-0.0363;0.08179164
-0.0372;0.08181954
-0.0348;0.08179575
-0.0351;0.0819026
-0.0356;0.08196045
-0.034;0.08197574
-0.032;0.0820671
-0.0288;0.08222884
-0.0258;0.08249824
-0.0224;0.08282963
-0.0193;0.08322251
-0.0171;0.08364066
-0.0129;0.08402931
-0.0042;0.08449737
-0.0063;0.08524373
-0.0029;0.08563147
0.0001;0.08605587
0.0021;0.08648022
0.0067;0.08685338
0.0142;0.08732257
0.0207;0.08800181
0.0255;0.08877189
0.0328;0.08951779
0.0422;0.09037302
0.0457;0.09140608
0.0471;0.09225893
0.0535;0.09288365
0.0572;0.09360487
0.0637;0.0942511
0.0661;0.0949892
0.075;0.09558012
0.0728;0.09640271
0.0772;0.09681624
0.0778;0.09729222
0.0755;0.09761415
0.0726;0.09768718
0.0737;0.09756309
0.0744;0.0975102
0.0747;0.0974865
0.0747;0.09746621
0.0779;0.09743642
0.0724;0.09756552
0.069;0.09736161
0.0705;0.0970442
0.0639;0.09689855
0.0591;0.09645828
0.0612;0.09591577
0.06;0.09565473
0.063;0.09541693
0.0606;0.09541241
0.0611;0.09529177
0.059;0.09524278
0.058;0.09510884
0.0567;0.09497403
0.057;0.09482246
0.0559;0.09474064
0.0549;0.0946343
0.0531;0.09451702
0.0508;0.0943514
0.0488;0.09412778
0.0455;0.09388021
0.0447;0.09355053
0.0442;0.09329294
0.0429;0.09309902
0.0446;0.09290855
0.0401;0.09287345
0.0354;0.09262852
0.0342;0.09223408
0.032;0.09191496
0.0307;0.09159507
0.0332;0.0913217
0.0378;0.09127253
0.0396;0.09148085
0.0463;0.09172153
0.0503;0.09223288
0.054;0.09278698
0.0584;0.09335385
0.0654;0.09396162
0.0654;0.09472532
0.0708;0.09523521
0.0783;0.09584691
0.0798;0.09662855
0.0833;0.09721792
0.0856;0.09777909
0.0888;0.09825672
0.0908;0.09872266
0.0968;0.09911831
0.0996;0.09967008
0.1027;0.10016325
0.1052;0.10063393
0.1038;0.10105839
0.1056;0.10125324
0.102;0.10145701
0.0995;0.1013907
0.0938;0.10120101
0.0929;0.10076563
0.0833;0.10041193
0.0864;0.09967211
0.0911;0.09932435
0.0935;0.09932183
0.0883;0.09944094
0.0918;0.09925979
0.0987;0.09932149
0.1004;0.09971653
0.1033;0.10007214
0.107;0.10046393
0.1077;0.10091811
0.107;0.1012591
0.1068;0.10145094
0.1058;0.1015652
0.1048;0.10158408
0.1061;0.10153792
0.1043;0.10156479
0.1052;0.10148277
0.1033;0.10146707
0.1068;0.10135315
0.1074;0.10145026
0.1063;0.10154121
0.1056;0.10154394
0.1006;0.10150807
0.1058;0.10122668
0.1129;0.10130069
0.1161;0.10170857
0.1178;0.10214514
0.1166;0.10252656
0.1202;0.1027215
0.1221;0.10303393
0.1254;0.10333523
0.1256;0.10370056
0.1262;0.10394932
0.125;0.10413998
0.1294;0.10419799
0.1351;0.10445226
0.1345;0.10490368
0.1336;0.10516732
0.1293;0.10529114
0.1285;0.10514534
0.1272;0.10499667
0.1234;0.10481925
0.1243;0.10449686
0.1242;0.10431927
0.1255;0.10418861
0.1277;0.10416441
0.1304;0.10425953
0.131;0.10446188
0.1287;0.10463002
0.1294;0.10462745
0.1276;0.10466252
0.1262;0.10459293
0.1257;0.10447389
0.1277;0.10436682
0.1322;0.1043955
0.1304;0.1046435
0.1357;0.10471804
0.1419;0.10504065
0.1481;0.10557306
0.1539;0.10624728
0.1569;0.10699598
0.1608;0.10764968
0.1649;0.10828315
0.1731;0.10890935
0.1764;0.10973804
0.1768;0.11044896
0.1805;0.11093185
0.1781;0.11142805
0.1764;0.11161686
0.1711;0.1116356
0.17;0.11135367
0.1675;0.11108638
0.167;0.11075766
0.1718;0.11049459
0.1697;0.1105507
0.1679;0.11047118
0.1671;0.11032168
0.1611;0.11017687
0.161;0.10976955
0.1607;0.10949038
0.156;0.10928603
0.1495;0.10890959
0.1483;0.10832787
0.1465;0.10788004
0.1493;0.10749117
0.1488;0.10738055
0.1482;0.10728924
0.1494;0.10720874
0.1441;0.10722726
0.1438;0.10697848
0.1436;0.10680657
0.1396;0.10668792
0.1403;0.10641087
0.132;0.10626844
0.1339;0.10575417
0.1322;0.10551415
0.1344;0.10527071
0.1314;0.10522791
0.1307;0.10505378
0.1312;0.10491102
0.1311;0.10484894
0.1337;0.10481007
0.1321;0.10492497
0.1347;0.10492745
0.131;0.10506968
0.1329;0.10498109
0.1371;0.10502432
0.1347;0.10527033
0.1353;0.10531524
0.1354;0.1053797
0.1354;0.10542871
0.1327;0.10546183
0.1328;0.10534567
0.1322;0.10527232
0.1308;0.10519069
0.1288;0.1050636
0.1297;0.10487589
0.128;0.10479605
0.1276;0.1046559
0.1292;0.1045435
0.1289;0.10455183
0.1347;0.10454465
0.1399;0.10483999
0.1455;0.10530686
0.1511;0.10591082
0.1573;0.10660604
0.1645;0.10739145
0.1738;0.10828593
0.1786;0.10935835
0.1865;0.1103163
0.194;0.11135415
0.202;0.11241984
0.2112;0.11352717
0.2155;0.11472114
0.2158;0.11571851
0.2166;0.11637612
0.2166;0.11682763
0.2168;0.11709577
0.2158;0.11725044
0.212;0.11726794
0.2068;0.11705177
0.2018;0.11660984
0.1947;0.1160297
0.1916;0.11525262
0.1913;0.11455431
0.1862;0.11405727
0.1782;0.11345539
0.1727;0.1126416
0.1677;0.11181741
0.1608;0.11101402
0.1513;0.11013112
0.1375;0.1090657
0.1259;0.10766093
0.1141;0.10614415
0.1039;0.10454395
0.084;0.10297424
0.0617;0.10093538
0.0508;0.09846774
0.0387;0.09629603
0.0309;0.09426504
0.0193;0.09255622
0.0082;0.09087694
0.0034;0.08924932
-0.0062;0.08797743
-0.0054;0.08670199
-0.0059;0.0859523
-0.0071;0.08548678
-0.0057;0.08517691
-0.004;0.08509985
0.0003;0.08518902
0.0023;0.08551601
0.0093;0.08588011
0.0152;0.08651637
0.0243;0.08727214
0.0314;0.08826482
0.0396;0.08930854
0.0494;0.09043679
0.064;0.09169597
0.0748;0.09328067
0.0825;0.09488559
0.0901;0.0963428
0.0965;0.09768943
0.1008;0.0988939
0.1068;0.09989071
0.1077;0.10083053
0.1141;0.10146894
0.1162;0.10218462
0.1208;0.10273129
0.125;0.10329451
0.1278;0.10384917
0.1349;0.10432933
0.1376;0.10498121
0.1377;0.1055254
0.1418;0.10586796
0.1391;0.10628008
0.1475;0.1063915
0.1432;0.10687102
0.1331;0.10694784
0.1291;0.10646393
0.114;0.10591434
0.105;0.1047534
0.0933;0.10349957
0.0766;0.10204785
0.0626;0.10021745
0.0529;0.09827872
0.0424;0.09649256
0.0315;0.09477704
0.019;0.0930989
0.0157;0.09137297
0.0034;0.09008691
-0.0071;0.08864451
-0.0122;0.08719538
-0.0174;0.08601502
-0.0264;0.08501069
-0.0301;0.08393487
-0.0323;0.08307894
-0.0364;0.08244374
-0.0429;0.08186018
-0.045;0.08118921
-0.0473;0.0806783
-0.0474;0.08026068
-0.0499;0.08001427
-0.057;0.07975925
-0.0591;0.07926495
-0.0564;0.07885834
-0.0595;0.07874726
-0.0659;0.07854133
-0.0726;0.0781061
-0.0743;0.07749936
-0.0752;0.0770256
-0.0763;0.07667945
-0.0741;0.07640979
-0.075;0.07635749
-0.0737;0.07629535
-0.0697;0.07633714
-0.0663;0.07658222
-0.0643;0.07693233
-0.0587;0.07728148
-0.0572;0.07780838
-0.0593;0.07824557
-0.0579;0.07843985
-0.0546;0.07864306
-0.0496;0.07894365
-0.0469;0.07939356
-0.0393;0.07982767
-0.0364;0.08049703
-0.0295;0.08108643
-0.025;0.08182313
-0.0201;0.08253536
-0.0227;0.08325022
-0.0227;0.08358701
-0.0224;0.08379903
-0.0192;0.08393877
-0.0174;0.08417536
-0.0203;0.08440711
-0.0198;0.08440103
-0.0192;0.08440769
-0.0191;0.08442779
-0.0157;0.08443379
-0.014;0.08459834
-0.0116;0.08478523
-0.0115;0.08502465
-0.011;0.08518416
-0.0053;0.08531069
-0.0005;0.0856765
0.0063;0.0861574
0.0114;0.0868179
0.0146;0.08751286
0.0188;0.08813456
0.0185;0.08875552
0.0252;0.0891458
0.0217;0.08973309
0.0228;0.08993407
0.0209;0.09010912
0.0214;0.09011202
0.0163;0.0901215
0.0089;0.08985273
0.0031;0.08928358
0.0036;0.08859461
0.0007;0.08814488
-0.002;0.08768784
0.0016;0.0872421
0.0009;0.08712507
0.0003;0.08701446
0.0023;0.08691721
0.0025;0.08696058
0.0047;0.08700741
0.0066;0.08715785
0.0114;0.08736157
0.0142;0.0877467
0.0232;0.0881511
0.0278;0.08888099
0.0334;0.08960436
0.0399;0.09037337
0.0438;0.09121486
0.0528;0.09197011
0.0577;0.09292297
0.0569;0.0937969
0.0578;0.09432744
0.062;0.09471042
0.0631;0.09515744
0.0667;0.09548885
0.0639;0.09587064
0.0648;0.09596152
0.0624;0.09604673
0.063;0.09596007
0.0633;0.09591281
0.0627;0.09587809
0.058;0.09580931
0.0545;0.0955125
0.0452;0.09512592
0.0391;0.09438612
0.0389;0.0935744
0.0358;0.0930145
0.0342;0.09248053
0.0331;0.09204591
0.0305;0.09170631
0.029;0.09135727
0.0201;0.0910596
0.0173;0.09042247
0.0132;0.08986724
0.0144;0.08929916
0.0158;0.08899211
0.0188;0.08887096
0.0223;0.08895753
0.0285;0.0892093
0.0324;0.08970812
0.0368;0.09025472
0.0389;0.09085683
0.0446;0.09137583
0.0515;0.0920175
0.0622;0.09279772
0.0653;0.09386102
0.0722;0.09472611
0.0743;0.09564931
0.0766;0.09636212
0.0825;0.09694111
0.0859;0.09760908
0.0931;0.09820721
0.1003;0.09895183
0.1065;0.09979384
0.1079;0.10065123
0.1103;0.10127463
0.1125;0.1017912
0.1155;0.10222344
0.1121;0.10263938
0.1131;0.10271852
0.1104;0.10279738
0.1102;0.10268672
0.1063;0.10257941
0.1;0.10228754
0.0999;0.10175353
0.0983;0.10137522
0.0943;0.10102721
0.0903;0.10058303
0.0886;0.10007819
0.0882;0.09965218
0.083;0.09934755
0.0828;0.09888334
0.0832;0.09856934
0.0851;0.09838653
0.0858;0.09837017
0.0874;0.09840567
0.0899;0.09852239
0.0917;0.09873836
0.0923;0.09898407
0.0949;0.09918724
0.0915;0.09946157
0.0985;0.09947547
0.1007;0.09984306
0.1057;0.10019945
0.1028;0.10069274
0.1098;0.10087328
0.1125;0.10134801
0.1098;0.10179647
0.1175;0.10195335
0.123;0.10244348
0.1249;0.10304143
0.1296;0.10353027
0.1344;0.10408853
0.138;0.10469605
0.1422;0.10527468
0.1431;0.10586376
0.1481;0.10628958
0.1448;0.10681472
0.142;0.10697985
0.1435;0.10693005
0.1417;0.10695348
0.1409;0.10685714
0.1378;0.10673491
0.1344;0.10647934
0.1327;0.10612171
0.1297;0.10578443
0.1247;0.10539671
0.1233;0.10487653
0.122;0.1044541
0.1188;0.10410401
0.1176;0.10370908
0.1185;0.10338893
0.1176;0.10322719
0.1213;0.10308147
0.1244;0.10318307
0.1251;0.10341946
0.1276;0.10362468
0.1327;0.10390005
0.1348;0.10435251
0.1387;0.10476843
0.1373;0.10525069
0.1369;0.10550305
0.139;0.10565042
0.148;0.10585112
0.1517;0.10643847
0.1566;0.10701368
0.1577;0.10764459
0.1594;0.10811616
0.1641;0.10851017
0.1668;0.10900271
0.1661;0.10945712
0.1649;0.10971195
0.1664;0.1098065
0.1681;0.10993027
0.1732;0.11008335
0.1746;0.11043213
0.1746;0.11072393
0.1776;0.11090842
0.1857;0.11117465
0.1881;0.11175685
0.1912;0.11225934
0.1946;0.11274689
0.1972;0.11323795
0.1983;0.11368895
0.1979;0.11403508
0.1998;0.11423265
0.197;0.11444758
0.1938;0.11443141
0.1894;0.11424107
0.1868;0.11387176
0.1839;0.11347596
0.1783;0.11304864
0.1755;0.11246519
0.1746;0.11192451
0.1744;0.11151227
0.1752;0.11122601
0.1726;0.11107951
0.1749;0.11085511
0.1728;0.11083207
0.1692;0.11071745
0.1649;0.11046612
0.1717;0.11008582
0.1687;0.11018701
0.1703;0.11010666
0.172;0.11014508
0.1731;0.11026525
0.1754;0.11040941
0.1789;0.11063051
0.1849;0.11096328
0.1871;0.11149815
0.1957;0.11197206
0.2016;0.11273337
0.2042;0.11354491
0.2066;0.11421993
0.2069;0.11479004
0.2059;0.11517718
0.2114;0.1153715
0.2106;0.11576825
0.2116;0.1159744
0.2135;0.11614808
0.2103;0.11634513
0.2085;0.11629615
0.2142;0.11615614
0.2127;0.11634058
0.2115;0.11637308
0.21;0.11632447
0.1998;0.11620583
0.1941;0.11559349
0.1961;0.11488359
0.1926;0.11450255
0.1826;0.11406199
0.1737;0.11325464
0.1669;0.11226093
0.1528;0.1112503
0.1473;0.10985684
0.1425;0.10865301
0.1395;0.10761344
0.1329;0.10678291
0.1325;0.10591342
0.1308;0.10533942
0.1309;0.10489741
0.1316;0.10463867
0.1341;0.10453316
0.1373;0.10462166
0.1431;0.10487399
0.148;0.10536686
0.1476;0.10597149
0.1475;0.10637639
0.1509;0.10665824
0.1498;0.10702988
0.1495;0.10722604
0.1456;0.10734351
0.1425;0.10722008
0.1369;0.10697456
0.1262;0.10651732
0.1284;0.10565802
0.1228;0.10518976
0.1175;0.10458467
0.1111;0.10391115
0.1073;0.10313778
0.0998;0.10243308
0.091;0.10158808
0.0855;0.10058689
0.0785;0.09965116
0.0779;0.09868477
0.075;0.09802724
0.0723;0.09746168
0.0695;0.09697216
0.0702;0.09652951
0.0673;0.09629633
0.0595;0.09601966
0.0522;0.09546497
0.0461;0.09474741
0.0411;0.09397824
0.0352;0.09322902
0.0291;0.0924478
0.0289;0.09163631
0.0229;0.09110426
0.0205;0.0904664
0.0178;0.08994289
0.0148;0.08947986
0.0156;0.08904295
0.0097;0.0888155
0.0095;0.08838881
0.0071;0.08811717
0.005;0.08783518
0.0019;0.08756129
-0.0037;0.08724084
-0.0085;0.08676177
-0.0123;0.08621553
-0.0126;0.08567318
-0.0102;0.08530972
-0.0074;0.08520279
-0.0082;0.08528941
-0.007;0.08532529
-0.0037;0.08542764
0.0028;0.08567785
0.0059;0.08618683
0.0106;0.0866961
0.0123;0.08728503
0.0207;0.08777211
0.0224;0.08852636
0.023;0.08911698
0.0266;0.08954097
0.0307;0.09000059
0.0344;0.09050592
0.0335;0.09102053
0.0313;0.09130786
0.0309;0.0913761
0.0318;0.09138643
0.032;0.09142281
0.0258;0.09144239
0.0143;0.09112912
0.0097;0.09032683
0.0008;0.0895457
-0.0073;0.08856225
-0.0125;0.08748925
-0.014;0.08650672
-0.0145;0.08577638
-0.02;0.08527135
-0.0282;0.08467115
-0.0328;0.08387519
-0.0345;0.08313001
-0.0406;0.08256461
-0.0386;0.08190002
-0.0396;0.08157831
-0.0413;0.081335
-0.0449;0.08111092
-0.0441;0.08080334
-0.0451;0.08065925
-0.0502;0.08053188
-0.0496;0.080209
-0.0508;0.08003975
-0.0513;0.0798801
-0.0516;0.07976195
-0.0538;0.07968052
-0.0613;0.07952738
-0.0665;0.07905909
-0.0695;0.07849377
-0.0744;0.07797164
-0.0764;0.07738357
-0.0797;0.07689852
-0.0811;0.07641841
-0.0843;0.07603893
-0.0851;0.07563788
-0.088;0.07534384
-0.0886;0.07501663
-0.0888;0.07478296
-0.0901;0.07463152
-0.0912;0.07448026
-0.0918;0.07433874
-0.0877;0.07422771
-0.0888;0.07437123
-0.0883;0.07442423
-0.0892;0.07449674
-0.0893;0.07450976
-0.0863;0.07452136
-0.0829;0.07468528
-0.0807;0.07497029
-0.08;0.07527625
-0.0792;0.07552033
-0.0743;0.07572621
-0.0695;0.07610969
-0.0685;0.07660583
-0.0611;0.07698692
-0.0578;0.07761061
-0.051;0.0781891
-0.0448;0.07891262
-0.0427;0.07970117
-0.0292;0.08032627
-0.0179;0.08141259
-0.0121;0.0826951
-0.0036;0.08383361
0.003;0.08500934
0.0104;0.08610982
0.0181;0.08719727
0.0204;0.08828794
0.0193;0.08910593
0.0199;0.08956748
0.0214;0.0898727
0.0219;0.0901166
0.0171;0.09026995
0.0155;0.09009751
0.0139;0.08987094
0.0127;0.08960984
0.0058;0.08935029
-0.002;0.08880873
-0.0058;0.08803744
-0.0076;0.08731645
-0.0114;0.08673359
-0.0108;0.08614818
-0.0116;0.08578809
-0.0123;0.08551196
-0.0112;0.08530106
-0.0104;0.08522628
-0.0083;0.08522834
-0.0068;0.08534785
-0.0058;0.08551519
-0.0041;0.08568835
0.0039;0.08589893
0.0091;0.08645017
0.0141;0.08708664
0.0236;0.08777007
0.0268;0.08870956
0.0294;0.08949907
0.0309;0.09015565
0.0313;0.09066226
0.0335;0.09100858
0.038;0.09133542
0.0413;0.09176364
0.0457;0.09219905
0.0517;0.09269612
0.054;0.09331593
0.0556;0.09383114
0.0562;0.09424143
0.0549;0.09452935
0.0563;0.09463812
0.0569;0.09476321
0.0556;0.09485859
0.045;0.09483963
0.0435;0.09427439
0.0386;0.09380539
0.0354;0.09322777
0.0319;0.09266859
0.0328;0.09211008
0.034;0.0917789
0.0334;0.09161891
0.0364;0.09148701
0.0405;0.09155875
0.0444;0.09182316
0.0512;0.09220766
0.0504;0.0928194
0.0549;0.09319666
0.0622;0.09368379
0.0634;0.09438138
0.0673;0.09490862
0.0682;0.09545719
0.0731;0.09586336
0.0768;0.09637503
0.0778;0.09689362
0.0802;0.09727929
0.0809;0.09764595
0.0849;0.09791163
0.0862;0.09827708
0.0901;0.09857165
0.0918;0.09895219
0.0962;0.09927832
0.0992;0.09970653
0.0986;0.10013165
0.0978;0.10037256
0.1007;0.10047965
0.1053;0.10068402
0.103;0.10104
0.1015;0.10114808
0.0967;0.10113271
0.096;0.1008651
0.093;0.10063762
0.0928;0.10032006
0.0858;0.10008777
0.0803;0.09956867
0.0815;0.0989373
0.081;0.09857173
0.0841;0.09830028
0.087;0.09827997
0.0856;0.09842018
0.0892;0.0984518
0.09;0.09866549
0.093;0.09885647
0.0912;0.09914408
0.0887;0.09924992
0.0838;0.09919723
0.0817;0.098913
0.0798;0.09861415
0.0773;0.09831419
0.0726;0.09798422
0.0662;0.09752386
0.0595;0.09689138
0.0531;0.0961294
0.0503;0.09529725
0.0463;0.09460287
0.0457;0.09394281
0.0491;0.09348232
0.049;0.09336079
0.0503;0.0932918
0.0547;0.09333151
0.0602;0.09360021
0.0679;0.09407686
0.0746;0.09480357
0.0801;0.09564491
0.0822;0.09649939
0.0899;0.0971854
0.0962;0.09803801
0.1047;0.09892509
0.1076;0.09994476
0.1118;0.10076445
0.1183;0.10151386
0.1197;0.10232858
0.124;0.10292429
0.1285;0.10352018
0.1314;0.1041237
0.1343;0.10465067
0.1378;0.10512669
0.1437;0.10559905
0.1474;0.10619208
0.1462;0.10675462
0.1502;0.107048
0.1525;0.10742713
0.1519;0.10777529
0.158;0.10795654
0.1612;0.10836969
0.1662;0.10878988
0.1684;0.10931041
0.1654;0.10975547
0.1646;0.10988463
0.1706;0.10991408
0.1736;0.1102229
0.1671;0.11056588
0.1639;0.1104488
0.1579;0.11019374
0.1523;0.1096999
0.149;0.1090683
0.1477;0.10846371
0.1411;0.10798278
0.1404;0.10731836
0.1308;0.10683788
0.134;0.10602739
0.1383;0.10565508
0.1383;0.10563215
0.1394;0.10562946
0.1457;0.10569973
0.1465;0.10608367
0.154;0.10639495
0.159;0.10700051
0.1608;0.10767107
0.1495;0.10822002
0.1553;0.10801262
0.1486;0.10816979
0.1422;0.1079221
0.1396;0.1074224
0.1375;0.1069456
0.1351;0.10650984
0.1273;0.10608976
0.1294;0.10540774
0.1326;0.10505941
0.1344;0.10499128
0.1337;0.10504476
0.1332;0.10505525
0.1325;0.10504773
0.135;0.10501638
0.1362;0.10513138
0.1334;0.10527656
0.1326;0.10523752
0.1303;0.10517613
0.1281;0.10502029
0.1285;0.10480566
0.1266;0.10468369
0.1236;0.10450617
0.1266;0.10423668
0.127;0.10421213
0.122;0.10421862
0.1208;0.10397267
0.1142;0.10375192
0.1126;0.10327017
0.107;0.10286985
0.1063;0.10231892
0.1051;0.10191957
0.1017;0.10159666
0.0928;0.10121574
0.0919;0.10051759
0.0865;0.1000151
0.0841;0.099413
0.0851;0.09890043
0.0835;0.09862135
0.075;0.09836809
0.076;0.09778343
0.0713;0.09745998
0.0677;0.0970186
0.0658;0.09655669
0.0628;0.0961663
0.0626;0.09576787
0.0595;0.09550688
0.061;0.09519046
0.0577;0.09507126
0.0549;0.09483926
0.0546;0.09455782
0.0498;0.09436813
0.0515;0.0940104
0.0549;0.09386996
0.0593;0.09395952
0.0614;0.09425516
0.0598;0.09457267
0.0629;0.0947163
0.071;0.09497939
0.0794;0.09557253
0.0873;0.096401
0.0979;0.09736189
0.1054;0.09854719
0.1119;0.09972181
0.1146;0.10083531
0.1174;0.10170867
0.123;0.10242093
0.1244;0.10316237
0.1298;0.1037057
0.1301;0.10431957
0.1266;0.10471844
0.1233;0.10478036
0.1192;0.10462591
0.1102;0.10428514
0.1031;0.10357167
0.0996;0.10270898
0.0945;0.10193256
0.0895;0.10113815
0.0841;0.1003444
0.0757;0.09953662
0.0648;0.09857225
0.0538;0.09738075
0.0494;0.09603554
0.0464;0.09492528
0.038;0.09404693
0.0376;0.09305626
0.0307;0.09240056
0.0285;0.0916406
0.0298;0.09105232
0.0165;0.09075515
0.0137;0.08991443
0.0102;0.08924202
0.0075;0.08864117
0.0013;0.08812953
-0.0029;0.08750053
0.0017;0.08689387
0.0013;0.08674479
-0.0001;0.08664909
-0.0025;0.08654068
-0.0034;0.08637109
-0.0051;0.0862335
-0.0085;0.08607405
-0.0093;0.08581235
-0.0135;0.08561143
-0.02;0.08527765
-0.0254;0.08473863
-0.0281;0.0841163
-0.033;0.08357313
-0.0355;0.08297294
-0.0357;0.08245743
-0.0477;0.08211536
-0.0482;0.08129785
-0.0574;0.08074206
-0.0585;0.07992207
-0.0624;0.07933524
-0.0617;0.07876351
-0.0666;0.0784357
-0.0699;0.07799102
-0.0684;0.07754996
-0.0783;0.07735064
-0.0855;0.07674121
-0.0792;0.07599322
-0.0824;0.0758253
-0.0845;0.07556973
-0.0803;0.07531421
-0.0781;0.07537252
-0.0756;0.07553988
-0.0742;0.07579564
-0.0697;0.07605366
-0.0665;0.07646616
-0.0605;0.07691395
-0.0543;0.07752373
-0.0561;0.07824911
-0.0499;0.07864816
-0.0509;0.07922697
-0.0574;0.07955959
-0.0616;0.07944991
-0.0602;0.07915576
-0.0641;0.07901586
-0.0686;0.0787142
-0.0775;0.07827734
-0.084;0.07753099
-0.0896;0.07669964
-0.0888;0.07585824
-0.0876;0.07533421
-0.091;0.0750474
-0.0921;0.07469507
-0.0862;0.07441717
-0.0843;0.07453974
-0.081;0.07473157
-0.0711;0.07504147
-0.0615;0.07575946
-0.0571;0.07673442
-0.0543;0.07762001
-0.0501;0.07836189
-0.0466;0.07907155
-0.0506;0.07971867
-0.0534;0.07994319
-0.0552;0.07994106
-0.0585;0.07983278
-0.058;0.07957701
-0.0613;0.07941402
-0.0627;0.07912435
-0.0605;0.07884856
-0.0617;0.07876467
-0.0584;0.07864206
-0.058;0.07872261
-0.0566;0.07879536
-0.0517;0.07891521
-0.0543;0.07924232
-0.0547;0.07933222
-0.0557;0.07937388
-0.0561;0.07935046
-0.0534;0.07931276
-0.0419;0.07942047
-0.0392;0.08006767
-0.0397;0.08063615
-0.0325;0.0809933
-0.0294;0.08159269
-0.0256;0.082145
-0.0222;0.08270066
-0.0163;0.08323599
-0.0058;0.0838817
0.0007;0.08483145
0.0114;0.08578318
0.0167;0.08694813
0.0248;0.0879812
0.0293;0.08906572
0.0376;0.08999886
0.0385;0.09102022
0.045;0.09172327
0.045;0.09249508
0.0438;0.09298078
0.0455;0.09321433
0.0422;0.0934241
0.0424;0.09336501
0.0426;0.09330554
0.047;0.09324735
0.039;0.09340668
0.033;0.0930882
0.0342;0.09255553
0.0366;0.09224302
0.0323;0.09214141
0.0482;0.09184803
0.0582;0.09245265
0.0619;0.09336192
0.0651;0.0941635
0.069;0.09486694
0.0739;0.09553526
0.0817;0.09622625
0.0833;0.0970763
0.0862;0.09771541
0.0906;0.09827765
0.0951;0.09886056
0.0976;0.09946037
0.0988;0.09996913
0.0982;0.10035019
0.0943;0.10055304
0.0907;0.10046784
0.0918;0.10020465
0.0905;0.1000613
0.0832;0.0998783
0.0818;0.09936837
0.08;0.0989426
0.0755;0.09855393
0.0731;0.09805784
0.0703;0.09760027
0.0739;0.0971506
0.07;0.09703455
0.0731;0.09676342
0.0763;0.09674805
0.078;0.09690825
0.0832;0.09711175
0.0888;0.09752239
0.0874;0.09809052
0.0915;0.09840717
0.0947;0.09883312
0.0922;0.09928124
0.088;0.09945247
0.0862;0.09934945
0.0809;0.09918112
0.0735;0.09878873
0.0685;0.09814046
0.0593;0.09744333
0.0556;0.0965018
0.0548;0.09567983
0.0535;0.09508785
0.0484;0.09463028
0.0429;0.09407546
0.0406;0.09343866
0.0411;0.09290999
0.0399;0.09259642
0.0326;0.09234271
0.0282;0.09182199
0.0275;0.09126929
0.0288;0.09087998
0.0318;0.09070124
0.035;0.09075087
0.0343;0.09096438
0.0406;0.09109017
0.0456;0.09151024
0.0512;0.09205797
0.0481;0.09272065
0.0562;0.09301627
0.0625;0.0936306
0.0633;0.09436075
0.0684;0.09488905
0.072;0.09549804
0.0751;0.09608039
0.077;0.09661787
0.0798;0.09706222
0.0851;0.09748808
0.0864;0.09802692
0.0887;0.09843773
0.0906;0.09881419
0.0933;0.09914605
0.0981;0.0994887
0.0949;0.09994555
0.0899;0.10007256
0.0867;0.09988832
0.0883;0.09958521
0.091;0.09944613
0.0947;0.09947518
0.0967;0.0996723
0.0978;0.09989921
0.0949;0.10010277
0.1005;0.10008755
0.1016;0.10035802
0.1053;0.10058922
0.1074;0.10092899
0.1044;0.10125913
0.1143;0.10132306
0.1213;0.10186499
0.1246;0.10257673
0.1277;0.103217
0.1291;0.10379854
0.1297;0.10425083
0.1332;0.104573
0.1367;0.10495351
0.1366;0.10537132
0.1377;0.10563061
0.1398;0.10584522
0.139;0.10607982
0.1425;0.10617994
0.1418;0.10641087
0.1437;0.10651471
0.1441;0.10666867
0.1424;0.10677942
0.1391;0.10675544
0.1371;0.10656004
0.1375;0.10631651
0.137;0.10616372
0.1381;0.10602763
0.1379;0.10598753
0.143;0.1059472
0.1485;0.10617962
0.1511;0.10661598
0.1574;0.10704288
0.1588;0.10765325
0.1599;0.10813343
0.1685;0.10851013
0.169;0.10919795
0.1653;0.10967613
0.1622;0.10979947
0.1608;0.10971195
0.1635;0.10956655
0.1651;0.10959163
0.1674;0.1096761
0.1658;0.10983978
0.1661;0.10985865
0.1664;0.1098796
0.1658;0.10990133
0.1616;0.10987855
0.1623;0.1096423
0.1674;0.10951484
0.1708;0.10968507
0.172;0.10997006
0.1695;0.11022245
0.1715;0.11026367
0.1733;0.11039294
0.1755;0.11056823
0.1772;0.11079539
0.1748;0.11103163
0.1749;0.11106338
0.1669;0.11108588
0.1636;0.11068451
0.1664;0.11024095
0.1731;0.11007936
0.177;0.11030882
0.1857;0.11066142
0.1821;0.11134703
0.1808;0.11162418
0.1814;0.11174671
0.1823;0.11185676
0.1829;0.11197125
0.1848;0.11207277
0.1842;0.11223229
0.1908;0.11230212
0.1901;0.11268239
0.1909;0.11289468
0.1891;0.11307429
0.189;0.11309605
0.1863;0.1130989
0.1904;0.11295424
0.1883;0.11306083
0.1914;0.11301678
0.1818;0.11314256
0.1874;0.11272875
0.1865;0.11273689
0.1927;0.1126895
0.1928;0.11297538
0.1855;0.11317093
0.1916;0.11292874
0.1975;0.11308035
0.2012;0.11348102
0.2026;0.11393949
0.2092;0.11431964
0.2166;0.11491349
0.217;0.11568882
0.2231;0.11622509
0.233;0.11689375
0.2343;0.11784186
0.2378;0.11853269
0.2402;0.11916479
0.242;0.11969539
0.2441;0.12012479
0.2436;0.12050002
0.2427;0.12070353
0.2398;0.12077154
0.2411;0.12064517
0.2408;0.12060627
0.2391;0.12054431
0.2363;0.12039874
0.2318;0.12014307
0.225;0.11972809
0.2164;0.11908983
0.2074;0.1182115
0.2;0.11715409
0.1876;0.11606216
0.182;0.1146942
0.1739;0.11349715
0.1651;0.11228956
0.1578;0.11104665
0.1453;0.10986211
0.1362;0.10845411
0.1368;0.10707548
0.1299;0.10621437
0.1156;0.10531878
0.1063;0.10402837
0.1077;0.10272989
0.1068;0.10196942
0.1077;0.10145224
0.1156;0.10119449
0.1184;0.10146786
0.1194;0.10183483
0.1236;0.10217199
0.1294;0.10264686
0.1321;0.10328867
0.1348;0.10387846
0.1356;0.10442851
0.1414;0.10484822
0.1422;0.10543095
0.1399;0.1058617
0.1456;0.1060303
0.1395;0.10642865
0.1349;0.10637318
0.1366;0.10609243
0.1344;0.10597908
0.1321;0.10577836
0.1275;0.10551805
0.1236;0.10510192
0.1214;0.10461934
0.1187;0.10418051
0.1131;0.103748
0.1149;0.103175
0.1155;0.10288826
0.1166;0.10273302
0.1094;0.10269558
0.1043;0.10231518
0.1016;0.10181306
0.1028;0.10134871
0.0995;0.10110805
0.0993;0.10078911
0.0948;0.10057824
0.0942;0.10021988
0.0883;0.09996229
0.0853;0.09950074
0.0848;0.09905129
0.082;0.0987356
0.0817;0.09839309
0.076;0.0981614
0.0658;0.09772906
0.0623;0.09693456
0.0566;0.0962368
0.0548;0.09549025
0.0499;0.09491194
0.0502;0.09429047
0.0486;0.09390697
0.043;0.09358704
0.0393;0.09310918
0.0413;0.09262209
0.0437;0.09241597
0.04;0.09241798
0.0459;0.09225161
0.0491;0.09245899
0.0573;0.09277647
0.0703;0.09342191
0.0807;0.09452855
0.0871;0.09581108
0.0943;0.09700631
0.106;0.09817838
0.1168;0.09955651
0.122;0.10102087
0.1314;0.10225358
0.1368;0.10354043
0.1365;0.10465255
0.1406;0.10535327
0.1409;0.10599861
0.1361;0.10640819
0.1253;0.1063996
0.1228;0.10580461
0.1193;0.10524074
0.1031;0.10464784
0.1023;0.1033963
0.0963;0.10249598
0.0961;0.10156877
0.0956;0.10093045
0.0906;0.10047712
0.0868;0.09992641
0.081;0.09937649
0.078;0.09872672
0.0768;0.09815421
0.0663;0.09772547
0.0626;0.09692216
0.059;0.09621543
0.0529;0.09557604
0.0463;0.09485688
0.0418;0.09406055
0.0352;0.09331928
0.0267;0.09250891
0.0233;0.09155762
0.017;0.09077089
0.0096;0.08994775
0.0087;0.08904736
0.0063;0.08842453
0.0027;0.08791201
0.0012;0.08741517
0.0009;0.08703528
0.0013;0.08679329
-0.0004;0.08667842
-0.0031;0.08654168
-0.0017;0.08633823
0.0132;0.08629428
0.0301;0.08703625
0.0391;0.08840555
0.058;0.08979822
0.0627;0.09170677
0.07;0.09323335
0.0821;0.0946307
0.0973;0.09617318
0.0988;0.09796271
0.0995;0.09921591
0.1118;0.10006482
0.1103;0.10122415
0.1085;0.10188333
0.105;0.10219399
0.1028;0.1021807
0.0993;0.10201623
0.095;0.10168619
0.0905;0.10120921
0.0974;0.10062889
0.0933;0.10056489
0.0998;0.1002934
0.1016;0.10043191
0.1049;0.10060815
0.1052;0.10089193
0.109;0.10109618
0.107;0.10142602
0.1051;0.10154317
0.1013;0.10152303
0.0986;0.10131144
0.1015;0.1010265
0.0969;0.10097684
0.0919;0.10070384
0.0859;0.10026439
0.0803;0.09966206
0.0735;0.09897178
0.0683;0.09816308
0.0578;0.09735908
0.0484;0.09629188
0.0407;0.09510837
0.0304;0.09393533
0.024;0.09264135
0.0201;0.09146871
0.0145;0.09050721
0.0089;0.08960582
0.0045;0.08874895
0.0001;0.08798457
-0.0093;0.08728303
-0.0162;0.086372
-0.0213;0.08544707
-0.0301;0.0846018
-0.0354;0.08362345
-0.0409;0.08273322
-0.0507;0.08189118
-0.0507;0.08086616
-0.0502;0.08021208
-0.0367;0.07983037
-0.0361;0.08028737
-0.0332;0.0806578
-0.034;0.08108792
-0.0401;0.08136543
-0.0295;0.08126843
-0.0217;0.08175459
-0.0116;0.08248422
-0.0017;0.08349393
0.0013;0.08467901
0.0108;0.08563036
0.0128;0.08674856
0.0198;0.08759259
0.026;0.08850178
0.0361;0.08940822
0.0417;0.09050775
0.0525;0.09150682
0.0572;0.09270115
0.0614;0.09371459
0.0704;0.09458081
0.0739;0.09558846
0.078;0.09640986
0.0818;0.09713729
0.0827;0.09778475
0.0831;0.09823088
0.0823;0.09851698
0.0809;0.09863486
0.0832;0.09861075
0.0835;0.09868128
0.0858;0.09871642
0.0863;0.0988341
0.0845;0.09891874
0.0824;0.09886788
0.0805;0.09871297
0.0792;0.09849964
0.0804;0.09827928
0.0809;0.09818336
0.0807;0.09813773
0.0801;0.0980932
0.0774;0.09803075
0.0733;0.09785043
0.0701;0.09752045
0.0662;0.09713577
0.0614;0.09667896
0.056;0.09612948
0.0562;0.09548897
0.0523;0.09507312
0.0477;0.09460153
0.0433;0.09406105
0.0426;0.09348567
0.0401;0.09307534
0.0365;0.09268548
0.036;0.09225592
0.0447;0.09195743
0.0522;0.09221262
0.054;0.09277903
0.0542;0.09326766
0.0514;0.09362179
0.0501;0.09372845
0.0511;0.0937404
0.0466;0.09380077
0.0464;0.09361241
0.0427;0.0934751
0.0386;0.0931926
0.0388;0.09279374
0.0395;0.09253485
0.0344;0.09239583
0.0338;0.09204626
0.031;0.09178566
0.0325;0.09147271
0.0344;0.09134426
0.0336;0.0913602
0.0375;0.09133821
0.0416;0.09152956
0.0431;0.09187295
0.0412;0.09218692
0.045;0.09230806
0.0472;0.09258613
0.0398;0.09288487
0.0405;0.09271074
0.0426;0.09262873
0.0434;0.09267502
0.0453;0.09274282
0.0608;0.09288219
0.0664;0.09375929
0.0738;0.09462957
0.0818;0.09559084
0.0864;0.09663997
0.1025;0.09757198
0.1115;0.09900696
0.1254;0.10041326
0.1366;0.10205019
0.15;0.10369926
0.1617;0.105466
0.1729;0.10722002
0.1787;0.10893621
0.1822;0.11034569
0.1812;0.1114271
0.1798;0.11205209
0.1811;0.11234685
0.1794;0.11255612
0.1775;0.11255538
0.1734;0.11240841
0.1737;0.11205503
0.1635;0.11179434
0.1652;0.11106319
0.1642;0.11063427
0.1652;0.11027224
0.1736;0.11006699
0.1681;0.11035153
0.1694;0.11025701
0.1701;0.11026292
0.173;0.11030213
0.1779;0.11047769
0.1838;0.11084739
0.1867;0.11139905
0.189;0.11191899
0.1898;0.11238604
0.1943;0.11273747
0.2015;0.11319841
0.2049;0.11386848
0.2013;0.11448275
0.2048;0.11469962
0.2037;0.11501291
0.1962;0.1151492
0.1968;0.11483901
0.1961;0.11464553
0.2003;0.11446113
0.199;0.11453921
0.1948;0.11451313
0.1941;0.11427302
0.1931;0.11407001
0.1915;0.11387613
0.1912;0.11365992
0.19;0.11349745
0.188;0.11332612
0.1867;0.11310951
0.1884;0.11289954
0.1907;0.11284856
0.1872;0.11293574
0.1813;0.11281915
0.1778;0.11244378
0.1938;0.11201627
0.1908;0.11255354
0.1902;0.112761
0.1889;0.11287985
0.197;0.11289783
0.19;0.11332905
0.1874;0.11325829
0.1902;0.11308058
0.197;0.11310261
0.203;0.11346328
0.2074;0.11401192
0.217;0.1146067
0.2223;0.11549994
0.2273;0.11636939
0.2327;0.11720698
0.2319;0.11803961
0.2329;0.11854509
0.2354;0.11892113
0.2334;0.11928252
0.234;0.11940014
0.2296;0.11948907
0.2213;0.11929966
0.2199;0.118725
0.216;0.11824855
0.212;0.11770972
0.2055;0.11713024
0.2035;0.11639926
0.204;0.11580292
0.1992;0.11542837
0.1936;0.11493494
0.1869;0.11432577
0.1868;0.11358351
0.1963;0.11309241
0.199;0.11326362
0.1994;0.11353242
0.1964;0.11375386
0.192;0.11376657
0.1825;0.1135638
0.1827;0.11294983
0.1832;0.11255606
0.1857;0.11232122
0.1831;0.11229883
0.1842;0.11215858
0.188;0.11213144
0.191;0.11231681
0.1918;0.11260359
0.1969;0.11284564
0.1974;0.11327767
0.1957;0.11359739
0.1932;0.11372813
0.1911;0.11368758
0.201;0.11354966
0.2015;0.11396153
0.1977;0.11425745
0.2015;0.11425974
0.1992;0.11445423
0.1912;0.11446018
0.1807;0.11404876
0.1855;0.11322837
0.1908;0.11291815
0.1956;0.11297458
0.2038;0.11325929
0.2059;0.11387667
0.2078;0.11440463
0.2063;0.11486335
0.2031;0.11509646
0.2052;0.11508756
0.2002;0.11518517
0.1992;0.11498567
0.1939;0.11479447
0.1859;0.11438567
0.1799;0.11369456
0.1712;0.11291781
0.1667;0.11194624
0.1627;0.11106369
0.1567;0.11026943
0.1516;0.10943751
0.1442;0.1086315
0.1352;0.10772806
0.1226;0.10668086
0.1154;0.10535546
0.1038;0.10412186
0.0958;0.10272615
0.0909;0.10141069
0.0768;0.10030909
0.0712;0.09888609
0.0817;0.09768558
0.0712;0.09745247
0.0734;0.09680112
0.0739;0.09652376
0.0652;0.09640352
0.0561;0.09592044
0.0543;0.09517181
0.0589;0.09461
0.0593;0.09449403
0.0624;0.09446336
0.0641;0.09462856
0.0636;0.09485122
0.0696;0.09499843
0.0691;0.09542185
0.0776;0.09569528
0.0843;0.09632432
0.0893;0.0970951
0.0937;0.09787354
0.0985;0.0986233
0.1072;0.09936983
0.1124;0.10030862
0.116;0.10119434
0.1155;0.10196115
0.111;0.1024354
0.1109;0.10250603
0.11;0.10252692
0.1018;0.10247097
0.0951;0.10199352
0.0884;0.10131282
0.0816;0.10049674
0.0789;0.0995889
0.0755;0.09883324
0.0751;0.09814946
0.0724;0.0976733
0.0777;0.09722432
0.0786;0.09720487
0.0755;0.09725153
0.0753;0.09714282
0.0737;0.09707659
0.0758;0.09696458
0.0744;0.09700885
0.0788;0.09697799
0.0748;0.09719142
0.0743;0.09713919
0.0739;0.09708724
0.0717;0.09703664
0.0721;0.09689463
0.0665;0.09682291
0.0618;0.09649246
0.0591;0.09603518
0.0564;0.095593
0.0492;0.09516139
0.0482;0.0945106
0.0468;0.09402952
0.0491;0.09364214
0.0521;0.09350856
0.05;0.09358258
0.0542;0.09353927
0.0614;0.09373757
0.0648;0.0942475
0.0655;0.09477342
0.0646;0.09517238
0.0655;0.0954014
0.0609;0.09560341
0.0555;0.0955041
0.052;0.09516066
0.046;0.09474732
0.0382;0.09415956
0.0319;0.09336567
0.0268;0.09251161
0.0134;0.09168034
0.0017;0.0904486
-0.0054;0.0890398
-0.0116;0.08774679
-0.0203;0.08658116
-0.0296;0.08538125
-0.0333;0.0841338
-0.0413;0.08314006
-0.0507;0.0821025
-0.0563;0.08096944
-0.0607;0.07996453
-0.0692;0.07910614
-0.0701;0.0781417
-0.071;0.07748877
-0.0667;0.07704328
-0.0654;0.07699884
-0.062;0.07707185
-0.0616;0.07732827
-0.0523;0.07755318
-0.0562;0.07820003
-0.0503;0.07846113
-0.0339;0.07895327
-0.0345;0.08012038
-0.0335;0.08088233
-0.0425;0.08145226
-0.0493;0.08138189
-0.0499;0.08098762
-0.0555;0.08068166
-0.0622;0.08018259
-0.0651;0.07950222
-0.0668;0.07889294
-0.0712;0.07839418
-0.0733;0.07783886
-0.0685;0.07736518
-0.0663;0.07729462
-0.0552;0.07736702
-0.0561;0.07798534
-0.0606;0.07836834
-0.0479;0.07841393
-0.0391;0.07909142
-0.0318;0.07999244
-0.0183;0.08096968
-0.0166;0.08230755
-0.0123;0.08328936
-0.0065;0.08416019
-0.0066;0.0850243
-0.0001;0.08558191
0.0006;0.08626356
0.0013;0.08673209
0.0012;0.08705788
0.002;0.08724596
0.0021;0.08738697
0.0015;0.08746194
-0.0067;0.0874593
-0.0072;0.08702368
-0.0079;0.08668807
-0.0091;0.08641008
-0.0037;0.08615043
-0.0017;0.08623982
0.0016;0.08639529
0.0058;0.086665
0.0102;0.08705769
0.0128;0.08754349
0.0123;0.08800052
0.0088;0.08828053
0.0114;0.08828799
0.0096;0.08841774
0.0091;0.08840483
0.0075;0.08836295
0.0091;0.08824559
0.0069;0.08823987
0.0023;0.08811788
-0.0006;0.08779889
-0.0041;0.08743399
-0.0134;0.08700825
-0.0106;0.08625134
-0.0134;0.08588433
-0.0134;0.08549703
